Botany2025/data/05_ENMs/Pyxidanthera_brevifolia_ENM_optModel.asc
ncols        228
nrows        171
xllcorner    -80.491666666667
yllcorner    34.225000000000
cellsize     0.008333333333
NODATA_value -9999
[rows 76 to 94 of 171, columns 86 to 128 of 228]
0.34168422222137451172 0.31980800628662109375 0.29708510637283325195 0.3074944913387298584 0.27895021438598632812 0.28774315118789672852 0.28851616382598876953 0.25577858090400695801 0.21999414265155792236 0.2249599844217300415 0.2488896101713180542 0.27155742049217224121 0.28194528818130493164 0.23387023806571960449 0.24078710377216339111 0.25159224867820739746 0.26141971349716186523 0.2939313352108001709 0.30264604091644287109 0.29944655299186706543 0.27297428250312805176 0.28770226240158081055 0.29548406600952148438 0.35724747180938720703 0.36639419198036193848 0.41246965527534484863 0.37288954854011535645 0.3775730431079864502 0.38419103622436523438 0.35183069109916687012 0.3432922661304473877 0.39474439620971679688 0.38799694180488586426 0.40944740176200866699 0.38990879058837890625 0.4312852323055267334 0.41605767607688903809 0.39920526742935180664 0.37711155414581298828 0.3631522059440612793 0.3803538978099822998 0.36721003055572509766 0.39576950669288635254
0.3177433013916015625 0.27638274431228637695 0.26323807239532470703 0.26646444201469421387 0.27523368597030639648 0.24618314206600189209 0.2679201960563659668 0.24215468764305114746 0.21633951365947723389 0.26144900918006896973 0.26862052083015441895 0.24240203201770782471 0.23002062737941741943 0.228098258376121521 0.24414764344692230225 0.26285308599472045898 0.26861995458602905273 0.29944655299186706543 0.27223455905914306641 0.30908057093620300293 0.30989760160446166992 0.29158318042755126953 0.31479045748710632324 0.33897042274475097656 0.39866307377815246582 0.43229615688323974609 0.40311607718467712402 0.38039860129356384277 0.37287938594818115234 0.37193402647972106934 0.37100145220756530762 0.41244679689407348633 0.43642726540565490723 0.47341963648796081543 0.45524841547012329102 0.4478804469108581543 0.42008829116821289062 0.3803545832633972168 0.39530539512634277344 0.42978700995445251465 0.40458527207374572754 0.3737424015998840332 0.37657630443572998047
0.32445359230041503906 0.28392276167869567871 0.24579870700836181641 0.25370690226554870605 0.25443467497825622559 0.23517753183841705322 0.23517753183841705322 0.228098258376121521 0.23517753183841705322 0.25164955854415893555 0.2345231175422668457 0.21394370496273040771 0.22310875356197357178 0.24109880626201629639 0.25261834263801574707 0.30026510357856750488 0.31980800628662109375 0.31897127628326416016 0.28270599246025085449 0.30910217761993408203 0.37196585536003112793 0.3545525968074798584 0.36272281408309936523 0.4055289924144744873 0.4210802614688873291 0.45523691177368164062 0.40607529878616333008 0.37287938594818115234 0.42108798027038574219 0.4312744140625 0.39961865544319152832 0.42616474628448486328 0.45418837666511535645 0.4558092951774597168 0.45160761475563049316 0.43747070431709289551 0.4246501922607421875 0.41552674770355224609 0.40906509757041931152 0.40214946866035461426 0.38089585304260253906 0.4055907130241394043 0.3803538978099822998
0.29983213543891906738 0.25579792261123657227 0.21877990663051605225 0.22941946983337402344 0.24350059032440185547 0.21635165810585021973 0.19796112179756164551 0.18702386319637298584 0.20420044660568237305 0.19537688791751861572 0.18776513636112213135 0.18722611665725708008 0.22559180855751037598 0.2325690537691116333 0.24847468733787536621 0.271556854248046875 0.28423225879669189453 0.2919292449951171875 0.31238034367561340332 0.37665280699729919434 0.39965203404426574707 0.38708102703094482422 0.39672270417213439941 0.41604018211364746094 0.39334502816200256348 0.41403692960739135742 0.41004535555839538574 0.40509134531021118164 0.42718049883842468262 0.44944751262664794922 0.4271838068962097168 0.4442151486873626709 0.46220034360885620117 0.43642982840538024902 0.45371556282043457031 0.46328657865524291992 0.45371556282043457031 0.42057844996452331543 0.39768171310424804688 0.40063369274139404297 0.41254320740699768066 0.40359961986541748047 0.4055907130241394043
0.25931143760681152344 0.24043756723403930664 0.21297283470630645752 0.22813919186592102051 0.21780321002006530762 0.20131428539752960205 0.20246438682079315186 0.20885905623435974121 0.2013460993766784668 0.23298671841621398926 0.22880952060222625732 0.23260554671287536621 0.2088241279125213623 0.20941697061061859131 0.22689570486545562744 0.24084238708019256592 0.25167796015739440918 0.26649421453475952148 0.3390629887580871582 0.38137939572334289551 0.37291127443313598633 0.36734029650688171387 0.37104442715644836426 0.38277658820152282715 0.31773358583450317383 0.38756036758422851562 0.41805487871170043945 0.44056475162506103516 0.45896941423416137695 0.4536577761173248291 0.44160702824592590332 0.45262190699577331543 0.46433457732200622559 0.46113517880439758301 0.46756538748741149902 0.45902839303016662598 0.434902191162109375 0.43593418598175048828 0.44009160995483398438 0.45098441839218139648 0.4342606663703918457 0.43015345931053161621 0.41288873553276062012
0.23648826777935028076 0.21475203335285186768 0.18861344456672668457 0.18648672103881835938 0.18861344456672668457 0.19906260073184967041 0.20767754316329956055 0.2455310821533203125 0.24350059032440185547 0.24151152372360229492 0.24355638027191162109 0.23913626372814178467 0.25057777762413024902 0.24311265349388122559 0.21759752929210662842 0.23953652381896972656 0.25513491034507751465 0.28470796346664428711 0.3026885688304901123 0.3757235109806060791 0.31899279356002807617 0.38277658820152282715 0.32869789004325866699 0.30062162876129150391 0.33040115237236022949 0.4021295011043548584 0.43024626374244689941 0.44105371832847595215 0.45471286773681640625 0.43332830071449279785 0.4343573451042175293 0.46218061447143554688 0.43278801441192626953 0.42868897318840026855 0.47124344110488891602 0.46801942586898803711 0.48105451464653015137 0.45902839303016662598 0.46591135859489440918 0.43698519468307495117 0.40456700325012207031 0.39769977331161499023 0.39088997244834899902
0.23877826333045959473 0.19345238804817199707 0.20219247043132781982 0.19909454882144927979 0.20771068334579467773 0.20423246920108795166 0.20653478801250457764 0.21968643367290496826 0.26507490873336791992 0.25936946272850036621 0.28319987654685974121 0.25865975022315979004 0.25681871175765991211 0.24718227982521057129 0.22816936671733856201 0.2139775007963180542 0.22002828121185302734 0.23818106949329376221 0.27747642993927001953 0.32319304347038269043 0.32360807061195373535 0.31857788562774658203 0.32699155807495117188 0.28313928842544555664 0.31856787204742431641 0.33643749356269836426 0.39564347267150878906 0.42354083061218261719 0.41846752166748046875 0.39919176697731018066 0.42311298847198486328 0.41649356484413146973 0.42868897318840026855 0.40751489996910095215 0.44250881671905517578 0.4488137364387512207 0.49128571152687072754 0.47020262479782104492 0.42463061213493347168 0.40753293037414550781 0.40456700325012207031 0.43117812275886535645 0.42705363035202026367
0.21032062172889709473 0.19348353147506713867 0.21755011379718780518 0.22625590860843658447 0.23264646530151367188 0.2385091632604598999 0.23009224236011505127 0.23784698545932769775 0.25446334481239318848 0.2385091632604598999 0.2565689384937286377 0.23394286632537841797 0.26222425699234008789 0.29010823369026184082 0.23847189545631408691 0.25376462936401367188 0.26722133159637451172 0.26576840877532958984 0.24894566833972930908 0.30347070097923278809 0.31155771017074584961 0.27788183093070983887 0.27414625883102416992 0.30544522404670715332 0.34381768107414245605 0.36589512228965759277 0.36774420738220214844 0.40250629186630249023 0.40250629186630249023 0.38278207182884216309 0.39919495582580566406 0.38469222187995910645 0.35849672555923461914 0.35215023159980773926 0.40580093860626220703 0.447765350341796875 0.42258247733116149902 0.44671717286109924316 0.45411032438278198242 0.433197021484375 0.44884797930717468262 0.44046390056610107422 0.44466248154640197754
0.19348353147506713867 0.21574175357818603516 0.20481401681900024414 0.20889191329479217529 0.20365233719348907471 0.20080527663230895996 0.21421380341053009033 0.20830035209655761719 0.19855898618698120117 0.19912649691104888916 0.20988044142723083496 0.21583192050457000732 0.24050495028495788574 0.26798051595687866211 0.2431497722864151001 0.22629575431346893311 0.25516337156295776367 0.28933188319206237793 0.29635640978813171387 0.31078076362609863281 0.30508366227149963379 0.28501299023628234863 0.25897073745727539062 0.29430028796195983887 0.34293231368064880371 0.33593121170997619629 0.33211025595664978027 0.35004964470863342285 0.36953088641166687012 0.34030032157897949219 0.35004964470863342285 0.38887441158294677734 0.32562631368637084961 0.32756748795509338379 0.33507192134857177734 0.3841037750244140625 0.38124954700469970703 0.42086058855056762695 0.44776418805122375488 0.44567152857780456543 0.45944181084632873535 0.48139140009880065918 0.46944504976272583008
0.20448349416255950928 0.2001698613166809082 0.18861344456672668457 0.19406957924365997314 0.18702386319637298584 0.17786312103271484375 0.17993153631687164307 0.17639790475368499756 0.19912606477737426758 0.20889191329479217529 0.20833356678485870361 0.22948585450649261475 0.26225364208221435547 0.27682039141654968262 0.26366120576858520508 0.26222425699234008789 0.28814029693603515625 0.28245827555656433105 0.30510506033897399902 0.31405052542686462402 0.29397234320640563965 0.26540264487266540527 0.25684899091720581055 0.26180297136306762695 0.29430028796195983887 0.31471830606460571289 0.28195181488990783691 0.31389433145523071289 0.3566462099552154541 0.37421435117721557617 0.33161157369613647461 0.37142708897590637207 0.3695653080940246582 0.35577321052551269531 0.30897152423858642578 0.34146821498870849609 0.38124954700469970703 0.39278689026832580566 0.40284189581871032715 0.42086058855056762695 0.44377735257148742676 0.4554723203182220459 0.45230570435523986816
0.20738463103771209717 0.18595093488693237305 0.20365278422832489014 0.21725843846797943115 0.19912649691104888916 0.213971748948097229 0.19972699880599975586 0.19143162667751312256 0.22884480655193328857 0.24025705456733703613 0.2324174344539642334 0.23174247145652770996 0.23112305998802185059 0.27091124653816223145 0.29750183224678039551 0.29046675562858581543 0.3011277616024017334 0.28780391812324523926 0.27569437026977539062 0.25865894556045532227 0.27940681576728820801 0.25653931498527526855 0.25968113541603088379 0.25197198987007141113 0.24920913577079772949 0.29351514577865600586 0.26928445696830749512 0.29744762182235717773 0.33160597085952758789 0.35032290220260620117 0.3205592036247253418 0.34944501519203186035 0.34586703777313232422 0.34856802225112915039 0.31493195891380310059 0.3050854802131652832 0.32078313827514648438 0.34234800934791564941 0.39888626337051391602 0.42306050658226013184 0.42926946282386779785 0.44070702791213989258 0.42819815874099731445
0.19796112179756164551 0.19185836613178253174 0.18093736469745635986 0.18515901267528533936 0.20774337649345397949 0.20484676957130432129 0.20774382352828979492 0.22137433290481567383 0.21831451356410980225 0.2531248629093170166 0.2580388486385345459 0.29325076937675476074 0.29325076937675476074 0.28247845172882080078 0.3006852567195892334 0.32280281186103820801 0.30273112654685974121 0.30032852292060852051 0.30672529339790344238 0.29477924108505249023 0.29871332645416259766 0.30028623342514038086 0.29240569472312927246 0.28885674476623535156 0.25921115279197692871 0.2528921961784362793 0.26783147454261779785 0.32139694690704345703 0.32055711746215820312 0.33183494210243225098 0.31740766763687133789 0.33011659979820251465 0.33011659979820251465 0.3149166107177734375 0.30105057358741760254 0.30427819490432739258 0.31659105420112609863 0.35322481393814086914 0.40195092558860778809 0.40990683436393737793 0.41194772720336914062 0.39705917239189147949 0.40199908614158630371
0.22187988460063934326 0.21004636585712432861 0.18093736469745635986 0.17636235058307647705 0.17585241794586181641 0.17588804662227630615 0.18816305696964263916 0.19636577367782592773 0.19692780077457427979 0.21893040835857391357 0.26369047164916992188 0.26088172197341918945 0.27798074483871459961 0.2676588594913482666 0.2749882042407989502 0.28323969244956970215 0.30192863941192626953 0.3099842369556427002 0.30593612790107727051 0.30351397395133972168 0.31198680400848388672 0.30108478665351867676 0.29509589076042175293 0.26930147409439086914 0.23877826333045959473 0.22459962964057922363 0.26277378201484680176 0.28347486257553100586 0.32139694690704345703 0.34141939878463745117 0.30994865298271179199 0.30587944388389587402 0.33011659979820251465 0.32755139470100402832 0.3018512725830078125 0.28998452425003051758 0.29865831136703491211 0.33272853493690490723 0.35053095221519470215 0.3460438847541809082 0.39215773344039916992 0.3941421210765838623 0.36458426713943481445
0.2275279313325881958 0.22880528867244720459 0.21546144783496856689 0.18780331313610076904 0.18784148991107940674 0.18765294551849365234 0.17541526257991790771 0.17541526257991790771 0.2043304741382598877 0.23405192792415618896 0.24496406316757202148 0.22763845324516296387 0.23762845993041992188 0.22921916842460632324 0.25242918729782104492 0.26763954758644104004 0.26836919784545898438 0.30270925164222717285 0.28321948647499084473 0.28245770931243896484 0.31526979804039001465 0.30788892507553100586 0.30224156379699707031 0.28885674476623535156 0.26638427376747131348 0.22903104126453399658 0.25341254472732543945 0.28291603922843933105 0.31737682223320007324 0.33010071516036987305 0.32075205445289611816 0.29296985268592834473 0.32076761126518249512 0.33357587456703186035 0.32246536016464233398 0.29390344023704528809 0.28766050934791564941 0.30595499277114868164 0.32172420620918273926 0.32597991824150085449 0.34338897466659545898 0.34250724315643310547 0.33375096321105957031
0.2275279313325881958 0.23786252737045288086 0.22158305346965789795 0.19766344130039215088 0.20836679637432098389 0.19862231612205505371 0.19918996095657348633 0.20722076296806335449 0.20549550652503967285 0.22328335046768188477 0.20204947888851165771 0.19275559484958648682 0.20032951235771179199 0.23762845993041992188 0.26693075895309448242 0.27646198868751525879 0.28095966577529907227 0.27746549248695373535 0.25831815600395202637 0.26640927791595458984 0.26712805032730102539 0.26857796311378479004 0.24413633346557617188 0.22337543964385986328 0.23549699783325195312 0.22478251159191131592 0.24502444267272949219 0.24032396078109741211 0.28597939014434814453 0.31654489040374755859 0.32838901877403259277 0.28984773159027099609 0.30263876914978027344 0.32244974374771118164 0.32076761126518249512 0.31161826848983764648 0.28843334317207336426 0.28076505661010742188 0.29472419619560241699 0.32683029770851135254 0.33027726411819458008 0.32513114809989929199 0.32259476184844970703
0.23073269426822662354 0.22315599024295806885 0.23228244483470916748 0.219755515456199646 0.21492215991020202637 0.21917234361171722412 0.22040975093841552734 0.25385150313377380371 0.22513628005981445312 0.19256334006786346436 0.17928232252597808838 0.18556620180606842041 0.2101793438196182251 0.26013889908790588379 0.26910045742988586426 0.22847573459148406982 0.25411617755889892578 0.25831815600395202637 0.23554912209510803223 0.267856597900390625 0.24550937116146087646 0.22908195853233337402 0.2309942394495010376 0.24888809025287628174 0.25606527924537658691 0.25958332419395446777 0.21979263424873352051 0.23050443828105926514 0.26261588931083679199 0.28675118088722229004 0.29296985268592834473 0.31324887275695800781 0.30344271659851074219 0.28368687629699707031 0.29704293608665466309 0.31909206509590148926 0.3026536405086517334 0.3051459193229675293 0.29000705480575561523 0.29950150847434997559 0.31419187784194946289 0.31753826141357421875 0.30679312348365783691
0.19909454882144927979 0.21183824539184570312 0.22594562172889709473 0.2323189079761505127 0.2259807586669921875 0.22349408268928527832 0.20840004086494445801 0.20780967175960540771 0.1831490248441696167 0.17643420398235321045 0.18927736580371856689 0.21344290673732757568 0.24591684341430664062 0.2863038480281829834 0.27130389213562011719 0.24486692249774932861 0.21542698144912719727 0.21360902488231658936 0.23686429858207702637 0.24709741771221160889 0.25608161091804504395 0.28350174427032470703 0.28273934125900268555 0.26031243801116943359 0.27819851040840148926 0.28121033310890197754 0.26840904355049133301 0.22415260970592498779 0.22477541863918304443 0.24298936128616333008 0.24031648039817810059 0.28984773159027099609 0.32498526573181152344 0.30263876914978027344 0.27612662315368652344 0.29232200980186462402 0.30511865019798278809 0.30676570534706115723 0.2907848358154296875 0.27999314665794372559 0.30433851480484008789 0.30760553479194641113 0.30192607641220092773
0.23199819028377532959 0.22628259658813476562 0.22405214607715606689 0.22283205389976501465 0.2179063260555267334 0.21130675077438354492 0.18364064395427703857 0.16755433380603790283 0.17443732917308807373 0.19471941888332366943 0.20090141892433166504 0.22383546829223632812 0.25275874137878417969 0.22721678018569946289 0.22911590337753295898 0.21421355009078979492 0.23295438289642333984 0.21060840785503387451 0.22480471432209014893 0.2305348515510559082 0.25903490185737609863 0.27954846620559692383 0.25832825899124145508 0.23505906760692596436 0.27208188176155090332 0.29690036177635192871 0.29610985517501831055 0.2504901587963104248 0.24367155134677886963 0.22603209316730499268 0.23438191413879394531 0.26118355989456176758 0.28984773159027099609 0.2791290283203125 0.2792256772518157959 0.2747167050838470459 0.28998082876205444336 0.28920474648475646973 0.29551184177398681641 0.28458243608474731445 0.2876835167407989502 0.29711878299713134766 0.30192607641220092773
0.22816585004329681396 0.22880528867244720459 0.21011285483837127686 0.20569741725921630859 0.20426513254642486572 0.19302295148372650146 0.17870718240737915039 0.19305405020713806152 0.19862231612205505371 0.204603537917137146 0.22011789679527282715 0.24086444079875946045 0.22658109664916992188 0.21847005188465118408 0.21300597488880157471 0.19885726273059844971 0.21240440011024475098 0.2167460024356842041 0.23311634361743927002 0.25691044330596923828 0.25410306453704833984 0.26117369532585144043 0.26189136505126953125 0.23440492153167724609 0.23375232517719268799 0.26913800835609436035 0.28106614947319030762 0.27208429574966430664 0.2477407306432723999 0.23646874725818634033 0.23646874725818634033 0.27144098281860351562 0.27441638708114624023 0.27592077851295471191 0.28687590360641479492 0.26271024346351623535 0.29390430450439453125 0.29788458347320556641 0.29551184177398681641 0.2892303168773651123 0.28845581412315368652 0.28460049629211425781 0.30598235130310058594
