Botany2025/data/05_ENMs/Pyxidanthera_brevifolia_ENM_optModel.asc
ncols        228
nrows        171
xllcorner    -80.491666666667
yllcorner    34.225000000000
cellsize     0.008333333333
NODATA_value -9999
[rows 114 to 132 of 171, columns 86 to 128 of 228]
0.24430428445339202881 0.24907693266868591309 0.21530461311340332031 0.20105047523975372314 0.21048645675182342529 0.2122815549373626709 0.21836251020431518555 0.21897852420806884766 0.21469548344612121582 0.22145946323871612549 0.21652334928512573242 0.22840461134910583496 0.22649367153644561768 0.20492641627788543701 0.22249992191791534424 0.22883886098861694336 0.23931473493576049805 0.23074588179588317871 0.23074588179588317871 0.23466403782367706299 0.23139141499996185303 0.22688303887844085693 0.22945936024188995361 0.22187547385692596436 0.24065716564655303955 0.23599724471569061279 0.23665511608123779297 0.23932440578937530518 0.23143602907657623291 0.24566061794757843018 0.24977827072143554688 0.22464823722839355469 0.23759433627128601074 0.24908691644668579102 0.24564702808856964111 0.24291901290416717529 0.2528025507926940918 0.25072240829467773438 0.24797062575817108154 0.26050466299057006836 0.26484653353691101074 0.24919733405113220215 0.2519600987434387207
0.24908965826034545898 0.23759433627128601074 0.2081133425235748291 0.2122815549373626709 0.21469548344612121582 0.21897852420806884766 0.21530263125896453857 0.22145946323871612549 0.22396431863307952881 0.22211579978466033936 0.21048666536808013916 0.23038223385810852051 0.21387031674385070801 0.21206365525722503662 0.22312587499618530273 0.22692483663558959961 0.22692483663558959961 0.223753318190574646 0.22187547385692596436 0.21938112378120422363 0.23335914313793182373 0.23074588179588317871 0.23335914313793182373 0.21753463149070739746 0.22498288750648498535 0.23599724471569061279 0.22439391911029815674 0.22376495599746704102 0.22251150012016296387 0.24977827072143554688 0.25395956635475158691 0.23429733514785766602 0.21709179878234863281 0.23103886842727661133 0.25046464800834655762 0.26131355762481689453 0.2563247382640838623 0.25763049721717834473 0.23780740797519683838 0.22608758509159088135 0.24438960850238800049 0.24988566339015960693 0.24710825085639953613
0.25536504387855529785 0.23105081915855407715 0.21409374475479125977 0.22712865471839904785 0.22145946323871612549 0.23097583651542663574 0.23033127188682556152 0.21409001946449279785 0.2245944589376449585 0.22083818912506103516 0.21288500726222991943 0.22909744083881378174 0.20668119192123413086 0.21570144593715667725 0.21814864873886108398 0.21814864873886108398 0.21876415610313415527 0.21876415610313415527 0.22757312655448913574 0.22063104808330535889 0.22945936024188995361 0.22370243072509765625 0.22945936024188995361 0.23206034302711486816 0.22313748300075531006 0.23270897567272186279 0.23270897567272186279 0.23868198692798614502 0.23143434524536132812 0.24429053068161010742 0.25538286566734313965 0.26459899544715881348 0.22650609910488128662 0.24361498653888702393 0.25738793611526489258 0.25106331706047058105 0.25003191828727722168 0.25692468881607055664 0.23714685440063476562 0.23384512960910797119 0.24506692588329315186 0.24233454465866088867 0.24710825085639953613
0.24028383195400238037 0.2265577465295791626 0.22084404528141021729 0.2264957427978515625 0.23227162659168243408 0.22084021568298339844 0.21898122131824493408 0.22271060943603515625 0.2402499467134475708 0.2245944589376449585 0.22271060943603515625 0.21530728042125701904 0.20202985405921936035 0.20963746309280395508 0.21816003322601318359 0.22503608465194702148 0.22313748300075531006 0.23014625906944274902 0.23014625906944274902 0.22885070741176605225 0.23534092307090759277 0.23599724471569061279 0.23141324520111083984 0.23468612134456634521 0.21816003322601318359 0.24134796857833862305 0.25155240297317504883 0.23667663335800170898 0.23669886589050292969 0.24499051272869110107 0.26315787434577941895 0.25527682900428771973 0.24092835187911987305 0.25527682900428771973 0.25314581394195556641 0.23957185447216033936 0.23780740797519683838 0.23846948146820068359 0.23319382965564727783 0.24371384084224700928 0.24851056933403015137 0.25057557225227355957 0.24300712347030639648
0.23828957974910736084 0.22720514237880706787 0.21898703277111053467 0.21228547394275665283 0.2264957427978515625 0.21288500726222991943 0.22649596631526947021 0.23495122790336608887 0.22146171331405639648 0.21898074448108673096 0.22396706044673919678 0.23234485089778900146 0.21207477152347564697 0.2084897160530090332 0.21202552318572998047 0.24159942567348480225 0.24227030575275421143 0.22885070741176605225 0.23208318650722503662 0.22821116447448730469 0.23468612134456634521 0.23468612134456634521 0.22063104808330535889 0.22693660855293273926 0.22694838047027587891 0.22756175696849822998 0.23143434524536132812 0.25048720836639404297 0.25468209385871887207 0.24499051272869110107 0.24294100701808929443 0.23957236111164093018 0.23758305609226226807 0.25883805751800537109 0.25387734174728393555 0.23427622020244598389 0.24182571470737457275 0.24115584790706634521 0.23189581930637359619 0.24714171886444091797 0.24919733405113220215 0.24574580788612365723 0.2464262545108795166
0.24503654241561889648 0.24844619631767272949 0.22209154069423675537 0.20103716850280761719 0.22022175788879394531 0.22649803757667541504 0.23364497721195220947 0.22146171331405639648 0.24093031883239746094 0.23693451285362243652 0.22083973884582519531 0.22271265089511871338 0.19522504508495330811 0.23627577722072601318 0.23233284056186676025 0.24224588274955749512 0.23560664057731628418 0.23958373069763183594 0.23958373069763183594 0.238885536789894104 0.22754095494747161865 0.22376495599746704102 0.23733630776405334473 0.24564702808856964111 0.24093008041381835938 0.24634948372840881348 0.24294100701808929443 0.2329731285572052002 0.2329731285572052002 0.24363777041435241699 0.24026057124137878418 0.23692251741886138916 0.23626403510570526123 0.25527682900428771973 0.25037282705307006836 0.26121848821640014648 0.24919733405113220215 0.24728612601757049561 0.23124909400939941406 0.24303962290287017822 0.24782535433769226074 0.24782535433769226074 0.24919733405113220215
0.23499660193920135498 0.23562997579574584961 0.23236887156963348389 0.21775665879249572754 0.22208972275257110596 0.22905111312866210938 0.23627577722072601318 0.2296905517578125 0.24026252329349517822 0.23693451285362243652 0.23039437830448150635 0.21288697421550750732 0.2116858363151550293 0.23759433627128601074 0.23429733514785766602 0.23822224140167236328 0.24090577661991119385 0.23825593292713165283 0.23495122790336608887 0.23103886842727661133 0.23693428933620452881 0.23693428933620452881 0.24908639490604400635 0.25187158584594726562 0.26387763023376464844 0.25812950730323791504 0.25387734174728393555 0.24634948372840881348 0.26172316074371337891 0.262439727783203125 0.24902920424938201904 0.23892962932586669922 0.23560708761215209961 0.25671720504760742188 0.2662951052188873291 0.2662951052188873291 0.25979185104370117188 0.2548166811466217041 0.25060942769050598145 0.23060388863086700439 0.24438960850238800049 0.24303962290287017822 0.2464596480131149292
0.25050768256187438965 0.24434237182140350342 0.23763103783130645752 0.21592186391353607178 0.22209174931049346924 0.23496334254741668701 0.23496334254741668701 0.23162634670734405518 0.24295544624328613281 0.24093031883239746094 0.23169729113578796387 0.22215069830417633057 0.23040607571601867676 0.24026229977607727051 0.23959605395793914795 0.2362423241138458252 0.24496762454509735107 0.24429053068161010742 0.23693428933620452881 0.23627577722072601318 0.2442912757396697998 0.26025986671447753906 0.26025986671447753906 0.25527682900428771973 0.25883805751800537109 0.26680827140808105469 0.26172316074371337891 0.25317993760108947754 0.25958302617073059082 0.25887280702590942383 0.23747524619102478027 0.23350769281387329102 0.24762395024299621582 0.26391294598579406738 0.26851585507392883301 0.25979185104370117188 0.2548166811466217041 0.25411719083786010742 0.2548166811466217041 0.24442277848720550537 0.24577912688255310059 0.24510017037391662598 0.24032557010650634766
0.24576050043106079102 0.24099609255790710449 0.22405359148979187012 0.217145577073097229 0.227854117751121521 0.22277559340000152588 0.21714158356189727783 0.22913324832916259766 0.21473205089569091797 0.23828068375587463379 0.22977498173713684082 0.22785434126853942871 0.23959605395793914795 0.24362871050834655762 0.23430943489074707031 0.23694649338722229004 0.24092835187911987305 0.23558542132377624512 0.23493005335330963135 0.23890721797943115234 0.2595481574535369873 0.26459899544715881348 0.26387763023376464844 0.2595481574535369873 0.25812950730323791504 0.262439727783203125 0.26680827140808105469 0.25387734174728393555 0.262439727783203125 0.27256208658218383789 0.26519960165023803711 0.24016243219375610352 0.26299017667770385742 0.28341144323348999023 0.26705747842788696289 0.2663306891918182373 0.25979185104370117188 0.2548166811466217041 0.25695869326591491699 0.24854420125484466553 0.24374692142009735107 0.24374692142009735107 0.24303962290287017822
0.24920170009136199951 0.24849176406860351562 0.23107305169105529785 0.23565524816513061523 0.23368068039417266846 0.2240419536828994751 0.22146826982498168945 0.22785434126853942871 0.21052241325378417969 0.20813801884651184082 0.22404216229915618896 0.23429849743843078613 0.24026229977607727051 0.23365704715251922607 0.24027413129806518555 0.23235686123371124268 0.24026057124137878418 0.24026057124137878418 0.23692251741886138916 0.23100815713405609131 0.25037232041358947754 0.25175592303276062012 0.25527682900428771973 0.27572092413902282715 0.25106331706047058105 0.25742256641387939453 0.25742256641387939453 0.27256208658218383789 0.26956930756568908691 0.27330252528190612793 0.26664975285530090332 0.23550052940845489502 0.26012858748435974121 0.26906540989875793457 0.27656197547912597656 0.27506858110427856445 0.27131599187850952148 0.25695869326591491699 0.25766462087631225586 0.24991945922374725342 0.24581244587898254395 0.24897329509258270264 0.24897329509258270264
0.25972247123718261719 0.24849176406860351562 0.24099609255790710449 0.2429920881986618042 0.22786593437194824219 0.22722822427749633789 0.23236790299415588379 0.22785434126853942871 0.21595881879329681396 0.23630034923553466797 0.23760558664798736572 0.23495239019393920898 0.22403030097484588623 0.21656882762908935547 0.22784231603145599365 0.23892962932586669922 0.24092835187911987305 0.23826646804809570312 0.24773779511451721191 0.23959432542324066162 0.24026057124137878418 0.25317993760108947754 0.25387734174728393555 0.25457629561424255371 0.25457629561424255371 0.26370954513549804688 0.26664975285530090332 0.26810631155967712402 0.27404457330703735352 0.29195326566696166992 0.28570780158042907715 0.2705326080322265625 0.24743311107158660889 0.25817447900772094727 0.25888311862945556641 0.25817447900772094727 0.26035097241401672363 0.27432432770729064941 0.27622845768928527832 0.2555516362190246582 0.25064331293106079102 0.25959309935569763184 0.25247278809547424316
0.27428340911865234375 0.25119900703430175781 0.24235931038856506348 0.22469492256641387939 0.23108667135238647461 0.23236790299415588379 0.24778424203395843506 0.24639572203159332275 0.24231415987014770508 0.23628696799278259277 0.23694550991058349609 0.23234601318836212158 0.23299531638622283936 0.22340220212936401367 0.23041801154613494873 0.23892962932586669922 0.22974209487438201904 0.2336454242467880249 0.24229125678539276123 0.23892962932586669922 0.23560708761215209961 0.23100815713405609131 0.25317993760108947754 0.25457629561424255371 0.26515311002731323242 0.25509184598922729492 0.25017973780632019043 0.26443052291870117188 0.26956930756568908691 0.28724682331085205078 0.27274546027183532715 0.2675577998161315918 0.2653789818286895752 0.26465588808059692383 0.2639344334602355957 0.26687666773796081543 0.26542550325393676758 0.25963905453681945801 0.26035097241401672363 0.25892871618270874023 0.25605809688568115234 0.26760438084602355957 0.27297627925872802734
0.26553434133529663086 0.25123295187950134277 0.24372917413711547852 0.25477635860443115234 0.26116645336151123047 0.25545421242713928223 0.24164317548274993896 0.25124883651733398438 0.23432055115699768066 0.23497450351715087891 0.24639572203159332275 0.24707764387130737305 0.23106276988983154297 0.22467158734798431396 0.23236887156963348389 0.23694477975368499756 0.23234528303146362305 0.23826646804809570312 0.24982076883316040039 0.24705435335636138916 0.24705435335636138916 0.25369316339492797852 0.25156244635581970215 0.247389182448387146 0.25087031722068786621 0.25017973780632019043 0.25439172983169555664 0.26079571247100830078 0.27422875165939331055 0.28260031342506408691 0.26388809084892272949 0.26030516624450683594 0.25812900066375732422 0.26101857423782348633 0.26173356175422668457 0.26030516624450683594 0.27279302477836608887 0.26687666773796081543 0.26177957653999328613 0.25251823663711547852 0.24975042045116424561 0.25044003129005432129 0.27563190460205078125
0.25904619693756103516 0.2575956881046295166 0.27289298176765441895 0.26329889893531799316 0.27285671234130859375 0.25405389070510864258 0.24778424203395843506 0.24097374081611633301 0.23696778714656829834 0.24097374081611633301 0.24503654241561889648 0.23961754143238067627 0.23961679637432098389 0.23562924563884735107 0.23431983590126037598 0.2382888495922088623 0.23105125129222869873 0.25261217355728149414 0.26104319095611572266 0.2661170661449432373 0.26592388749122619629 0.26084157824516296387 0.25369316339492797852 0.25654208660125732422 0.24490110576152801514 0.25866174697875976562 0.27274546027183532715 0.27348631620407104492 0.27497282624244689941 0.27048534154891967773 0.25954765081405639648 0.26030516624450683594 0.26101857423782348633 0.2631683349609375 0.26465588808059692383 0.26030516624450683594 0.27205368876457214355 0.26760464906692504883 0.26760464906692504883 0.25888311862945556641 0.25465506315231323242 0.2408418804407119751 0.27563190460205078125
0.2647081911563873291 0.25901195406913757324 0.27512133121490478516 0.26622375845909118652 0.27064311504364013672 0.26401895284652709961 0.2575264275074005127 0.25823360681533813477 0.23696778714656829834 0.24906289577484130859 0.24493433535099029541 0.24493433535099029541 0.24153193831443786621 0.23105125129222869873 0.23105125129222869873 0.23040650784969329834 0.22834624350070953369 0.24493433535099029541 0.27712526917457580566 0.27108603715896606445 0.2696164250373840332 0.27712526917457580566 0.26227238774299621582 0.25654208660125732422 0.26303637027740478516 0.27502071857452392578 0.27348631620407104492 0.27951967716217041016 0.27571851015090942383 0.27274546027183532715 0.26682990789413452148 0.27171272039413452148 0.26580423116683959961 0.25601291656494140625 0.25601291656494140625 0.2595933377742767334 0.26760464906692504883 0.26906540989875793457 0.26249626278877258301 0.26470232009887695312 0.26035097241401672363 0.2462816387414932251 0.26343962550163269043
0.28482210636138916016 0.26834017038345336914 0.28108716011047363281 0.27512133121490478516 0.26622375845909118652 0.27137938141822814941 0.26111322641372680664 0.25116509199142456055 0.24564620852470397949 0.24700820446014404297 0.24493433535099029541 0.24837642908096313477 0.24435904622077941895 0.23696704208850860596 0.24030561745166778564 0.2382014840841293335 0.24156478047370910645 0.25047382712364196777 0.26036468148231506348 0.26815325021743774414 0.27488395571708679199 0.29044443368911743164 0.27806183695793151855 0.26447692513465881348 0.25464490056037902832 0.27502071857452392578 0.27274546027183532715 0.27876579761505126953 0.27951967716217041016 0.28108099102973937988 0.28697615861892700195 0.28004616498947143555 0.27024036645889282227 0.26142722368240356445 0.25852259993553161621 0.25923201441764831543 0.25781476497650146484 0.25424379110336303711 0.25108617544174194336 0.27002727985382080078 0.26929396390914916992 0.26415944099426269531 0.23896563053131103516
0.28329333662986755371 0.2647081911563873291 0.27957433462142944336 0.29200983047485351562 0.27726900577545166016 0.26902431249618530273 0.26329889893531799316 0.25258636474609375 0.24909606575965881348 0.24769152700901031494 0.25116509199142456055 0.24906289577484130859 0.24503630399703979492 0.24368335306644439697 0.24368335306644439697 0.24978417158126831055 0.24022781848907470703 0.24978417158126831055 0.25823360681533813477 0.26601710915565490723 0.26380214095115661621 0.28346049785614013672 0.28188869357109069824 0.26906540989875793457 0.2700525820255279541 0.27881419658660888672 0.28575715422630310059 0.28961747884750366211 0.2903944551944732666 0.28461027145385742188 0.28384554386138916016 0.28080278635025024414 0.2785377800464630127 0.26652982831001281738 0.26214313507080078125 0.25852259993553161621 0.26430040597915649414 0.26142722368240356445 0.2703883051872253418 0.26965421438217163086 0.26560500264167785645 0.25408416986465454102 0.25374206900596618652
0.28253138065338134766 0.2639866173267364502 0.2647081911563873291 0.2676105797290802002 0.27726900577545166016 0.27801966667175292969 0.25331658124923706055 0.25050768256187438965 0.25682082772254943848 0.2539800107479095459 0.2539800107479095459 0.25047382712364196777 0.24837642908096313477 0.24769152700901031494 0.24358184635639190674 0.2539800107479095459 0.24089552462100982666 0.23956164717674255371 0.24840952455997467041 0.26093336939811706543 0.24978417158126831055 0.26236456632614135742 0.27811014652252197266 0.27279302477836608887 0.28117847442626953125 0.28112971782684326172 0.28652596473693847656 0.29567664861679077148 0.29403984546661376953 0.29567664861679077148 0.29325526952743530273 0.27018195390701293945 0.26502269506454467773 0.26430040597915649414 0.2599430382251739502 0.2607129216194152832 0.25640386343002319336 0.26965421438217163086 0.26892173290252685547 0.26450312137603759766 0.27191999554634094238 0.26819086074829101562 0.26306244730949401855
0.27339595556259155273 0.2639866173267364502 0.26178538799285888672 0.26394027471542358398 0.26538485288619995117 0.26102435588836669922 0.25457131862640380859 0.25611680746078491211 0.2575264275074005127 0.26182845234870910645 0.2575264275074005127 0.26182845234870910645 0.26837295293807983398 0.25467923283576965332 0.24632643163204193115 0.2539800107479095459 0.25611680746078491211 0.24226850271224975586 0.23757240176200866699 0.25401425361633300781 0.2646153569221496582 0.28174278140068054199 0.28250303864479064941 0.28244251012802124023 0.28320425748825073242 0.28168237209320068359 0.28314304351806640625 0.2839062809944152832 0.28080278635025024414 0.28620579838752746582 0.28620579838752746582 0.28080278635025024414 0.27622789144515991211 0.26950660347938537598 0.26214313507080078125 0.26435780525207519531 0.25928905606269836426 0.27569127082824707031 0.26819086074829101562 0.26450312137603759766 0.26306244730949401855 0.26378196477890014648 0.26673391461372375488
