Botany2025/data/05_ENMs/Pyxidanthera_brevifolia_ENM_optModel.asc
ncols        228
nrows        171
xllcorner    -80.491666666667
yllcorner    34.225000000000
cellsize     0.008333333333
NODATA_value -9999
[rows 95 to 113 of 171, columns 0 to 42 of 228]
-9999 -9999 -9999 -9999 -9999 -9999 -9999 -9999 -9999 -9999 -9999 -9999 -9999 -9999 -9999 -9999 -9999 -9999 -9999 -9999 -9999 -9999 -9999 -9999 -9999 -9999 -9999 -9999 0.50475966930389404297 0.50253796577453613281 0.46923410892486572266 0.46923410892486572266 0.46031665802001953125 0.4434191584587097168 0.4434191584587097168 0.48636397719383239746 0.58672529458999633789 0.53817331790924072266 0.55944108963012695312 0.57929444313049316406 0.57813090085983276367 0.55706065893173217773 0.5629056096076965332
-9999 -9999 -9999 -9999 -9999 -9999 -9999 -9999 -9999 -9999 -9999 -9999 -9999 -9999 -9999 -9999 -9999 -9999 -9999 -9999 -9999 -9999 -9999 -9999 -9999 -9999 0.52282506227493286133 0.49245247244834899902 0.48673951625823974609 0.48673951625823974609 0.48019799590110778809 0.48128527402877807617 0.43502655625343322754 0.3993320763111114502 0.41150724887847900391 0.47219792008399963379 0.48964932560920715332 0.50189054012298583984 0.48855304718017578125 0.54045492410659790039 0.53470224142074584961 0.57573056221008300781 0.56406170129776000977
-9999 -9999 -9999 -9999 -9999 -9999 -9999 -9999 -9999 -9999 -9999 -9999 -9999 -9999 -9999 -9999 -9999 -9999 -9999 -9999 -9999 -9999 -9999 -9999 -9999 0.54492205381393432617 0.56471073627471923828 0.51600193977355957031 0.51832050085067749023 0.48564630746841430664 0.45532581210136413574 0.46714076399803161621 0.48237377405166625977 0.45074668526649475098 0.44969582557678222656 0.44864630699157714844 0.48194646835327148438 0.4897022545337677002 0.4706554710865020752 0.47173196077346801758 0.50744974613189697266 0.55821347236633300781 0.53811830282211303711
-9999 -9999 -9999 -9999 -9999 -9999 -9999 -9999 -9999 -9999 -9999 -9999 -9999 -9999 -9999 -9999 -9999 -9999 -9999 -9999 -9999 -9999 -9999 0.50254380702972412109 0.50927639007568359375 0.54377770423889160156 0.53799557685852050781 0.52282506227493286133 0.48341000080108642578 0.47905871272087097168 0.46928676962852478027 0.53892558813095092773 0.52968263626098632812 0.51832050085067749023 0.46784552931785583496 0.43291839957237243652 0.44545471668243408203 0.42570897936820983887 0.41450470685958862305 0.48964932560920715332 0.51645314693450927734 0.50744974613189697266 0.49962007999420166016
-9999 -9999 -9999 -9999 -9999 -9999 -9999 -9999 -9999 -9999 -9999 -9999 -9999 -9999 -9999 -9999 -9999 -9999 -9999 -9999 -9999 -9999 0.52656590938568115234 0.5220489501953125 0.53117042779922485352 0.48696672916412353516 0.53931564092636108398 0.57522046566009521484 0.51375949382781982422 0.52741730213165283203 0.5446383357048034668 0.58573883771896362305 0.55619531869888305664 0.53536146879196166992 0.51944524049758911133 0.44435957074165344238 0.41651046276092529297 0.37617501616477966309 0.37998190522193908691 0.43911060690879821777 0.47173196077346801758 0.4874579310417175293 0.49294501543045043945
-9999 -9999 -9999 -9999 -9999 -9999 -9999 -9999 -9999 -9999 -9999 -9999 -9999 -9999 -9999 -9999 -9999 -9999 -9999 -9999 -9999 0.54835933446884155273 0.51627969741821289062 0.49162438511848449707 0.48833280801773071289 0.48806133866310119629 0.52430558204650878906 0.55554658174514770508 0.59784543514251708984 0.64410501718521118164 0.59901696443557739258 0.53771221637725830078 0.48117864131927490234 0.48668590188026428223 0.43600815534591674805 0.40325725078582763672 0.37426543235778808594 0.35759156942367553711 0.37994992733001708984 0.41121411323547363281 0.42464220523834228516 0.41953018307685852051 0.42769721150398254395
-9999 -9999 -9999 -9999 -9999 -9999 -9999 -9999 -9999 -9999 -9999 -9999 -9999 -9999 -9999 -9999 -9999 -9999 -9999 -9999 0.55648046731948852539 0.56579214334487915039 0.56232285499572753906 0.57540071010589599609 0.57781934738159179688 0.56843799352645874023 0.52890276908874511719 0.54045683145523071289 0.59190458059310913086 0.62393796443939208984 0.54832702875137329102 0.47818255424499511719 0.4649474024772644043 0.3934256136417388916 0.38569191098213195801 0.43807506561279296875 0.40823143720626831055 0.38286122679710388184 0.38286122679710388184 0.38473629951477050781 0.37426543235778808594 0.38763946294784545898 0.41224503517150878906
-9999 -9999 -9999 -9999 -9999 -9999 -9999 -9999 -9999 -9999 -9999 -9999 -9999 -9999 -9999 -9999 -9999 -9999 -9999 0.58606195449829101562 0.54112637042999267578 0.56001317501068115234 0.56347954273223876953 0.60370171070098876953 0.60252982378005981445 0.61562049388885498047 0.56487244367599487305 0.47594654560089111328 0.51375907659530639648 0.53330194950103759766 0.48806133866310119629 0.44797694683074951172 0.49582648277282714844 0.49222284555435180664 0.48559275269508361816 0.45956572890281677246 0.48014473915100097656 0.40129160881042480469 0.38959422707557678223 0.37210476398468017578 0.3500944972038269043 0.33682334423065185547 0.38863226771354675293
-9999 -9999 -9999 -9999 -9999 -9999 -9999 -9999 -9999 -9999 -9999 -9999 -9999 -9999 -9999 -9999 -9999 -9999 0.65595704317092895508 0.66423565149307250977 0.64406669139862060547 0.67050504684448242188 0.56579303741455078125 0.53913462162017822266 0.52776855230331420898 0.53457856178283691406 0.57075661420822143555 0.50503408908843994141 0.46833431720733642578 0.46619051694869995117 0.45541295409202575684 0.51263940334320068359 0.52162504196166992188 0.54685533046722412109 0.53536146879196166992 0.51712459325790405273 0.48892939090728759766 0.40027800202369689941 0.40031108260154724121 0.40522900223731994629 0.39152279496192932129 0.36959874629974365234 0.3438542485237121582
-9999 -9999 -9999 -9999 -9999 -9999 -9999 -9999 -9999 -9999 -9999 -9999 -9999 -9999 -9999 -9999 0.73537147045135498047 0.70362013578414916992 0.7151851654052734375 0.73199403285980224609 0.70099055767059326172 0.67284172773361206055 0.64795768260955810547 0.56463509798049926758 0.55648046731948852539 0.58956807851791381836 0.60379493236541748047 0.57191771268844604492 0.53571629524230957031 0.53571629524230957031 0.56727951765060424805 0.5872332453727722168 0.60731214284896850586 0.55381888151168823242 0.51600152254104614258 0.52275252342224121094 0.50105470418930053711 0.45100393891334533691 0.45951443910598754883 0.44118589162826538086 0.4182599484920501709 0.41725376248359680176 0.37916341423988342285
-9999 -9999 -9999 -9999 -9999 -9999 -9999 -9999 -9999 -9999 -9999 -9999 -9999 -9999 -9999 0.76814615726470947266 0.75824999809265136719 0.74328172206878662109 0.73761719465255737305 0.76271253824234008789 0.72740215063095092773 0.67993366718292236328 0.65147984027862548828 0.67517673969268798828 0.66573369503021240234 0.65987771749496459961 0.61200517416000366211 0.59307342767715454102 0.5742397308349609375 0.59901607036590576172 0.59784543514251708984 0.61562049388885498047 0.58131122589111328125 0.52169710397720336914 0.47683635354042053223 0.47575402259826660156 0.52402573823928833008 0.45744311809539794922 0.41957962512969970703 0.42160028219223022461 0.44118511676788330078 0.4540265500545501709 0.44123604893684387207
-9999 -9999 -9999 -9999 -9999 -9999 -9999 -9999 -9999 -9999 -9999 -9999 -9999 -9999 0.74391496181488037109 0.76922810077667236328 0.76922810077667236328 0.76597738265991210938 0.71008592844009399414 0.7019627690315246582 0.68299096822738647461 0.6392911076545715332 0.69164794683456420898 0.67625075578689575195 0.6704120635986328125 0.65382689237594604492 0.61317896842956542969 0.55878609418869018555 0.54027569293975830078 0.53223258256912231445 0.52996325492858886719 0.51033115386962890625 0.48009064793586730957 0.4703089594841003418 0.47246238589286804199 0.42470705509185791016 0.42065370082855224609 0.39152279496192932129 0.37429708242416381836 0.36774325370788574219 0.38473629951477050781 0.38859981298446655273 0.3752352595329284668
-9999 -9999 -9999 -9999 -9999 -9999 -9999 -9999 -9999 -9999 -9999 -9999 -9999 0.76742851734161376953 0.73147147893905639648 0.75706523656845092773 0.77790975570678710938 0.75824999809265136719 0.70656740665435791016 0.69850111007690429688 0.65932422876358032227 0.71473997831344604492 0.70214354991912841797 0.68226265907287597656 0.63954728841781616211 0.61681199073791503906 0.57398277521133422852 0.56934142112731933594 0.55655366182327270508 0.51492398977279663086 0.54263377189636230469 0.48444646596908569336 0.4966290593147277832 0.49032452702522277832 0.46281167864799499512 0.44581273198127746582 0.45855581760406494141 0.48341000080108642578 0.42674246430397033691 0.40325725078582763672 0.34829059243202209473 0.33944055438041687012 0.34385326504707336426
-9999 -9999 -9999 -9999 -9999 -9999 -9999 -9999 -9999 -9999 -9999 -9999 0.77417135238647460938 0.74178904294967651367 0.69651275873184204102 0.72769832611083984375 0.72891944646835327148 0.73913753032684326172 0.74925416707992553711 0.73184907436370849609 0.69842690229415893555 0.65697944164276123047 0.66564059257507324219 0.67867565155029296875 0.68923610448837280273 0.65978360176086425781 0.65978449583053588867 0.65030592679977416992 0.5716609954833984375 0.56347864866256713867 0.58460658788681030273 0.57405745983123779297 0.50364702939987182617 0.48806133866310119629 0.50024807453155517578 0.46816053986549377441 0.51944398880004882812 0.52515435218811035156 0.46281167864799499512 0.41250491142272949219 0.40451732277870178223 0.4284705817699432373 0.42949289083480834961
-9999 -9999 -9999 -9999 -9999 -9999 -9999 -9999 -9999 -9999 -9999 0.81211161613464355469 0.79236996173858642578 0.77529871463775634766 0.74402064085006713867 0.68356806039810180664 0.68800330162048339844 0.7019627690315246582 0.70188868045806884766 0.69842690229415893555 0.69958156347274780273 0.62925523519515991211 0.61783552169799804688 0.61548674106597900391 0.64164131879806518555 0.66329914331436157227 0.65500009059906005859 0.63458991050720214844 0.60940247774124145508 0.59636276960372924805 0.58227550983428955078 0.5345776677131652832 0.51719552278518676758 0.56124192476272583008 0.58247482776641845703 0.51600152254104614258 0.52169710397720336914 0.51375907659530639648 0.46816053986549377441 0.48035386204719543457 0.49921214580535888672 0.45210811495780944824 0.48144134879112243652
-9999 -9999 -9999 -9999 -9999 -9999 -9999 -9999 -9999 -9999 0.80187201499938964844 0.78280740976333618164 0.74297243356704711914 0.74864065647125244141 0.77845358848571777344 0.7162367701530456543 0.67628896236419677734 0.66679263114929199219 0.68676722049713134766 0.66913193464279174805 0.71352273225784301758 0.70426672697067260742 0.69264268875122070312 0.63208800554275512695 0.60133588314056396484 0.6096178889274597168 0.62503594160079956055 0.66329914331436157227 0.66095638275146484375 0.60360848903656005859 0.60353946685791015625 0.54843217134475708008 0.55647957324981689453 0.60112082958221435547 0.62041169404983520508 0.53081542253494262695 0.52057051658630371094 0.49025398492813110352 0.48035386204719543457 0.50142741203308105469 0.49803507328033447266 0.48696672916412353516 0.47162863612174987793
-9999 -9999 -9999 -9999 -9999 -9999 -9999 -9999 -9999 0.83996629714965820312 0.80084621906280517578 0.74318480491638183594 0.71660768985748291016 0.75989079475402832031 0.78058373928070068359 0.72429811954498291016 0.68800330162048339844 0.62613201141357421875 0.65140497684478759766 0.63083338737487792969 0.69148385524749755859 0.63283908367156982422 0.71008592844009399414 0.67858296632766723633 0.63333898782730102539 0.60609918832778930664 0.59431326389312744141 0.61916112899780273438 0.6203358769416809082 0.61791098117828369141 0.60940247774124145508 0.55615156888961791992 0.60112082958221435547 0.63813543319702148438 0.61652094125747680664 0.57050091028213500977 0.55885934829711914062 0.53088831901550292969 0.50921368598937988281 0.52980530261993408203 0.48144134879112243652 0.46619051694869995117 0.43527951836585998535
-9999 -9999 -9999 -9999 -9999 -9999 -9999 -9999 0.86321288347244262695 0.83622640371322631836 0.80210065841674804688 0.73400717973709106445 0.69327014684677124023 0.73390048742294311523 0.70352858304977416992 0.7162367701530456543 0.69651275873184204102 0.65617364645004272461 0.6249567866325378418 0.58326667547225952148 0.59739673137664794922 0.65851885080337524414 0.69380092620849609375 0.69727146625518798828 0.6344388127326965332 0.60844475030899047852 0.57866472005844116211 0.55264258384704589844 0.55379271507263183594 0.59519290924072265625 0.61057579517364501953 0.58220058679580688477 0.620044708251953125 0.69868224859237670898 0.62834602594375610352 0.64880210161209106445 0.62990653514862060547 0.57066398859024047852 0.5931650996208190918 0.4913520514965057373 0.48580303788185119629 0.48035386204719543457 0.48361983895301818848
-9999 -9999 -9999 -9999 -9999 -9999 -9999 0.84597557783126831055 0.87282043695449829102 0.86408096551895141602 0.79684007167816162109 0.74995976686477661133 0.69211167097091674805 0.6576760411262512207 0.66830915212631225586 0.68482446670532226562 0.64788281917572021484 0.68567991256713867188 0.69032430648803710938 0.58093667030334472656 0.58332383632659912109 0.59500032663345336914 0.65851885080337524414 0.6344388127326965332 0.64039075374603271484 0.65111273527145385742 0.63451433181762695312 0.61438804864883422852 0.54804939031600952148 0.53656446933746337891 0.54112637042999267578 0.54684674739837646484 0.55149322748184204102 0.58336591720581054688 0.58336591720581054688 0.5716609954833984375 0.56818252801895141602 0.5391337275505065918 0.50587004423141479492 0.49362233281135559082 0.46298444271087646484 0.46619051694869995117 0.44797614216804504395
