Botany2025/data/05_ENMs/Pyxidanthera_brevifolia_ENM_optModel.asc
ncols        228
nrows        171
xllcorner    -80.491666666667
yllcorner    34.225000000000
cellsize     0.008333333333
NODATA_value -9999
[rows 95 to 113 of 171, columns 129 to 171 of 228]
0.32600858807563781738 0.3294658958911895752 0.32090285420417785645 0.32605388760566711426 0.29708850383758544922 0.31755727529525756836 0.3109048306941986084 0.30931675434112548828 0.30768728256225585938 0.32212352752685546875 0.35642281174659729004 0.34557795524597167969 0.35461357235908508301 0.34918105602264404297 0.3446922004222869873 0.3446922004222869873 0.37310132384300231934 0.37597495317459106445 0.37980860471725463867 0.38557836413383483887 0.39140570163726806641 0.37791919708251953125 0.38755553960800170898 0.42780706286430358887 0.40059104561805725098 0.43300998210906982422 0.43198278546333312988 0.42882841825485229492 0.43300998210906982422 0.43825039267539978027 0.44674193859100341797 0.43103930354118347168 0.44256743788719177246 0.44997069239616394043 0.46594548225402832031 0.47033968567848205566 0.46487578749656677246 0.45821905136108398438 0.44538474082946777344 0.42448294162750244141 0.44931784272193908691 0.45364433526992797852 0.45364433526992797852
0.29863625764846801758 0.30267074704170227051 0.32347071170806884766 0.32178461551666259766 0.30597546696662902832 0.31419748067855834961 0.29875871539115905762 0.29796436429023742676 0.29164209961891174316 0.31957644224166870117 0.32635447382926940918 0.33849555253982543945 0.33936977386474609375 0.34380808472633361816 0.33936977386474609375 0.34292560815811157227 0.35281082987785339355 0.35737437009811401367 0.35646724700927734375 0.35913345217704772949 0.37864536046981811523 0.36844384670257568359 0.38832399249076843262 0.39718875288963317871 0.39661985635757446289 0.40656328201293945312 0.40458747744560241699 0.42576861381530761719 0.43198278546333312988 0.42576861381530761719 0.42162871360778808594 0.42373600602149963379 0.41968822479248046875 0.43206521868705749512 0.41847711801528930664 0.42462781071662902832 0.44643002748489379883 0.44111812114715576172 0.4396959841251373291 0.43378221988677978516 0.41932591795921325684 0.4254995882511138916 0.42651769518852233887
0.29083684086799621582 0.30593577027320861816 0.30922833085060119629 0.30351424217224121094 0.29242330789566040039 0.29556450247764587402 0.29875871539115905762 0.29242330789566040039 0.29159879684448242188 0.31455558538436889648 0.33151420950889587402 0.33065545558929443359 0.3297977149486541748 0.32975938916206359863 0.32460632920265197754 0.33324223756790161133 0.34204474091529846191 0.34739798307418823242 0.36376801133155822754 0.36284959316253662109 0.36376801133155822754 0.3722260892391204834 0.38659688830375671387 0.38659688830375671387 0.39759460091590881348 0.39661985635757446289 0.39661985635757446289 0.40458747744560241699 0.42061761021614074707 0.42475157976150512695 0.41450229287147521973 0.40943497419357299805 0.40349939465522766113 0.38560178875923156738 0.40732896327972412109 0.4093131721019744873 0.42049455642700195312 0.42540240287780761719 0.42438587546348571777 0.41411066055297851562 0.40803873538970947266 0.40309926867485046387 0.41621115803718566895
0.27926313877105712891 0.29793757200241088867 0.30351361632347106934 0.30351361632347106934 0.2885074913501739502 0.2869376838207244873 0.29796436429023742676 0.28770339488983154297 0.28693211078643798828 0.29159879684448242188 0.31957644224166870117 0.32720556855201721191 0.31871196627616882324 0.32720556855201721191 0.32894161343574523926 0.34547966718673706055 0.34998947381973266602 0.34547966718673706055 0.35913345217704772949 0.36284959316253662109 0.36751729249954223633 0.37316071987152099609 0.36751729249954223633 0.36844384670257568359 0.38971611857414245605 0.38295271992683410645 0.38587689399719238281 0.37345349788665771484 0.37821304798126220703 0.38977801799774169922 0.39349776506423950195 0.41317060589790344238 0.36649954319000244141 0.35915908217430114746 0.38823577761650085449 0.40903118252754211426 0.41611525416374206543 0.41511222720146179199 0.40398997068405151367 0.39801201224327087402 0.39209038019180297852 0.39315041899681091309 0.39218273758888244629
0.26301324367523193359 0.2900327146053314209 0.2869376838207244873 0.2869376838207244873 0.2755127251148223877 0.29796436429023742676 0.29717165231704711914 0.27777615189552307129 0.27928125858306884766 0.27928125858306884766 0.28003624081611633301 0.31123238801956176758 0.32550498843193054199 0.32041433453559875488 0.33237957954406738281 0.33151853084564208984 0.33571666479110717773 0.33048194646835327148 0.33134099841117858887 0.35454100370407104492 0.33925873041152954102 0.34820345044136047363 0.34820345044136047363 0.3518397212028503418 0.3536389470100402832 0.35640823841094970703 0.38295271992683410645 0.38105210661888122559 0.36688157916069030762 0.37608417868614196777 0.39252951741218566895 0.36366167664527893066 0.36465474963188171387 0.34998667240142822266 0.35364988446235656738 0.39411965012550354004 0.41002508997917175293 0.40398997068405151367 0.39209038019180297852 0.39703661203384399414 0.39209038019180297852 0.38336238265037536621 0.38336238265037536621
0.26442980766296386719 0.27104228734970092773 0.27175340056419372559 0.26881477236747741699 0.2755127251148223877 0.26446706056594848633 0.29005894064903259277 0.27778321504592895508 0.28310471773147583008 0.28696286678314208984 0.29242303967475891113 0.31448075175285339355 0.32209509611129760742 0.32125389575958251953 0.31530857086181640625 0.31867730617523193359 0.31867730617523193359 0.33220168948173522949 0.33134099841117858887 0.33571666479110717773 0.33048194646835327148 0.33398360013961791992 0.33838471770286560059 0.34731286764144897461 0.34282785654067993164 0.34642395377159118652 0.34642395377159118652 0.37626850605010986328 0.38955757021903991699 0.38278144598007202148 0.35260567069053649902 0.34812909364700317383 0.35267788171768188477 0.35908663272857666016 0.34010425209999084473 0.34369322657585144043 0.37664321064949035645 0.39112439751625061035 0.39209038019180297852 0.38136973977088928223 0.37467479705810546875 0.37561360001564025879 0.38042128086090087891
0.25098744034767150879 0.2454919964075088501 0.26442980766296386719 0.27030676603317260742 0.26298946142196655273 0.27551245689392089844 0.27624985575675964355 0.28158327937126159668 0.28234317898750305176 0.28310471773147583008 0.27402359247207641602 0.29268914461135864258 0.31530857086181640625 0.32035124301910400391 0.31114625930786132812 0.31448075175285339355 0.31365454196929931641 0.32291582226753234863 0.33134099841117858887 0.33134099841117858887 0.33484929800033569336 0.32962453365325927734 0.33139625191688537598 0.33398360013961791992 0.33838471770286560059 0.33664157986640930176 0.33225706219673156738 0.36561533808708190918 0.3808059990406036377 0.36753708124160766602 0.34805819392204284668 0.34627923369407653809 0.33741304278373718262 0.33654248714447021484 0.34186035394668579102 0.32354658842086791992 0.3278592228889465332 0.36528629064559936523 0.37561360001564025879 0.3823197782039642334 0.3708464503288269043 0.3708464503288269043 0.39159640669822692871
0.26085129380226135254 0.25029659271240234375 0.24413695931434631348 0.25443422794342041016 0.25443422794342041016 0.27325657010078430176 0.27625930309295654297 0.27476722002029418945 0.27703309059143066406 0.27853497862815856934 0.27703309059143066406 0.27853497862815856934 0.31196680665016174316 0.30702522397041320801 0.31448075175285339355 0.3212318718433380127 0.31700995564460754395 0.31700995564460754395 0.3212318718433380127 0.33484929800033569336 0.32530757784843444824 0.32446011900901794434 0.32791462540626525879 0.31768617033958435059 0.32361432909965515137 0.32075169682502746582 0.33022087812423706055 0.33901998400688171387 0.33814638853073120117 0.3346684873104095459 0.33380308747291564941 0.33734375238418579102 0.34091165661811828613 0.33567357063293457031 0.32956892251968383789 0.31927636265754699707 0.32439225912094116211 0.3057460486888885498 0.3662090003490447998 0.37467479705810546875 0.36991575360298156738 0.36427801847457885742 0.36898666620254516602
0.24073918163776397705 0.26301324367523193359 0.24753625690937042236 0.2414331287145614624 0.2482334822416305542 0.27325657010078430176 0.27325657010078430176 0.27853497862815856934 0.28082495927810668945 0.27328160405158996582 0.27402359247207641602 0.27402359247207641602 0.30702522397041320801 0.30459642410278320312 0.30540439486503601074 0.3128300011157989502 0.31617876887321472168 0.31200709939002990723 0.3111858367919921875 0.3111858367919921875 0.30379012227058410645 0.32103279232978820801 0.3111864626407623291 0.31514087319374084473 0.31431338191032409668 0.32159191370010375977 0.31991311907768249512 0.32503661513328552246 0.31997975707054138184 0.32425698637962341309 0.33734375238418579102 0.33207726478576660156 0.34091165661811828613 0.33473736047744750977 0.33473736047744750977 0.33214575052261352539 0.30655634403228759766 0.3057460486888885498 0.32422122359275817871 0.3449217379093170166 0.35588920116424560547 0.36612147092819213867 0.34034842252731323242
0.25167983770370483398 0.25029659271240234375 0.25517851114273071289 0.24481371045112609863 0.25100025534629821777 0.26881396770477294922 0.2725162208080291748 0.27177751064300537109 0.27928835153579711914 0.26810798048973083496 0.27778321504592895508 0.28310471773147583008 0.30065011978149414062 0.29974412918090820312 0.30950883030891418457 0.30459642410278320312 0.29021993279457092285 0.29021933674812316895 0.29815298318862915039 0.29815298318862915039 0.30625370144844055176 0.3212318718433380127 0.3101482093334197998 0.30602493882179260254 0.31395778059959411621 0.31817457079887390137 0.31102010607719421387 0.28537008166313171387 0.2980066835880279541 0.30612906813621520996 0.30612906813621520996 0.31747353076934814453 0.33035796880722045898 0.34362301230430603027 0.33473736047744750977 0.33035796880722045898 0.32950079441070556641 0.2991956174373626709 0.29602441191673278809 0.31405425071716308594 0.33511665463447570801 0.36143743991851806641 0.34661081433296203613
0.24685327708721160889 0.24412444233894348145 0.24685327708721160889 0.24009677767753601074 0.24413695931434631348 0.27399852871894836426 0.27700778841972351074 0.28850722312927246094 0.28463268280029296875 0.26883867383003234863 0.26883867383003234863 0.27402359247207641602 0.29664918780326843262 0.29652965068817138672 0.29177802801132202148 0.29732105135917663574 0.29495179653167724609 0.29338046908378601074 0.30218243598937988281 0.31935712695121765137 0.3227711021900177002 0.31935712695121765137 0.31597030162811279297 0.3101482093334197998 0.32412242889404296875 0.30521571636199951172 0.28379046916961669922 0.28379046916961669922 0.28850153088569641113 0.2980066835880279541 0.30204683542251586914 0.30204683542251586914 0.30416387319564819336 0.32042458653450012207 0.34320655465126037598 0.33343702554702758789 0.33343702554702758789 0.30568167567253112793 0.29203513264656066895 0.30655634403228759766 0.31356057524681091309 0.3228976130485534668 0.32113409042358398438
0.24608610570430755615 0.24277569353580474854 0.24617186188697814941 0.23611254990100860596 0.25583624839782714844 0.26881396770477294922 0.27177751064300537109 0.27104038000106811523 0.27104038000106811523 0.26883867383003234863 0.26445418596267700195 0.26590102910995483398 0.2673543095588684082 0.28105711936950683594 0.28336414694786071777 0.29099756479263305664 0.29815298318862915039 0.31348779797554016113 0.31852129101753234863 0.3227711021900177002 0.31852129101753234863 0.31935712695121765137 0.3101482093334197998 0.29711207747459411621 0.28917706012725830078 0.28922629356384277344 0.28379046916961669922 0.28302747011184692383 0.28226608037948608398 0.28734850883483886719 0.2952690422534942627 0.30909645557403564453 0.30497094988822937012 0.29849714040756225586 0.31161788105964660645 0.32905712723731994629 0.31438657641410827637 0.31778603792190551758 0.29636809229850769043 0.29203513264656066895 0.30774748325347900391 0.30362349748611450195 0.30856183171272277832
0.24747319519519805908 0.24815759062767028809 0.2565396428108215332 0.23876659572124481201 0.25939300656318664551 0.26808333396911621094 0.26808390021324157715 0.27177751064300537109 0.27177751064300537109 0.2651768028736114502 0.26373314857482910156 0.27180242538452148438 0.27703309059143066406 0.29112726449966430664 0.29034876823425292969 0.28957188129425048828 0.30114287137985229492 0.30933067202568054199 0.31431365013122558594 0.30851480364799499512 0.30933067202568054199 0.29312330484390258789 0.29711207747459411621 0.28762990236282348633 0.28455510735511779785 0.27994313836097717285 0.27918833494186401367 0.28302747011184692383 0.28966993093490600586 0.28966993093490600586 0.2842152714729309082 0.28192842006683349609 0.29291254281997680664 0.30665513873100280762 0.28957480192184448242 0.31101408600807189941 0.30685722827911376953 0.30113899707794189453 0.29715913534164428711 0.29080271720886230469 0.29760673642158508301 0.29874616861343383789 0.30693417787551879883
0.25868347287178039551 0.25939324498176574707 0.27016076445579528809 0.25569003820419311523 0.27093204855918884277 0.27089595794677734375 0.27388924360275268555 0.2701613306999206543 0.27463257312774658203 0.27616071701049804688 0.26286235451698303223 0.27541407942771911621 0.27166894078254699707 0.294952392578125 0.29099816083908081055 0.2894433438777923584 0.29390761256217956543 0.29711207747459411621 0.30521571636199951172 0.30440816283226013184 0.29632112383842468262 0.29234063625335693359 0.28762990236282348633 0.27994313836097717285 0.27918776869773864746 0.27539020776748657227 0.28302687406539916992 0.29044699668884277344 0.28498020768165588379 0.28889447450637817383 0.29206815361976623535 0.2849808037281036377 0.28268849849700927734 0.27118313312530517578 0.27874979376792907715 0.29035165905952453613 0.28910118341445922852 0.29150763154029846191 0.28917464613914489746 0.28143206238746643066 0.29557868838310241699 0.2899506688117980957 0.2899506688117980957
0.25868347287178039551 0.26647382974624633789 0.27016076445579528809 0.2686952054500579834 0.25854647159576416016 0.27765884995460510254 0.27690896391868591309 0.27765884995460510254 0.27841031551361083984 0.27765884995460510254 0.2672360539436340332 0.25996699929237365723 0.24867892265319824219 0.26139390468597412109 0.27787989377975463867 0.28017714619636535645 0.27942186594009399414 0.28917706012725830078 0.28762990236282348633 0.29155960679054260254 0.28762990236282348633 0.28762990236282348633 0.27994313836097717285 0.28302687406539916992 0.27089783549308776855 0.27089783549308776855 0.28574737906455993652 0.28574737906455993652 0.27768281102180480957 0.27618458867073059082 0.27693289518356323242 0.28345078229904174805 0.29128769040107727051 0.27414253354072570801 0.27569127082824707031 0.27874979376792907715 0.28101617097854614258 0.28364273905754089355 0.29072833061218261719 0.28143206238746643066 0.28143146634101867676 0.28524568676948547363 0.28135955333709716797
0.23911142349243164062 0.26299023628234863281 0.26792961359024047852 0.2621097266674041748 0.26286181807518005371 0.24475121498107910156 0.25569003820419311523 0.26647382974624633789 0.2657483220100402832 0.27388924360275268555 0.27240741252899169922 0.24867892265319824219 0.24799333512783050537 0.25639307498931884766 0.26067966222763061523 0.28450590372085571289 0.28297847509384155273 0.28297847509384155273 0.28297847509384155273 0.29078021645545959473 0.28685873746871948242 0.27918833494186401367 0.27464580535888671875 0.27089783549308776855 0.26573777198791503906 0.26646322011947631836 0.27464497089385986328 0.26208832859992980957 0.26208832859992980957 0.27315989136695861816 0.26429161429405212402 0.25548437237739562988 0.2583497464656829834 0.2703883051872253418 0.27340024709701538086 0.26234447956085205078 0.26234447956085205078 0.27265959978103637695 0.28678333759307861328 0.28219163417816162109 0.26557758450508117676 0.28060173988342285156 0.27676540613174438477
0.23911142349243164062 0.25868347287178039551 0.25443500280380249023 0.26139390468597412109 0.25285950303077697754 0.23603187501430511475 0.24455565214157104492 0.25005480647087097168 0.26139390468597412109 0.26139390468597412109 0.2621097266674041748 0.26067966222763061523 0.25147092342376708984 0.24387949705123901367 0.24730931222438812256 0.27563369274139404297 0.28685817122459411621 0.28532075881958007812 0.28608924150466918945 0.28922629356384277344 0.27539077401161193848 0.28186741471290588379 0.26646322011947631836 0.27802935242652893066 0.27016180753707885742 0.26501390337944030762 0.26208832859992980957 0.26208832859992980957 0.25847977399826049805 0.25421220064163208008 0.25421220064163208008 0.25334128737449645996 0.25264510512351989746 0.25056603550910949707 0.25298961997032165527 0.26014354825019836426 0.24673350155353546143 0.25160041451454162598 0.27826616168022155762 0.28295287489891052246 0.24965853989124298096 0.27527114748954772949 0.25668999552726745605
0.2384478449821472168 0.25443500280380249023 0.24337680637836456299 0.24610908329486846924 0.25355616211891174316 0.23801031708717346191 0.24205414950847625732 0.24182800948619842529 0.2465934455394744873 0.25005480647087097168 0.26502445340156555176 0.25709772109985351562 0.24387949705123901367 0.23982305824756622314 0.24320490658283233643 0.24253186583518981934 0.25289362668991088867 0.26938194036483764648 0.27647012472152709961 0.25847977399826049805 0.26208832859992980957 0.26573777198791503906 0.2694282233715057373 0.2694282233715057373 0.2694282233715057373 0.26137256622314453125 0.26065835356712341309 0.26208832859992980957 0.25777205824851989746 0.25777205824851989746 0.2463626563549041748 0.24568235874176025391 0.2422615736722946167 0.2484569847583770752 0.24708838760852813721 0.23492488265037536621 0.24396455287933349609 0.24469475448131561279 0.26306244730949401855 0.26112443208694458008 0.23931489884853363037 0.25528416037559509277 0.24890507757663726807
0.23185279965400695801 0.25868347287178039551 0.24955432116985321045 0.25656366348266601562 0.24955432116985321045 0.24475121498107910156 0.23537546396255493164 0.24867892265319824219 0.25355616211891174316 0.25005480647087097168 0.24936607480049133301 0.25355616211891174316 0.24182800948619842529 0.24048982560634613037 0.24563868343830108643 0.25329646468162536621 0.25543925166130065918 0.2671903073787689209 0.2491436302661895752 0.2535146176815032959 0.26137256622314453125 0.2694282233715057373 0.26869624853134155273 0.26869624853134155273 0.2694282233715057373 0.26137256622314453125 0.25351408123970031738 0.25706589221954345703 0.26065835356712341309 0.25264510512351989746 0.24226106703281402588 0.24226106703281402588 0.24500362575054168701 0.24500414729118347168 0.24432644248008728027 0.24297675490379333496 0.24055249989032745361 0.22338350117206573486 0.23442213237285614014 0.24542585015296936035 0.23529155552387237549 0.23998048901557922363 0.24131630361080169678
