Botany2025/data/05_ENMs/Shortia_galacifolia_ENM_optModel.asc
ncols        583
nrows        173
xllcorner    -83.658333333333
yllcorner    34.675000000000
cellsize     0.008333333333
NODATA_value -9999
[rows 0 to 21 of 173, columns 528 to 575 of 583]
-9999 -9999 -9999 -9999 -9999 -9999 -9999 -9999 -9999 -9999 -9999 -9999 0.095376394689083099365 0.09843028336763381958 0.09843028336763381958 0.10431189835071563721 0.098575912415981292725 0.097494803369045257568 0.09840704500675201416 0.099194280803203582764 0.09631016850471496582 0.096757322549819946289 0.09131943434476852417 0.10263478755950927734 0.10809988528490066528 0.12052422016859054565 0.12400546669960021973 0.11618848890066146851 -9999 -9999 -9999 -9999 -9999 -9999 -9999 -9999 -9999 -9999 -9999 -9999 -9999 -9999 -9999 -9999 -9999 -9999 -9999 -9999
-9999 -9999 -9999 -9999 -9999 0.082432411611080169678 0.086796492338180541992 0.082677379250526428223 0.087826713919639587402 0.10388232022523880005 0.10575397312641143799 0.10469748824834823608 0.096953302621841430664 0.10355760902166366577 0.10109336674213409424 0.098611265420913696289 0.095878027379512786865 0.09295950084924697876 0.098108403384685516357 0.096726022660732269287 0.10312431305646896362 0.10067225992679595947 0.097938016057014465332 0.11054457724094390869 0.11066471785306930542 0.12687513232231140137 0.11367236077785491943 0.13959980010986328125 0.13669237494468688965 0.13608095049858093262 0.13525600731372833252 -9999 -9999 -9999 -9999 -9999 -9999 -9999 -9999 -9999 -9999 -9999 -9999 -9999 -9999 -9999 -9999 -9999
0.062230050563812255859 0.064226977527141571045 0.072032466530799865723 0.070700876414775848389 0.071935914456844329834 0.079125575721263885498 0.07620258629322052002 0.081590831279754638672 0.094773881137371063232 0.097991965711116790771 0.10038656741380691528 0.10873734205961227417 0.096725568175315856934 0.10369257628917694092 0.10290048271417617798 0.098029375076293945312 0.098755121231079101562 0.095313064754009246826 0.095402397215366363525 0.09964068979024887085 0.099531821906566619873 0.095772989094257354736 0.10012094676494598389 0.11410621553659439087 0.11940150707960128784 0.10684557259082794189 0.11919012665748596191 0.13903006911277770996 0.13756443560123443604 0.13108427822589874268 0.13821996748447418213 0.13054950535297393799 0.13257530331611633301 0.13063041865825653076 -9999 -9999 -9999 -9999 -9999 -9999 -9999 -9999 -9999 -9999 -9999 -9999 -9999 -9999
0.061734896153211593628 0.062082104384899139404 0.071106575429439544678 0.069859907031059265137 0.073492132127285003662 0.082558341324329376221 0.079381175339221954346 0.087395615875720977783 0.089864842593669891357 0.091708317399024963379 0.099674738943576812744 0.10300227254629135132 0.10792883485555648804 0.098753847181797027588 0.096594184637069702148 0.094522736966609954834 0.092792779207229614258 0.09462868422269821167 0.090937212109565734863 0.093534067273139953613 0.099863961338996887207 0.10039453208446502686 0.1070483773946762085 0.11417372524738311768 0.1146859973669052124 0.1363979727029800415 0.13353389501571655273 0.13429643213748931885 0.12881518900394439697 0.13417734205722808838 0.15428420901298522949 0.14382977783679962158 0.1497570723295211792 0.15379504859447479248 0.13494174182415008545 0.13289618492126464844 -9999 -9999 -9999 -9999 -9999 -9999 -9999 -9999 -9999 -9999 -9999 -9999
0.062339592725038528442 0.063534945249557495117 0.064034231007099151611 0.073519207537174224854 0.072033219039440155029 0.073955401778221130371 0.079715713858604431152 0.085495740175247192383 0.088502138853073120117 0.099356792867183685303 0.088920772075653076172 0.098991535604000091553 0.10025051981210708618 0.09711290895938873291 0.10015338659286499023 0.090156614780426025391 0.09307374805212020874 0.099239729344844818115 0.10875149071216583252 0.099061831831932067871 0.10420706868171691895 0.1027135699987411499 0.10562873631715774536 0.12065469473600387573 0.11575396358966827393 0.13819293677806854248 0.13859824836254119873 0.14722763001918792725 0.14169804751873016357 0.15613520145416259766 0.16363281011581420898 0.15646821260452270508 0.15498273074626922607 0.15138326585292816162 0.14364874362945556641 0.135771140456199646 0.12995970249176025391 0.12265804409980773926 -9999 -9999 -9999 -9999 -9999 -9999 -9999 -9999 -9999 -9999
0.06337973475456237793 0.066592887043952941895 0.064080871641635894775 0.072968810796737670898 0.07322943955659866333 0.077749587595462799072 0.08456465601921081543 0.089120328426361083984 0.091146692633628845215 0.096938282251358032227 0.092923454940319061279 0.10811896622180938721 0.10196497291326522827 0.095332704484462738037 0.109743461012840271 0.10793536156415939331 0.10381194949150085449 0.10327450186014175415 0.10981427133083343506 0.10211606323719024658 0.10689327120780944824 0.10426206141710281372 0.11153952032327651978 0.1101720854640007019 0.11609309166669845581 0.11571167409420013428 0.14443492889404296875 0.13314327597618103027 0.14782448112964630127 0.15592975914478302002 0.14630118012428283691 0.14944921433925628662 0.15047293901443481445 0.13635084033012390137 0.12977086007595062256 0.15600000321865081787 0.13570959866046905518 0.13543856143951416016 0.12257489562034606934 0.12081383168697357178 -9999 -9999 -9999 -9999 -9999 -9999 -9999 -9999
0.064090594649314880371 0.063949204981327056885 0.063906870782375335693 0.07329680025577545166 0.072337791323661804199 0.079625517129898071289 0.08087479323148727417 0.090325929224491119385 0.095663502812385559082 0.090551525354385375977 0.10674396902322769165 0.10247403383255004883 0.10424148291349411011 0.10407819598913192749 0.098947793245315551758 0.10216457396745681763 0.091222293674945831299 0.1056480705738067627 0.10360530763864517212 0.10610699653625488281 0.10644427686929702759 0.11420825868844985962 0.10565862804651260376 0.13165892660617828369 0.12557987868785858154 0.12172512710094451904 0.13112780451774597168 0.14797502756118774414 0.16950854659080505371 0.16490818560123443604 0.15489901602268218994 0.15052622556686401367 0.13586302101612091064 0.13491925597190856934 0.15848630666732788086 0.13235884904861450195 0.13547804951667785645 0.1214954182505607605 0.10774925351142883301 0.10704658925533294678 0.10523917526006698608 -9999 -9999 -9999 -9999 -9999 -9999 -9999
0.061470422893762588501 0.067389599978923797607 0.065005004405975341797 0.071608684957027435303 0.076427564024925231934 0.078604646027088165283 0.08087479323148727417 0.094561994075775146484 0.090533681213855743408 0.096725001931190490723 0.096712604165077209473 0.12206751108169555664 0.11442206054925918579 0.10356347262859344482 0.1067557111382484436 0.10476137697696685791 0.084652960300445556641 0.099434971809387207031 0.10442317277193069458 0.10356146097183227539 0.10689233243465423584 0.10568518936634063721 0.12084128707647323608 0.13185845315456390381 0.13087905943393707275 0.13916023075580596924 0.14794556796550750732 0.16014678776264190674 0.16029554605484008789 0.1584256291389465332 0.15324775874614715576 0.14452624320983886719 0.14348787069320678711 0.15412551164627075195 0.14764697849750518799 0.13464041054248809814 0.12668390572071075439 0.11542496085166931152 0.11255971342325210571 0.098542578518390655518 0.098542578518390655518 0.097246102988719940186 0.087725646793842315674 -9999 -9999 -9999 -9999 -9999
0.060457631945610046387 0.071232326328754425049 0.06898508220911026001 0.074021123349666595459 0.084130682051181793213 0.086466625332832336426 0.090929068624973297119 0.091346763074398040771 0.097376741468906402588 0.11034701764583587646 0.11544998735189437866 0.12600986659526824951 0.12398334592580795288 0.10756234824657440186 0.1042371019721031189 0.095519132912158966064 0.085755199193954467773 0.087651975452899932861 0.099752478301525115967 0.1007747948169708252 0.10549460351467132568 0.11449293047189712524 0.1191837117075920105 0.12662297487258911133 0.12215205281972885132 0.14132745563983917236 0.15609791874885559082 0.17037042975425720215 0.16374027729034423828 0.1663859635591506958 0.14669749140739440918 0.15200710296630859375 0.13509054481983184814 0.13573895394802093506 0.13568063080310821533 0.11816348880529403687 0.1117288544774055481 0.11061407625675201416 0.09991289675235748291 0.098296970129013061523 0.087883107364177703857 0.07946376502513885498 0.071826495230197906494 0.074235260486602783203 -9999 -9999 -9999 -9999
0.072471231222152709961 0.078019663691520690918 0.074070788919925689697 0.080292910337448120117 0.082771956920623779297 0.087183967232704162598 0.088578991591930389404 0.090231247246265411377 0.10824847221374511719 0.10824847221374511719 0.12401858717203140259 0.12232712656259536743 0.12569025158882141113 0.10692618787288665771 0.098294720053672790527 0.10722064971923828125 0.10110729187726974487 0.1017345041036605835 0.1035498008131980896 0.10723128914833068848 0.11994754523038864136 0.11929892003536224365 0.11974643915891647339 0.14325551688671112061 0.14900708198547363281 0.15233092010021209717 0.15288941562175750732 0.16533780097961425781 0.15536123514175415039 0.16818149387836456299 0.17600271105766296387 0.13695830106735229492 0.13196565210819244385 0.12666583061218261719 0.12669803202152252197 0.11873123049736022949 0.10795219987630844116 0.10547585040330886841 0.092106349766254425049 0.090007148683071136475 0.079348504543304443359 0.077965073287487030029 0.067819125950336456299 0.068864531815052032471 0.064446382224559783936 -9999 -9999 -9999
0.076594270765781402588 0.077877692878246307373 0.078882858157157897949 0.099816001951694488525 0.10190178453922271729 0.092261068522930145264 0.097420029342174530029 0.098415672779083251953 0.10797754675149917603 0.12143635749816894531 0.11928207427263259888 0.12170324474573135376 0.12248819321393966675 0.11709593981504440308 0.11957163363695144653 0.10599575936794281006 0.10215488076210021973 0.10563202202320098877 0.10332096368074417114 0.11171839386224746704 0.12373761832714080811 0.12442645430564880371 0.12771880626678466797 0.14720082283020019531 0.15128023922443389893 0.15969297289848327637 0.1576487123966217041 0.15952944755554199219 0.17263853549957275391 0.1758680194616317749 0.15675747394561767578 0.14624825119972229004 0.1267115473747253418 0.12974955141544342041 0.12205206602811813354 0.11655391007661819458 0.1027135699987411499 0.10447850078344345093 0.094778783619403839111 0.092329584062099456787 0.077754788100719451904 0.08389231562614440918 0.069916658103466033936 0.06903985142707824707 0.069014877080917358398 0.074549309909343719482 -9999 -9999
0.083610735833644866943 0.089536026120185852051 0.093672826886177062988 0.096012108027935028076 0.095074974000453948975 0.097004644572734832764 0.10360711067914962769 0.10792928934097290039 0.12776094675064086914 0.13012640178203582764 0.11214770376682281494 0.12466742098331451416 0.12395262718200683594 0.12255313247442245483 0.11603141576051712036 0.11485422402620315552 0.1122881770133972168 0.1170549541711807251 0.12641762197017669678 0.13113631308078765869 0.13128763437271118164 0.12492979317903518677 0.13962838053703308105 0.14559376239776611328 0.15331406891345977783 0.14552724361419677734 0.1560296863317489624 0.17480885982513427734 0.17480885982513427734 0.15180502831935882568 0.14620625972747802734 0.12637579441070556641 0.1297213137149810791 0.1188116222620010376 0.11263773590326309204 0.1010182797908782959 0.10987935960292816162 0.095854215323925018311 0.083399832248687744141 0.082523353397846221924 0.077314265072345733643 0.071385912597179412842 0.064426496624946594238 0.060088191181421279907 0.063030958175659179688 0.063956268131732940674 0.068471327424049377441 -9999
0.086139366030693054199 0.095848321914672851562 0.096042193472385406494 0.10286343842744827271 0.10456369072198867798 0.11020808666944503784 0.11558134108781814575 0.12852768599987030029 0.1174478381872177124 0.14944671094417572021 0.13626772165298461914 0.13409452140331268311 0.13793839514255523682 0.14242187142372131348 0.14137773215770721436 0.1402530968189239502 0.13445611298084259033 0.13630859553813934326 0.13587155938148498535 0.13680239021778106689 0.15741956233978271484 0.1425313800573348999 0.14290179312229156494 0.15085102617740631104 0.1400693356990814209 0.15558019280433654785 0.13579857349395751953 0.16743037104606628418 0.15414160490036010742 0.14675831794738769531 0.13445304334163665771 0.13787612318992614746 0.12933717668056488037 0.11082278192043304443 0.10537883639335632324 0.10701324790716171265 0.099676281213760375977 0.088976986706256866455 0.08075211942195892334 0.076735116541385650635 0.068999268114566802979 0.061597716063261032104 0.060826189815998077393 0.054336495697498321533 0.0557976551353931427 0.056942727416753768921 0.05923862755298614502 0.059627335518598556519
0.092877753078937530518 0.1010971367359161377 0.09774363785982131958 0.11456453055143356323 0.11725533008575439453 0.11257695406675338745 0.11910523474216461182 0.13059280812740325928 0.13957731425762176514 0.13884796202182769775 0.14447778463363647461 0.13445654511451721191 0.1379632800817489624 0.14632010459899902344 0.14324437081813812256 0.1531938016414642334 0.14447812736034393311 0.15327592194080352783 0.16854882240295410156 0.15302899479866027832 0.15444546937942504883 0.15254801511764526367 0.14592243731021881104 0.1440133899450302124 0.15072876214981079102 0.13730613887310028076 0.15649443864822387695 0.15806731581687927246 0.15410524606704711914 0.13876809179782867432 0.13128088414669036865 0.12430474907159805298 0.11852566897869110107 0.11035857349634170532 0.11299906671047210693 0.10617737472057342529 0.086920827627182006836 0.08891201019287109375 0.077774427831172943115 0.077750660479068756104 0.071895979344844818115 0.063224308192729949951 0.059775091707706451416 0.052357152104377746582 0.054351054131984710693 0.048448253422975540161 0.052490536123514175415 0.053078841418027877808
0.099785953760147094727 0.10079885274171829224 0.1019539758563041687 0.10740891098976135254 0.11294227838516235352 0.13296660780906677246 0.12930583953857421875 0.13340988755226135254 0.13295318186283111572 0.14426471292972564697 0.1347119063138961792 0.14637361466884613037 0.13852761685848236084 0.14184984564781188965 0.1473045647144317627 0.16683509945869445801 0.16896793246269226074 0.17019563913345336914 0.16680827736854553223 0.15992558002471923828 0.15388461947441101074 0.15193788707256317139 0.13803870975971221924 0.14734648168087005615 0.15472322702407836914 0.14878173172473907471 0.15157648921012878418 0.14424254000186920166 0.13481828570365905762 0.12977112829685211182 0.11780937016010284424 0.12152948975563049316 0.11877337098121643066 0.11937228590250015259 0.11111088097095489502 0.093793444335460662842 0.085599496960639953613 0.083163253962993621826 0.082158766686916351318 0.071919828653335571289 0.070717073976993560791 0.0606861896812915802 0.061033584177494049072 0.05055018886923789978 0.054137106984853744507 0.056209299713373184204 0.056463070213794708252 0.049653857946395874023
0.09737863391637802124 0.099372632801532745361 0.12711252272129058838 0.13012950122356414795 0.12699387967586517334 0.11241048574447631836 0.13215139508247375488 0.12887668609619140625 0.13180571794509887695 0.1455284804105758667 0.1330079883337020874 0.14395733177661895752 0.14856302738189697266 0.14257413148880004883 0.17095200717449188232 0.17404927313327789307 0.17296154797077178955 0.16458119451999664307 0.15581302344799041748 0.15948116779327392578 0.14256298542022705078 0.16121481359004974365 0.15480421483516693115 0.14382557570934295654 0.14189887046813964844 0.13703832030296325684 0.1345472484827041626 0.14724990725517272949 0.14359647035598754883 0.138768807053565979 0.1282072216272354126 0.12529589235782623291 0.11712560057640075684 0.11257442831993103027 0.10273633897304534912 0.093685746192932128906 0.097957126796245574951 0.088500894606113433838 0.082612656056880950928 0.071975164115428924561 0.069884181022644042969 0.065683007240295410156 0.060242969542741775513 0.053639531135559082031 0.055256206542253494263 0.054779633879661560059 0.055587429553270339966 0.055768691003322601318
0.12155988812446594238 0.11786613613367080688 0.12233743816614151001 0.13043200969696044922 0.10364440083503723145 0.13337565958499908447 0.13468375802040100098 0.12715046107769012451 0.13464973866939544678 0.14229847490787506104 0.15028563141822814941 0.14727155864238739014 0.14089952409267425537 0.17085711658000946045 0.16556711494922637939 0.17337413132190704346 0.16720019280910491943 0.16739641129970550537 0.1608641892671585083 0.17097191512584686279 0.1633313596248626709 0.15955694019794464111 0.16376173496246337891 0.15659096837043762207 0.15433637797832489014 0.15478272736072540283 0.14545777440071105957 0.13196408748626708984 0.13229069113731384277 0.13274022936820983887 0.12420919537544250488 0.12124039232730865479 0.11176005750894546509 0.11323837190866470337 0.10482972860336303711 0.10438148677349090576 0.091323807835578918457 0.08623921126127243042 0.075727038085460662842 0.072867304086685180664 0.070241943001747131348 0.066070988774299621582 0.060461197048425674438 0.056845322251319885254 0.05554018169641494751 0.055903092026710510254 0.056140832602977752686 0.061137858778238296509
0.12047567963600158691 0.12459544837474822998 0.12504659593105316162 0.13089740276336669922 0.12533302605152130127 0.13358581066131591797 0.13597354292869567871 0.13874448835849761963 0.1452665179967880249 0.144605979323387146 0.14820592105388641357 0.14873054623603820801 0.16198405623435974121 0.1727460026741027832 0.16625836491584777832 0.16581302881240844727 0.17153275012969970703 0.15223453938961029053 0.16622525453567504883 0.15133622288703918457 0.17549706995487213135 0.17070756852626800537 0.16025805473327636719 0.1479288935661315918 0.14732752740383148193 0.14262852072715759277 0.1371123194694519043 0.13137516379356384277 0.11588457226753234863 0.12192176282405853271 0.13415668904781341553 0.12762212753295898438 0.10828391462564468384 0.098551869392395019531 0.10719325393438339233 0.096541449427604675293 0.092786572873592376709 0.086881019175052642822 0.078853502869606018066 0.07192169874906539917 0.068544805049896240234 0.067906834185123443604 0.062631420791149139404 0.055175539106130599976 0.055532988160848617554 0.056950520724058151245 0.057959806174039840698 0.058372873812913894653
0.12395647913217544556 0.12968200445175170898 0.12844236195087432861 0.12994670867919921875 0.12896317243576049805 0.13413424789905548096 0.13563112914562225342 0.13564644753932952881 0.13430753350257873535 0.14631055295467376709 0.14395400881767272949 0.14139877259731292725 0.14195337891578674316 0.16813230514526367188 0.15774078667163848877 0.15808147192001342773 0.15004490315914154053 0.16547465324401855469 0.17075237631797790527 0.18031556904315948486 0.1641407310962677002 0.15689894556999206543 0.16781690716743469238 0.1647869497537612915 0.14845018088817596436 0.14369960129261016846 0.13884949684143066406 0.13254335522651672363 0.12995426356792449951 0.12531280517578125 0.12164088338613510132 0.1146839335560798645 0.1146839335560798645 0.10284364968538284302 0.096997603774070739746 0.094910949468612670898 0.090753942728042602539 0.082585290074348449707 0.07677068561315536499 0.074768133461475372314 0.068050660192966461182 0.064627774059772491455 0.064167894423007965088 0.057079382240772247314 0.056475333869457244873 0.057431090623140335083 0.057752851396799087524 0.056059207767248153687
0.13752713799476623535 0.13465507328510284424 0.1383380889892578125 0.13098162412643432617 0.13361592590808868408 0.13169761002063751221 0.13912640511989593506 0.13604524731636047363 0.13847282528877258301 0.14865663647651672363 0.14613039791584014893 0.17456795275211334229 0.16602838039398193359 0.16155280172824859619 0.16631048917770385742 0.17841406166553497314 0.17273426055908203125 0.15029120445251464844 0.17820142209529876709 0.18190442025661468506 0.16478402912616729736 0.15958273410797119141 0.1494362950325012207 0.15048953890800476074 0.1494455188512802124 0.12845115363597869873 0.12532100081443786621 0.11710792034864425659 0.11484870314598083496 0.11388332396745681763 0.10637675970792770386 0.11538852006196975708 0.11014382541179656982 0.10212797671556472778 0.096570566296577453613 0.092116735875606536865 0.091779984533786773682 0.080443769693374633789 0.076490744948387145996 0.076887696981430053711 0.068794280290603637695 0.064637742936611175537 0.062740437686443328857 0.059381507337093353271 0.058041531592607498169 0.059804905205965042114 0.059778671711683273315 0.060623630881309509277
0.14029733836650848389 0.13045389950275421143 0.13273462653160095215 0.13640002906322479248 0.14211812615394592285 0.13886977732181549072 0.13952386379241943359 0.14803211390972137451 0.13878248631954193115 0.14688734710216522217 0.1739450991153717041 0.17146243155002593994 0.16285729408264160156 0.16335566341876983643 0.16381555795669555664 0.16737236082553863525 0.16533683240413665771 0.16864673793315887451 0.17400455474853515625 0.16330976784229278564 0.15653198957443237305 0.17354756593704223633 0.15396772325038909912 0.15781183540821075439 0.13929937779903411865 0.14032083749771118164 0.13039314746856689453 0.13684096932411193848 0.11794237792491912842 0.12067130953073501587 0.11023533344268798828 0.10771708190441131592 0.10653023421764373779 0.10634036362171173096 0.1029172167181968689 0.099870502948760986328 0.090724460780620574951 0.086973004043102264404 0.081748992204666137695 0.081182740628719329834 0.070232331752777099609 0.066073723137378692627 0.063615880906581878662 0.059115245938301086426 0.065594173967838287354 0.063501209020614624023 0.061424490064382553101 0.065282702445983886719
0.12593999505043029785 0.124200478196144104 0.13701505959033966064 0.1364965587854385376 0.14125385880470275879 0.13698478043079376221 0.14359538257122039795 0.1375621408224105835 0.14663781225681304932 0.14426417648792266846 0.1739450991153717041 0.17067725956439971924 0.16543947160243988037 0.16183543205261230469 0.15862907469272613525 0.1768369525671005249 0.18753963708877563477 0.16395623981952667236 0.1591358184814453125 0.17308126389980316162 0.1546910405158996582 0.16732288897037506104 0.15428619086742401123 0.1489814072847366333 0.13731630146503448486 0.14460821449756622314 0.13741579651832580566 0.12814126908779144287 0.12240210920572280884 0.12653380632400512695 0.11928629130125045776 0.12398474663496017456 0.12867744266986846924 0.10723125189542770386 0.10239350050687789917 0.099252901971340179443 0.094113364815711975098 0.087858751416206359863 0.08028201758861541748 0.073912732303142547607 0.073650285601615905762 0.068604990839958190918 0.061872262507677078247 0.069718286395072937012 0.06307716667652130127 0.060267906635999679565 0.061502248048782348633 0.062395516782999038696
