Botany2025/data/05_ENMs/Shortia_galacifolia_ENM_optModel.asc
ncols        583
nrows        173
xllcorner    -83.658333333333
yllcorner    34.675000000000
cellsize     0.008333333333
NODATA_value -9999
[rows 44 to 65 of 173, columns 480 to 527 of 583]
0.093125455081462860107 0.090682759881019592285 0.090828232467174530029 0.092657826840877532959 0.094181045889854431152 0.093702331185340881348 0.092876233160495758057 0.098400682210922241211 0.091515921056270599365 0.086663477122783660889 0.088548906147480010986 0.093933738768100738525 0.10810750722885131836 0.11302851885557174683 0.10693402588367462158 0.11418493092060089111 0.12001252919435501099 0.11972230672836303711 0.11225788295269012451 0.11911588162183761597 0.11165791749954223633 0.11064796894788742065 0.11074221134185791016 0.11491546034812927246 0.11414038389921188354 0.11615897715091705322 0.11627352982759475708 0.11784356087446212769 0.12466360628604888916 0.11302743852138519287 0.13349483907222747803 0.13712525367736816406 0.15214517712593078613 0.14589749276638031006 0.15617734193801879883 0.16205948591232299805 0.15642102062702178955 0.15669943392276763916 0.15506500005722045898 0.15545949339866638184 0.16225023567676544189 0.16615311801433563232 0.1564092785120010376 0.15734842419624328613 0.16034366190433502197 0.1681073606014251709 0.17558279633522033691 0.19345495104789733887
0.087938852608203887939 0.084892407059669494629 0.09273805469274520874 0.087302826344966888428 0.089220121502876281738 0.10124103724956512451 0.09319079667329788208 0.092651471495628356934 0.098319277167320251465 0.094674572348594665527 0.097283184528350830078 0.10096458345651626587 0.10913575440645217896 0.11248368769884109497 0.12758623063564300537 0.11163326352834701538 0.12013100087642669678 0.11225788295269012451 0.11819681525230407715 0.11265388131141662598 0.11611519753932952881 0.11365231126546859741 0.11006933450698852539 0.11093573272228240967 0.10920009762048721313 0.10942845046520233154 0.1100083962082862854 0.11315623670816421509 0.12012335658073425293 0.12984864413738250732 0.13533359766006469727 0.147390708327293396 0.14986459910869598389 0.16420966386795043945 0.15139834582805633545 0.15562082827091217041 0.16639846563339233398 0.15250213444232940674 0.16203294694423675537 0.1598409116268157959 0.15729752182960510254 0.16269139945507049561 0.17994014918804168701 0.16980087757110595703 0.1598599553108215332 0.17627044022083282471 0.20107048749923706055 0.19905552268028259277
0.0888155326247215271 0.091223061084747314453 0.091633498668670654297 0.089323751628398895264 0.086622677743434906006 0.087141983211040496826 0.094079062342643737793 0.09058360755443572998 0.091685593128204345703 0.09588155895471572876 0.096054919064044952393 0.099212177097797393799 0.10534091293811798096 0.10567251592874526978 0.11383715271949768066 0.11986649781465530396 0.11978906393051147461 0.11666805297136306763 0.11265388131141662598 0.10535270720720291138 0.11012069135904312134 0.10374137759208679199 0.10297010093927383423 0.10413351655006408691 0.10772746801376342773 0.10867692530155181885 0.099832609295845031738 0.099485419690608978271 0.10275763273239135742 0.11826890707015991211 0.12127040326595306396 0.13847209513187408447 0.1595633774995803833 0.1568011939525604248 0.1516618579626083374 0.14993894100189208984 0.15522423386573791504 0.1881732940673828125 0.19420112669467926025 0.18744252622127532959 0.19809623062610626221 0.17716534435749053955 0.17525632679462432861 0.18001316487789154053 0.16019046306610107422 0.16822987794876098633 0.16935651004314422607 0.20157061517238616943
0.099808521568775177002 0.10680305212736129761 0.10060447454452514648 0.10351376980543136597 0.085792809724807739258 0.096457011997699737549 0.10497347265481948853 0.097268164157867431641 0.09445120394229888916 0.090525157749652862549 0.093613676726818084717 0.097374305129051208496 0.11112217605113983154 0.10579064488410949707 0.11124700307846069336 0.12396962195634841919 0.13929416239261627197 0.12746693193912506104 0.13263931870460510254 0.13258904218673706055 0.11218690872192382812 0.1089816167950630188 0.11173327267169952393 0.10797511041164398193 0.1065991818904876709 0.10802958160638809204 0.10414844006299972534 0.10801958292722702026 0.12722724676132202148 0.13055980205535888672 0.13073651492595672607 0.13757587969303131104 0.14535604417324066162 0.14739185571670532227 0.15612493455410003662 0.15361693501472473145 0.16710235178470611572 0.19020995497703552246 0.19466398656368255615 0.18507425487041473389 0.19968846440315246582 0.20971128344535827637 0.19797544181346893311 0.17612914741039276123 0.16837355494499206543 0.1719249039888381958 0.18603751063346862793 0.19396893680095672607
0.10509531199932098389 0.10915791243314743042 0.10875838249921798706 0.10882861167192459106 0.10365349799394607544 0.11007074266672134399 0.11314491182565689087 0.1091880500316619873 0.092662423849105834961 0.10312771797180175781 0.10312771797180175781 0.098304010927677154541 0.10227117687463760376 0.10859182476997375488 0.1207802891731262207 0.12893669307231903076 0.12728752195835113525 0.13173173367977142334 0.135500296950340271 0.1259288787841796875 0.1230637282133102417 0.11890271306037902832 0.12944567203521728516 0.12009334564208984375 0.12867520749568939209 0.12056712061166763306 0.1049715578556060791 0.11124864965677261353 0.11637552827596664429 0.12219519913196563721 0.1244703829288482666 0.14079040288925170898 0.17265138030052185059 0.16425186395645141602 0.15409858524799346924 0.17919106781482696533 0.18614687025547027588 0.18651886284351348877 0.18596878647804260254 0.19719137251377105713 0.18765981495380401611 0.18224421143531799316 0.18742460012435913086 0.20796906948089599609 0.19535829126834869385 0.19055022299289703369 0.19080263376235961914 0.1868133842945098877
0.11208665370941162109 0.10960869491100311279 0.11367109417915344238 0.10519850254058837891 0.11523634940385818481 0.10976967215538024902 0.11313228309154510498 0.11633440107107162476 0.11283831298351287842 0.098034545779228210449 0.099016517400741577148 0.10293387621641159058 0.11452431976795196533 0.11431732028722763062 0.12030462175607681274 0.1291331946849822998 0.13271112740039825439 0.1274779587984085083 0.12866878509521484375 0.13674530386924743652 0.12571538984775543213 0.12274760007858276367 0.13397261500358581543 0.13398829102516174316 0.13058996200561523438 0.13313752412796020508 0.12993901968002319336 0.12993901968002319336 0.14797723293304443359 0.15912458300590515137 0.16070488095283508301 0.15326094627380371094 0.150469169020652771 0.17182917892932891846 0.17964379489421844482 0.18471196293830871582 0.18643866479396820068 0.19883896410465240479 0.1864995807409286499 0.2052046656608581543 0.20520162582397460938 0.19165872037410736084 0.20792177319526672363 0.20291526615619659424 0.20529791712760925293 0.19851024448871612549 0.20931573212146759033 0.20747809112071990967
0.10647939145565032959 0.10819917172193527222 0.11247641593217849731 0.11166330426931381226 0.12015723437070846558 0.11427118629217147827 0.11317732930183410645 0.11520066112279891968 0.11170765012502670288 0.11462970823049545288 0.11442817747592926025 0.11855051666498184204 0.13044586777687072754 0.12942619621753692627 0.12068200856447219849 0.12579153478145599365 0.13026133179664611816 0.13101138174533843994 0.12783569097518920898 0.13429048657417297363 0.1295499950647354126 0.12483394891023635864 0.12646180391311645508 0.1354341357946395874 0.13434521853923797607 0.14416977763175964355 0.12510722875595092773 0.12801694869995117188 0.14512650668621063232 0.15619939565658569336 0.14989145100116729736 0.14958108961582183838 0.16540727019309997559 0.16293427348136901855 0.16437095403671264648 0.17912027239799499512 0.18771499395370483398 0.18908032774925231934 0.20079723000526428223 0.19783362746238708496 0.20175351202487945557 0.19947913289070129395 0.21097014844417572021 0.20010741055011749268 0.20006962120532989502 0.20607565343379974365 0.20554623007774353027 0.21266719698905944824
0.10924550145864486694 0.11540007591247558594 0.12285853922367095947 0.13240762054920196533 0.13242518901824951172 0.1336285322904586792 0.1139888763427734375 0.10820830613374710083 0.11730737239122390747 0.11384043097496032715 0.12075874954462051392 0.12413594871759414673 0.12778210639953613281 0.13820618391036987305 0.11944142729043960571 0.13088612258434295654 0.13058517873287200928 0.13635337352752685547 0.14493609964847564697 0.13854548335075378418 0.12990602850914001465 0.15337483584880828857 0.15140107274055480957 0.15337483584880828857 0.15289661288261413574 0.16105882823467254639 0.13634939491748809814 0.15153960883617401123 0.14912262558937072754 0.15481863915920257568 0.15202122926712036133 0.15925377607345581055 0.15247355401515960693 0.15784534811973571777 0.17009209096431732178 0.17774386703968048096 0.19714042544364929199 0.1994419097900390625 0.19295868277549743652 0.19317451119422912598 0.19646696746349334717 0.20257356762886047363 0.20350462198257446289 0.22884620726108551025 0.20167356729507446289 0.21287426352500915527 0.21463142335414886475 0.20730943977832794189
0.10574252158403396606 0.12262891232967376709 0.12347381561994552612 0.12829633057117462158 0.12535715103149414062 0.12818537652492523193 0.10765355825424194336 0.10851460695266723633 0.11671274900436401367 0.11619396507740020752 0.12824170291423797607 0.12108205258846282959 0.13317057490348815918 0.12907761335372924805 0.13722771406173706055 0.12249185889959335327 0.13265953958034515381 0.13431873917579650879 0.15170364081859588623 0.12219805270433425903 0.14085508882999420166 0.14750282466411590576 0.15022441744804382324 0.14993990957736968994 0.14993990957736968994 0.15289661288261413574 0.15206228196620941162 0.16874198615550994873 0.16172279417514801025 0.15258693695068359375 0.15651915967464447021 0.14872615039348602295 0.15724965929985046387 0.17665597796440124512 0.16363422572612762451 0.17465950548648834229 0.1953729093074798584 0.18778185546398162842 0.20210160315036773682 0.22880786657333374023 0.22211916744709014893 0.23026995360851287842 0.2417338937520980835 0.22815012931823730469 0.22971738874912261963 0.24133683741092681885 0.20497390627861022949 0.21594932675361633301
0.12343580275774002075 0.12148280441761016846 0.12347381561994552612 0.12880279123783111572 0.13018991053104400635 0.12572664022445678711 0.11901409924030303955 0.11070700734853744507 0.11903619766235351562 0.11794248223304748535 0.11803699284791946411 0.11956349760293960571 0.12334355711936950684 0.13519889116287231445 0.13722771406173706055 0.14214080572128295898 0.14019812643527984619 0.14399537444114685059 0.1520900428295135498 0.11997626721858978271 0.14369599521160125732 0.14672426879405975342 0.14672426879405975342 0.15639245510101318359 0.15428486466407775879 0.16277886927127838135 0.15879364311695098877 0.16401685774326324463 0.16023939847946166992 0.17033118009567260742 0.15086348354816436768 0.14687879383563995361 0.15334838628768920898 0.16391329467296600342 0.17193545401096343994 0.16335815191268920898 0.17695327103137969971 0.17005456984043121338 0.18196670711040496826 0.18114902079105377197 0.21365140378475189209 0.20532384514808654785 0.22652700543403625488 0.23063425719738006592 0.21987010538578033447 0.21623405814170837402 0.22703252732753753662 0.20162385702133178711
0.11587592214345932007 0.11911363154649734497 0.12697798013687133789 0.12713554501533508301 0.12668286263942718506 0.12929359078407287598 0.11561417579650878906 0.11356914788484573364 0.11175454407930374146 0.11803787946701049805 0.12251621484756469727 0.13131307065486907959 0.12534041702747344971 0.13771921396255493164 0.13755449652671813965 0.1412102431058883667 0.14272247254848480225 0.14331796765327453613 0.14164687693119049072 0.1400880664587020874 0.14672426879405975342 0.14191839098930358887 0.14951798319816589355 0.15348595380783081055 0.15489536523818969727 0.1521014869213104248 0.15326838195323944092 0.1570046842098236084 0.14984254539012908936 0.15948019921779632568 0.16478440165519714355 0.17410163581371307373 0.14982628822326660156 0.15839459002017974854 0.15733386576175689697 0.15429164469242095947 0.16032005846500396729 0.15709634125232696533 0.20298109948635101318 0.18659581243991851807 0.2008114159107208252 0.19802285730838775635 0.20329931378364562988 0.21670274436473846436 0.20852741599082946777 0.2126465141773223877 0.2144114077091217041 0.22074428200721740723
0.10964494198560714722 0.11638986319303512573 0.11863312125205993652 0.1229503825306892395 0.11838886886835098267 0.12698474526405334473 0.13323935866355895996 0.11226499825716018677 0.10707571357488632202 0.11641238629817962646 0.12982629239559173584 0.12846930325031280518 0.12712052464485168457 0.13077785074710845947 0.13803647458553314209 0.1410201340913772583 0.14398503303527832031 0.14287252724170684814 0.13566276431083679199 0.13830138742923736572 0.14047993719577789307 0.14632557332515716553 0.14692473411560058594 0.1489140242338180542 0.15500880777835845947 0.16189533472061157227 0.16612228751182556152 0.15592938661575317383 0.15513448417186737061 0.15870466828346252441 0.15674331784248352051 0.13960771262645721436 0.14894708991050720215 0.14432056248188018799 0.15165601670742034912 0.17855186760425567627 0.17449514567852020264 0.18016070127487182617 0.180601462721824646 0.1865475773811340332 0.19666816294193267822 0.20145109295845031738 0.21388490498065948486 0.2217257767915725708 0.2014169842004776001 0.21222265064716339111 0.21755491197109222412 0.23025536537170410156
0.11396279186010360718 0.11396279186010360718 0.11544904857873916626 0.12126594036817550659 0.11563435196876525879 0.12698474526405334473 0.13505892455577850342 0.11080875247716903687 0.12045033276081085205 0.1114137992262840271 0.12240248918533325195 0.12578769028186798096 0.12832581996917724609 0.12892873585224151611 0.13558170199394226074 0.14398503303527832031 0.15158216655254364014 0.14911454916000366211 0.15077733993530273438 0.13745254278182983398 0.13968835771083831787 0.15029120445251464844 0.15450429916381835938 0.14166247844696044922 0.14984235167503356934 0.15866877138614654541 0.14821387827396392822 0.14663748443126678467 0.14232164621353149414 0.15744872391223907471 0.1560287177562713623 0.13188502192497253418 0.14454519748687744141 0.13344602286815643311 0.15768706798553466797 0.16385124623775482178 0.17341732978820800781 0.15776863694190979004 0.17297267913818359375 0.18163742125034332275 0.19289059937000274658 0.19054479897022247314 0.20573976635932922363 0.18656757473945617676 0.21088717877864837646 0.19657023251056671143 0.21369625627994537354 0.21964433789253234863
0.12037547677755355835 0.1117776036262512207 0.12095499038696289062 0.11544904857873916626 0.11263599246740341187 0.11728404462337493896 0.12851832807064056396 0.12304694205522537231 0.12120818346738815308 0.14492990076541900635 0.12800671160221099854 0.12800671160221099854 0.13299638032913208008 0.12844522297382354736 0.13125509023666381836 0.13710223138332366943 0.13246829807758331299 0.14009001851081848145 0.13847114145755767822 0.13769729435443878174 0.14489883184432983398 0.1344747692346572876 0.14280895888805389404 0.14182831346988677979 0.14487837255001068115 0.14487837255001068115 0.15305368602275848389 0.14663748443126678467 0.14806421101093292236 0.15360051393508911133 0.15360051393508911133 0.15952154994010925293 0.146677359938621521 0.1624059528112411499 0.15248943865299224854 0.15842802822589874268 0.1672258526086807251 0.17792561650276184082 0.17265971004962921143 0.15575741231441497803 0.17189599573612213135 0.17744898796081542969 0.17663390934467315674 0.20822557806968688965 0.22556965053081512451 0.21134735643863677979 0.20707623660564422607 -9999
0.11666414141654968262 0.11598964035511016846 0.11536795645952224731 0.11961663514375686646 0.11939191073179244995 0.12138620764017105103 0.12623159587383270264 0.12776525318622589111 0.13774067163467407227 0.12691159546375274658 0.14565542340278625488 0.13341684639453887939 0.14986880123615264893 0.12870068848133087158 0.12580539286136627197 0.12580539286136627197 0.12494570016860961914 0.13075186312198638916 0.1299384385347366333 0.12883797287940979004 0.12883797287940979004 0.12944312393665313721 0.13839378952980041504 0.13485977053642272949 0.14525519311428070068 0.14053627848625183105 0.14229594171047210693 0.14500628411769866943 0.15171331167221069336 0.15171331167221069336 0.15875205397605895996 0.14631257951259613037 0.14880901575088500977 0.14980880916118621826 0.15456056594848632812 0.15304549038410186768 0.16738906502723693848 0.1662801206111907959 0.17844010889530181885 0.17772448062896728516 -9999 -9999 -9999 -9999 -9999 -9999 -9999 -9999
0.12008502334356307983 0.1217104792594909668 0.1184015125036239624 0.12270363420248031616 0.11947565525770187378 0.12182694673538208008 0.125583648681640625 0.12858010828495025635 0.13774067163467407227 0.13336499035358428955 0.13149040937423706055 0.14081434905529022217 0.13957273960113525391 0.12521484494209289551 0.11894275248050689697 0.13488142192363739014 0.12816709280014038086 0.11948135495185852051 0.12644407153129577637 0.12530946731567382812 0.14741384983062744141 0.1470260322093963623 0.12663941085338592529 0.13692796230316162109 0.14249312877655029297 0.13850694894790649414 0.14789712429046630859 0.15171331167221069336 0.15196798741817474365 0.15196798741817474365 0.14399166405200958252 0.14399166405200958252 0.14577873051166534424 0.16144955158233642578 -9999 -9999 -9999 -9999 -9999 -9999 -9999 -9999 -9999 -9999 -9999 -9999 -9999 -9999
0.13537447154521942139 0.13673637807369232178 0.12916399538516998291 0.11853763461112976074 0.12037747353315353394 0.11918663978576660156 0.1235707402229309082 0.13645228743553161621 0.13306960463523864746 0.13777180016040802002 0.13144387304782867432 0.12924185395240783691 0.13942641019821166992 0.13756881654262542725 0.13748253881931304932 0.12711665034294128418 0.11754427850246429443 0.12288238108158111572 0.12298776954412460327 0.14433616399765014648 0.14858831465244293213 0.14063483476638793945 0.15393075346946716309 0.16001844406127929688 0.14597661793231964111 0.1493568718433380127 0.14974157512187957764 0.14974157512187957764 -9999 -9999 -9999 -9999 -9999 -9999 -9999 -9999 -9999 -9999 -9999 -9999 -9999 -9999 -9999 -9999 -9999 -9999 -9999 -9999
0.13762399554252624512 0.13167874515056610107 0.13246174156665802002 0.13283793628215789795 0.1191263049840927124 0.12250314652919769287 0.12545879185199737549 0.12554398179054260254 0.12797856330871582031 0.12903840839862823486 0.12903840839862823486 0.13720186054706573486 0.13826903700828552246 0.13712739944458007812 0.14099101722240447998 0.13479182124137878418 0.13825067877769470215 0.13593062758445739746 0.13849626481533050537 0.1375188976526260376 0.14323128759860992432 0.14079323410987854004 -9999 -9999 -9999 -9999 -9999 -9999 -9999 -9999 -9999 -9999 -9999 -9999 -9999 -9999 -9999 -9999 -9999 -9999 -9999 -9999 -9999 -9999 -9999 -9999 -9999 -9999
0.1352809518575668335 0.1266282498836517334 0.13556836545467376709 0.12813584506511688232 0.12919163703918457031 0.12344611436128616333 0.13237893581390380859 0.12782783806324005127 0.12677322328090667725 0.12780144810676574707 0.13490599393844604492 0.13330027461051940918 0.13562151789665222168 0.13187372684478759766 0.12977455556392669678 -9999 -9999 -9999 -9999 -9999 -9999 -9999 -9999 -9999 -9999 -9999 -9999 -9999 -9999 -9999 -9999 -9999 -9999 -9999 -9999 -9999 -9999 -9999 -9999 -9999 -9999 -9999 -9999 -9999 -9999 -9999 -9999 -9999
0.13108707964420318604 0.12969070672988891602 0.13098208606243133545 0.14047668874263763428 0.13846181333065032959 0.13888983428478240967 0.1433922499418258667 0.12441743910312652588 0.12842449545860290527 -9999 -9999 -9999 -9999 -9999 -9999 -9999 -9999 -9999 -9999 -9999 -9999 -9999 -9999 -9999 -9999 -9999 -9999 -9999 -9999 -9999 -9999 -9999 -9999 -9999 -9999 -9999 -9999 -9999 -9999 -9999 -9999 -9999 -9999 -9999 -9999 -9999 -9999 -9999
0.1275132298469543457 0.128355368971824646 0.12885577976703643799 0.14246045053005218506 -9999 -9999 -9999 -9999 -9999 -9999 -9999 -9999 -9999 -9999 -9999 -9999 -9999 -9999 -9999 -9999 -9999 -9999 -9999 -9999 -9999 -9999 -9999 -9999 -9999 -9999 -9999 -9999 -9999 -9999 -9999 -9999 -9999 -9999 -9999 -9999 -9999 -9999 -9999 -9999 -9999 -9999 -9999 -9999
-9999 -9999 -9999 -9999 -9999 -9999 -9999 -9999 -9999 -9999 -9999 -9999 -9999 -9999 -9999 -9999 -9999 -9999 -9999 -9999 -9999 -9999 -9999 -9999 -9999 -9999 -9999 -9999 -9999 -9999 -9999 -9999 -9999 -9999 -9999 -9999 -9999 -9999 -9999 -9999 -9999 -9999 -9999 -9999 -9999 -9999 -9999 -9999
