Botany2025/data/05_ENMs/Shortia_galacifolia_ENM_optModel.asc
ncols        583
nrows        173
xllcorner    -83.658333333333
yllcorner    34.675000000000
cellsize     0.008333333333
NODATA_value -9999
[rows 110 to 131 of 173, columns 192 to 239 of 583]
0.2812137603759765625 0.2992960810661315918 0.26522198319435119629 0.2742494046688079834 0.25844338536262512207 0.27564358711242675781 0.25655251741409301758 0.2553310394287109375 0.26166084408760070801 0.2713871300220489502 0.27309700846672058105 0.26781475543975830078 0.28664195537567138672 0.28741663694381713867 0.28792676329612731934 0.26583188772201538086 0.27223315834999084473 0.29250520467758178711 0.28973886370658874512 0.29329729080200195312 0.2850017845630645752 0.31990608572959899902 0.326580047607421875 0.30689582228660583496 0.29063823819160461426 0.29713210463523864746 0.2905559241771697998 0.29087340831756591797 0.28164014220237731934 0.28270447254180908203 0.26826590299606323242 0.3037509620189666748 0.29972615838050842285 0.26808822154998779297 0.29306402802467346191 0.28700530529022216797 0.28474411368370056152 0.27902001142501831055 0.27407550811767578125 0.27702486515045166016 0.27186834812164306641 0.26378455758094787598 0.25894838571548461914 0.27404946088790893555 0.28434780240058898926 0.26870805025100708008 0.24524915218353271484 0.28337839245796203613
0.28353869915008544922 0.280765533447265625 0.29738456010818481445 0.25920760631561279297 0.26958119869232177734 0.25147908926010131836 0.2646147608757019043 0.25472104549407958984 0.25894147157669067383 0.25463163852691650391 0.26101624965667724609 0.28008624911308288574 0.27774280309677124023 0.27813649177551269531 0.28097495436668395996 0.28314867615699768066 0.28767406940460205078 0.26521143317222595215 0.27473708987236022949 0.2703742682933807373 0.26004761457443237305 0.29085251688957214355 0.27894330024719238281 0.28601092100143432617 0.28471177816390991211 0.28806710243225097656 0.31892821192741394043 0.26662811636924743652 0.28049644827842712402 0.28203183412551879883 0.2620563507080078125 0.29095655679702758789 0.25605347752571105957 0.2933680415153503418 0.31451261043548583984 0.27747169137001037598 0.28757515549659729004 0.28210920095443725586 0.2771142125129699707 0.28070035576820373535 0.26516950130462646484 0.26099658012390136719 0.26955628395080566406 0.25894838571548461914 0.28135737776756286621 0.26642599701881408691 0.26330775022506713867 0.27181324362754821777
0.28823798894882202148 0.26194918155670166016 0.29049661755561828613 0.28882250189781188965 0.29065442085266113281 0.25634589791297912598 0.25794991850852966309 0.26370278000831604004 0.24654924869537353516 0.23080568015575408936 0.24962176382541656494 0.25071120262145996094 0.25452694296836853027 0.2578169703483581543 0.27333882451057434082 0.2769845128059387207 0.27117720246315002441 0.29038524627685546875 0.25625792145729064941 0.26238277554512023926 0.27189159393310546875 0.29401865601539611816 0.27423399686813354492 0.2654533088207244873 0.26904964447021484375 0.30728447437286376953 0.27737522125244140625 0.25626522302627563477 0.2644672095775604248 0.28917244076728820801 0.27522334456443786621 0.25840210914611816406 0.27962332963943481445 0.30469423532485961914 0.29049211740493774414 0.2951501309871673584 0.29313778877258300781 0.27596384286880493164 0.26956313848495483398 0.27221846580505371094 0.26369085907936096191 0.25054895877838134766 0.2456194460391998291 0.27354362607002258301 0.27278363704681396484 0.26421821117401123047 0.28204992413520812988 0.28528699278831481934
0.26422414183616638184 0.26124429702758789062 0.27328753471374511719 0.26744392514228820801 0.28089949488639831543 0.28371900320053100586 0.24462638795375823975 0.24756802618503570557 0.23972481489181518555 0.2492914348840713501 0.24867375195026397705 0.25215443968772888184 0.25509476661682128906 0.24975977838039398193 0.25066804885864257812 0.26255846023559570312 0.25712302327156066895 0.28360053896903991699 0.26988077163696289062 0.26988077163696289062 0.27958217263221740723 0.26431471109390258789 0.2660274207592010498 0.26386442780494689941 0.24907375872135162354 0.25759226083755493164 0.26299956440925598145 0.26277905702590942383 0.26021307706832885742 0.27648881077766418457 0.2725315093994140625 0.26307880878448486328 0.28956434130668640137 0.27522867918014526367 0.28869384527206420898 0.29082590341567993164 0.28707584738731384277 0.27845615148544311523 0.26340097188949584961 0.26033154129981994629 0.27228209376335144043 0.28285986185073852539 0.29290354251861572266 0.2858803868293762207 0.26539653539657592773 0.26048263907432556152 0.27481836080551147461 0.2467101365327835083
0.25943744182586669922 0.26261132955551147461 0.26146137714385986328 0.26989889144897460938 0.28089001774787902832 0.2671298682689666748 0.2672233283519744873 0.24919997155666351318 0.24550020694732666016 0.24189111590385437012 0.25508996844291687012 0.24719507992267608643 0.23725274205207824707 0.23684437572956085205 0.24817441403865814209 0.25235894322395324707 0.27024090290069580078 0.25732696056365966797 0.26270768046379089355 0.26824116706848144531 0.2605966031551361084 0.26718440651893615723 0.25015488266944885254 0.25145238637924194336 0.24535457789897918701 0.2490040510892868042 0.24543087184429168701 0.25070402026176452637 0.26244941353797912598 0.26218369603157043457 0.29231867194175720215 0.2841504216194152832 0.29572296142578125 0.29637092351913452148 0.28358900547027587891 0.2877146303653717041 0.27309271693229675293 0.2621707618236541748 0.29690682888031005859 0.27502590417861938477 0.27432131767272949219 0.28176265954971313477 0.2763125002384185791 0.25835525989532470703 0.2762648165225982666 0.25461301207542419434 0.25895175337791442871 0.25733655691146850586
0.28308913111686706543 0.26100423932075500488 0.27147793769836425781 0.26988968253135681152 0.26211112737655639648 0.26056537032127380371 0.25223317742347717285 0.26592713594436645508 0.24260754883289337158 0.24260754883289337158 0.25294584035873413086 0.23595927655696868896 0.26100149750709533691 0.24222432076930999756 0.24132654070854187012 0.24270139634609222412 0.24889318645000457764 0.24805931746959686279 0.25436025857925415039 0.24708311259746551514 0.23980611562728881836 0.23954890668392181396 0.23236809670925140381 0.21762517094612121582 0.24294675886631011963 0.23989060521125793457 0.2668170630931854248 0.27895453572273254395 0.2536411583423614502 0.25871384143829345703 0.27602228522300720215 0.2829011380672454834 0.28244391083717346191 0.26760390400886535645 0.26285469532012939453 0.27874895930290222168 0.26442596316337585449 0.25440156459808349609 0.28307494521141052246 0.27312797307968139648 0.27525657415390014648 0.28622096776962280273 0.27076369524002075195 0.2607695162296295166 0.25874817371368408203 0.26434153318405151367 0.26047253608703613281 0.25158572196960449219
0.28942948579788208008 0.2796770930290222168 0.26172435283660888672 0.25245887041091918945 0.27827617526054382324 0.26660901308059692383 0.27184215188026428223 0.27307182550430297852 0.23319603502750396729 0.24337255954742431641 0.24497093260288238525 0.22635936737060546875 0.23502163589000701904 0.23039539158344268799 0.23127022385597229004 0.24119929969310760498 0.2416232675313949585 0.24273084104061126709 0.24829849600791931152 0.24042779207229614258 0.26209473609924316406 0.25817653536796569824 0.2383753359317779541 0.25347688794136047363 0.22030277550220489502 0.25024059414863586426 0.22989991307258605957 0.27323296666145324707 0.24726338684558868408 0.29112997651100158691 0.25992959737777709961 0.27768084406852722168 0.27827474474906921387 0.27728763222694396973 0.27204683423042297363 0.29508838057518005371 0.28605276346206665039 0.26851302385330200195 0.27606132626533508301 0.28357064723968505859 0.27680975198745727539 0.26389047503471374512 0.27191743254661560059 0.26569488644599914551 0.25122249126434326172 0.23564922809600830078 0.23788064718246459961 0.26349243521690368652
0.29140743613243103027 0.27283641695976257324 0.26200976967811584473 0.2628408968448638916 0.26501318812370300293 0.28415849804878234863 0.28858956694602966309 0.26750761270523071289 0.26128986477851867676 0.26127842068672180176 0.25194969773292541504 0.24511002004146575928 0.24291136860847473145 0.25014331936836242676 0.22809168696403503418 0.25930908322334289551 0.2618109583854675293 0.26082071661949157715 0.2647317349910736084 0.26149162650108337402 0.25596943497657775879 0.25480237603187561035 0.23676420748233795166 0.24174240231513977051 0.25787976384162902832 0.26516795158386230469 0.25773525238037109375 0.2458213120698928833 0.2623233497142791748 0.26945674419403076172 0.2654705047607421875 0.27980387210845947266 0.2781282961368560791 0.27226215600967407227 0.27521410584449768066 0.32426521182060241699 0.28241172432899475098 0.285312652587890625 0.3092104792594909668 0.29498758912086486816 0.28684642910957336426 0.26617416739463806152 0.26146608591079711914 0.25670653581619262695 0.25379657745361328125 0.25676965713500976562 0.25177171826362609863 0.24657562375068664551
0.27398329973220825195 0.27622088789939880371 0.27856090664863586426 0.29256802797317504883 0.27320432662963867188 0.27320432662963867188 0.27809303998947143555 0.26447179913520812988 0.2429005354642868042 0.2457202225923538208 0.24696290493011474609 0.25523063540458679199 0.25535982847213745117 0.24531120061874389648 0.27512973546981811523 0.2542470097541809082 0.2507140040397644043 0.23659241199493408203 0.25774589180946350098 0.25114414095878601074 0.24845986068248748779 0.24635145068168640137 0.25266617536544799805 0.2383753359317779541 0.2319068610668182373 0.24501161277294158936 0.24449053406715393066 0.25800544023513793945 0.25219163298606872559 0.25792405009269714355 0.26714542508125305176 0.27453011274337768555 0.26266807317733764648 0.27883473038673400879 0.28554713726043701172 0.30563074350357055664 0.30806887149810791016 0.27728620171546936035 0.30476874113082885742 0.29643517732620239258 0.27754819393157958984 0.27700826525688171387 0.25933003425598144531 0.26246696710586547852 0.25010168552398681641 0.25609225034713745117 0.23722848296165466309 0.24831548333168029785
0.25988304615020751953 0.30161684751510620117 0.28052526712417602539 0.26476913690567016602 0.28927791118621826172 0.26125922799110412598 0.27023372054100036621 0.27675226330757141113 0.26501867175102233887 0.26691007614135742188 0.26803520321846008301 0.2529411017894744873 0.24689149856567382812 0.26990368962287902832 0.25255605578422546387 0.24994829297065734863 0.2549050450325012207 0.26073545217514038086 0.2871036231517791748 0.27293217182159423828 0.27856045961380004883 0.244100227952003479 0.2411305159330368042 0.21566115319728851318 0.23933312296867370605 0.24293632805347442627 0.24840946495532989502 0.26462686061859130859 0.27059191465377807617 0.24485948681831359863 0.25666019320487976074 0.26686131954193115234 0.28420159220695495605 0.26689311861991882324 0.27482435107231140137 0.30392006039619445801 0.30597946047782897949 0.29014402627944946289 0.29771694540977478027 0.28206816315650939941 0.29797738790512084961 0.28983920812606811523 0.2773717343807220459 0.26953345537185668945 0.25939455628395080566 0.23940669000148773193 0.23587346076965332031 -9999
0.27759650349617004395 0.27992978692054748535 0.28087699413299560547 0.2796014249324798584 0.3019466400146484375 0.26810246706008911133 0.29549348354339599609 0.26349651813507080078 0.27735155820846557617 0.26409813761711120605 0.26590812206268310547 0.24095635116100311279 0.26978370547294616699 0.26511773467063903809 0.27547654509544372559 0.2684364616870880127 0.27840068936347961426 0.27086031436920166016 0.26201456785202026367 0.28093683719635009766 0.24669715762138366699 0.23919159173965454102 0.23194867372512817383 0.24303545057773590088 0.22013230621814727783 0.24612183868885040283 0.2357603609561920166 0.24153609573841094971 0.24948517978191375732 0.24218668043613433838 0.27823862433433532715 0.29820799827575683594 0.28502139449119567871 0.2848479151725769043 0.28456211090087890625 0.31787312030792236328 0.30826655030250549316 0.33376380801200866699 0.32317116856575012207 0.32895368337631225586 0.29650437831878662109 0.28867092728614807129 0.27887725830078125 0.25409138202667236328 -9999 -9999 -9999 -9999
0.29791867733001708984 0.28913995623588562012 0.29394304752349853516 0.27084112167358398438 0.28059083223342895508 0.30308455228805541992 0.26170489192008972168 0.25262236595153808594 0.26461130380630493164 0.26863622665405273438 0.27344483137130737305 0.27086400985717773438 0.26331207156181335449 0.26584348082542419434 0.26616457104682922363 0.28299686312675476074 0.28066897392272949219 0.2743371129035949707 0.27476707100868225098 0.27856114506721496582 0.24078695476055145264 0.2792155146598815918 0.22846686840057373047 0.23816418647766113281 0.22941663861274719238 0.21985927224159240723 0.22751565277576446533 0.24135158956050872803 0.24401427805423736572 0.24830408394336700439 0.27113637328147888184 0.28495872020721435547 0.29058089852333068848 0.29749730229377746582 0.34339889883995056152 0.3389943242073059082 0.31588035821914672852 0.31963461637496948242 0.32317116856575012207 0.29968413710594177246 -9999 -9999 -9999 -9999 -9999 -9999 -9999 -9999
0.27718389034271240234 0.27497780323028564453 0.26519554853439331055 0.26935943961143493652 0.26341760158538818359 0.26910421252250671387 0.24493481218814849854 0.2545909881591796875 0.24170356988906860352 0.24954614043235778809 0.2510528564453125 0.2512493431568145752 0.24876527488231658936 0.25293681025505065918 0.27691286802291870117 0.28425505757331848145 0.2508907318115234375 0.30485808849334716797 0.26940068602561950684 0.29793813824653625488 0.24909856915473937988 0.25087258219718933105 0.26096993684768676758 0.24530977010726928711 0.22775235772132873535 0.25075933337211608887 0.26144516468048095703 0.2599086761474609375 0.24293060600757598877 0.27751773595809936523 0.26901227235794067383 0.29284790158271789551 0.31765705347061157227 0.31600099802017211914 0.31164786219596862793 0.32357072830200195312 0.31048169732093811035 -9999 -9999 -9999 -9999 -9999 -9999 -9999 -9999 -9999 -9999 -9999
0.24208059906959533691 0.24324959516525268555 0.25550612807273864746 0.27152219414710998535 0.23940357565879821777 0.23327328264713287354 0.23688609898090362549 0.23574733734130859375 0.25378382205963134766 0.21959245204925537109 0.23823748528957366943 0.23608015477657318115 0.26231685280799865723 0.23815658688545227051 0.2512760460376739502 0.25973051786422729492 0.24297751486301422119 0.25043126940727233887 0.28958177566528320312 0.26812085509300231934 0.29369539022445678711 0.28719779849052429199 0.25732278823852539062 0.25423860549926757812 0.25374761223793029785 0.26341453194618225098 0.25617292523384094238 0.26013487577438354492 0.25845733284950256348 0.26341408491134643555 0.26786890625953674316 0.2743275761604309082 0.3157628476619720459 -9999 -9999 -9999 -9999 -9999 -9999 -9999 -9999 -9999 -9999 -9999 -9999 -9999 -9999 -9999
0.23918110132217407227 0.23918110132217407227 0.24023325741291046143 0.23847396671772003174 0.22259505093097686768 0.22807753086090087891 0.23627483844757080078 0.2351340949535369873 0.21616257727146148682 0.21906644105911254883 0.23389196395874023438 0.21918848156929016113 0.25250670313835144043 0.24781204760074615479 0.23109105229377746582 0.232870444655418396 0.28980010747909545898 0.27612608671188354492 0.27904117107391357422 0.28308442234992980957 0.29110118746757507324 0.27558746933937072754 0.27915579080581665039 0.24934634566307067871 0.25946030020713806152 0.25385466217994689941 0.25547227263450622559 0.27618244290351867676 0.27505403757095336914 0.26662582159042358398 -9999 -9999 -9999 -9999 -9999 -9999 -9999 -9999 -9999 -9999 -9999 -9999 -9999 -9999 -9999 -9999 -9999 -9999
0.24237030744552612305 0.21876797080039978027 0.21690015494823455811 0.21974086761474609375 0.22183409333229064941 0.22822344303131103516 0.23017984628677368164 0.21030996739864349365 0.20870853960514068604 0.19839981198310852051 0.20945020020008087158 0.2038097381591796875 0.22206291556358337402 0.22683876752853393555 0.24651627242565155029 0.27005279064178466797 0.26016891002655029297 0.26402258872985839844 0.27611395716667175293 0.27776616811752319336 0.29490715265274047852 0.26214891672134399414 0.2815761566162109375 0.27840280532836914062 0.29142218828201293945 0.2822150886058807373 -9999 -9999 -9999 -9999 -9999 -9999 -9999 -9999 -9999 -9999 -9999 -9999 -9999 -9999 -9999 -9999 -9999 -9999 -9999 -9999 -9999 -9999
0.21864661574363708496 0.21083475649356842041 0.21262349188327789307 0.21213191747665405273 0.21818020939826965332 0.20125846564769744873 0.20286539196968078613 0.20094405114650726318 0.18609850108623504639 0.20158369839191436768 0.19065582752227783203 0.18662767112255096436 0.19033069908618927002 0.19456772506237030029 0.24661740660667419434 0.25255879759788513184 0.24323721230030059814 0.25597161054611206055 0.28388583660125732422 0.25595530867576599121 0.27172553539276123047 0.29587912559509277344 0.31359633803367614746 -9999 -9999 -9999 -9999 -9999 -9999 -9999 -9999 -9999 -9999 -9999 -9999 -9999 -9999 -9999 -9999 -9999 -9999 -9999 -9999 -9999 -9999 -9999 -9999 -9999
0.220068320631980896 0.20736205577850341797 0.20256829261779785156 0.20086915791034698486 0.20188142359256744385 0.2020365595817565918 0.19000540673732757568 0.20375326275825500488 0.19303548336029052734 0.20178633928298950195 0.21834352612495422363 0.20990939438343048096 0.20883725583553314209 0.23798660933971405029 0.21995528042316436768 0.239406585693359375 0.239406585693359375 0.23589207231998443604 0.27838096022605895996 0.3030045628547668457 -9999 -9999 -9999 -9999 -9999 -9999 -9999 -9999 -9999 -9999 -9999 -9999 -9999 -9999 -9999 -9999 -9999 -9999 -9999 -9999 -9999 -9999 -9999 -9999 -9999 -9999 -9999 -9999
0.20166692137718200684 0.19392764568328857422 0.20710892975330352783 0.19319576025009155273 0.2106418609619140625 0.2051007002592086792 0.17767561972141265869 0.19946494698524475098 0.19174902141094207764 0.20446570217609405518 0.19413620233535766602 0.20623999834060668945 0.21240828931331634521 0.20537498593330383301 0.22347395122051239014 0.23221968114376068115 -9999 -9999 -9999 -9999 -9999 -9999 -9999 -9999 -9999 -9999 -9999 -9999 -9999 -9999 -9999 -9999 -9999 -9999 -9999 -9999 -9999 -9999 -9999 -9999 -9999 -9999 -9999 -9999 -9999 -9999 -9999 -9999
0.21644407510757446289 0.20668897032737731934 0.22723233699798583984 0.19576293230056762695 0.18572835624217987061 0.17792075872421264648 0.21739813685417175293 0.18317200243473052979 0.18993130326271057129 0.19861011207103729248 0.18635098636150360107 0.22467540204524993896 0.22847253084182739258 -9999 -9999 -9999 -9999 -9999 -9999 -9999 -9999 -9999 -9999 -9999 -9999 -9999 -9999 -9999 -9999 -9999 -9999 -9999 -9999 -9999 -9999 -9999 -9999 -9999 -9999 -9999 -9999 -9999 -9999 -9999 -9999 -9999 -9999 -9999
0.20710214972496032715 0.20116272568702697754 0.20332685112953186035 0.21275636553764343262 0.20696882903575897217 0.21324224770069122314 0.21489435434341430664 0.20689129829406738281 0.21523980796337127686 -9999 -9999 -9999 -9999 -9999 -9999 -9999 -9999 -9999 -9999 -9999 -9999 -9999 -9999 -9999 -9999 -9999 -9999 -9999 -9999 -9999 -9999 -9999 -9999 -9999 -9999 -9999 -9999 -9999 -9999 -9999 -9999 -9999 -9999 -9999 -9999 -9999 -9999 -9999
0.21950034797191619873 0.20266838371753692627 0.20543581247329711914 0.20637916028499603271 0.19793270528316497803 0.1799376755952835083 -9999 -9999 -9999 -9999 -9999 -9999 -9999 -9999 -9999 -9999 -9999 -9999 -9999 -9999 -9999 -9999 -9999 -9999 -9999 -9999 -9999 -9999 -9999 -9999 -9999 -9999 -9999 -9999 -9999 -9999 -9999 -9999 -9999 -9999 -9999 -9999 -9999 -9999 -9999 -9999 -9999 -9999
