Botany2025/data/05_ENMs/Shortia_galacifolia_ENM_optModel.asc
ncols        583
nrows        173
xllcorner    -83.658333333333
yllcorner    34.675000000000
cellsize     0.008333333333
NODATA_value -9999
[rows 66 to 87 of 173, columns 384 to 431 of 583]
0.21842147409915924072 0.2089376598596572876 0.20026703178882598877 0.19217270612716674805 0.195070609450340271 0.19839136302471160889 0.18669758737087249756 0.17265270650386810303 0.18861879408359527588 0.17255841195583343506 0.17806223034858703613 0.17703248560428619385 0.20088866353034973145 0.22030203044414520264 0.2259073108434677124 0.21725007891654968262 0.24124479293823242188 0.24124823510646820068 0.23946823179721832275 0.22242619097232818604 0.21912507712841033936 0.25541844964027404785 0.25786757469177246094 0.25862073898315429688 0.22578546404838562012 0.22823238372802734375 0.22283475100994110107 0.24376773834228515625 0.23092220723628997803 0.24550548195838928223 0.22863058745861053467 0.20439468324184417725 0.22505043447017669678 0.2070156782865524292 0.21732880175113677979 0.20923842489719390869 0.19442869722843170166 0.18202604353427886963 0.18511147797107696533 0.20524053275585174561 0.2028198540210723877 0.20756515860557556152 0.19459739327430725098 0.19247224926948547363 0.18165257573127746582 0.17117954790592193604 0.17875406146049499512 0.15734915435314178467
0.20713375508785247803 0.21032659709453582764 0.20246112346649169922 0.20865099132061004639 0.19695743918418884277 0.19343608617782592773 0.18281379342079162598 0.17431464791297912598 0.16896983981132507324 0.1668834686279296875 0.17583832144737243652 0.1780891716480255127 0.19573119282722473145 0.19827695190906524658 0.23053923249244689941 0.24136030673980712891 0.2261886894702911377 0.24295608699321746826 0.22464628517627716064 0.23503179848194122314 0.23092015087604522705 0.22973082959651947021 0.25487649440765380859 0.24425131082534790039 0.24439829587936401367 0.23694255948066711426 0.22907786071300506592 0.24930587410926818848 0.2465375065803527832 0.24595299363136291504 0.24371576309204101562 0.22436690330505371094 0.21106448769569396973 0.20190773904323577881 0.20317117869853973389 0.20480227470397949219 0.20680502057075500488 0.21645677089691162109 0.21780315041542053223 0.2090934067964553833 0.21155519783496856689 0.19795842468738555908 0.19228859245777130127 0.18512158095836639404 0.19497415423393249512 0.18280518054962158203 0.16315145790576934814 0.16489532589912414551
0.21000981330871582031 0.20373526215553283691 0.21948233246803283691 0.20667524635791778564 0.20331788063049316406 0.19389447569847106934 0.17997381091117858887 0.18250353634357452393 0.17133860290050506592 0.17339721322059631348 0.16313083469867706299 0.18808309733867645264 0.19772852957248687744 0.20379363000392913818 0.23442307114601135254 0.23705527186393737793 0.24209129810333251953 0.23447534441947937012 0.23330467939376831055 0.23169586062431335449 0.24379518628120422363 0.2739867866039276123 0.26236525177955627441 0.25112557411193847656 0.24582424759864807129 0.2503948509693145752 0.2778733372688293457 0.25505459308624267578 0.25341764092445373535 0.24452266097068786621 0.25086480379104614258 0.22299134731292724609 0.21740606427192687988 0.23866873979568481445 0.22710214555263519287 0.21236793696880340576 0.20866920053958892822 0.21246118843555450439 0.21433259546756744385 0.20810154080390930176 0.19753520190715789795 0.20331647992134094238 0.19164444506168365479 0.19523105025291442871 0.1719761192798614502 0.20268581807613372803 0.19586966931819915771 0.20014876127243041992
0.21287877857685089111 0.2026118934154510498 0.20047932863235473633 0.19409543275833129883 0.19912990927696228027 0.19771859049797058105 0.18874366581439971924 0.179891929030418396 0.16962076723575592041 0.16576309502124786377 0.18043540418148040771 0.18888191878795623779 0.1699136197566986084 0.2180105745792388916 0.22107122838497161865 0.23144303262233734131 0.22734045982360839844 0.22354428470134735107 0.23825675249099731445 0.22896306216716766357 0.23686732351779937744 0.22356836497783660889 0.26769688725471496582 0.24084064364433288574 0.23135147988796234131 0.24459458887577056885 0.27003028988838195801 0.24429906904697418213 0.24511711299419403076 0.2486759871244430542 0.25290891528129577637 0.25281247496604919434 0.23689502477645874023 0.22709903120994567871 0.23496517539024353027 0.23603813350200653076 0.23253051936626434326 0.20492376387119293213 0.2023998647928237915 0.20834019780158996582 0.1988325268030166626 0.20382937788963317871 0.23032037913799285889 0.21221713721752166748 0.21982456743717193604 0.20904406905174255371 0.1885306239128112793 0.20784939825534820557
0.21182949841022491455 0.2126569598913192749 0.21326909959316253662 0.20038512349128723145 0.2026309669017791748 0.20809438824653625488 0.18399582803249359131 0.17414911091327667236 0.18001405894756317139 0.17565043270587921143 0.17769172787666320801 0.16865406930446624756 0.17875121533870697021 0.20853145420551300049 0.21801753342151641846 0.22240547835826873779 0.22354428470134735107 0.22354428470134735107 0.22896306216716766357 0.23166853189468383789 0.22541341185569763184 0.2283324897289276123 0.24902169406414031982 0.24432539939880371094 0.23696024715900421143 0.23589751124382019043 0.25564429163932800293 0.24973793327808380127 0.24361878633499145508 0.24878565967082977295 0.24941964447498321533 0.2713616788387298584 0.24239198863506317139 0.24101492762565612793 0.22854897379875183105 0.23376256227493286133 0.23990319669246673584 0.20567591488361358643 0.19798508286476135254 0.22534444928169250488 0.22569295763969421387 0.2410936504602432251 0.2179819643497467041 0.22118179500102996826 0.213165283203125 0.22908771038055419922 0.21508285403251647949 0.20175062119960784912
0.21064132452011108398 0.1975393146276473999 0.18777696788311004639 0.19862361252307891846 0.19862361252307891846 0.19862361252307891846 0.21087369322776794434 0.1952536851167678833 0.19009739160537719727 0.16669991612434387207 0.1693416982889175415 0.20546038448810577393 0.21582289040088653564 0.2137416154146194458 0.21532939374446868896 0.21314878761768341064 0.21745578944683074951 0.21888969838619232178 0.22577913105487823486 0.22789280116558074951 0.23364380002021789551 0.22607421875 0.26388722658157348633 0.24748590588569641113 0.23446452617645263672 0.22646479308605194092 0.25037091970443725586 0.23915919661521911621 0.24890886247158050537 0.24447695910930633545 0.24447695910930633545 0.27464085817337036133 0.27353018522262573242 0.25139725208282470703 0.21942611038684844971 0.21595977246761322021 0.23173895478248596191 0.21607816219329833984 0.22828182578086853027 0.22675921022891998291 0.22701215744018554688 0.23286159336566925049 0.228361472487449646 0.21909132599830627441 0.22617772221565246582 0.21914595365524291992 0.21064798533916473389 0.21098218858242034912
0.21056233346462249756 0.21056233346462249756 0.20764836668968200684 0.19373567402362823486 0.1875133216381072998 0.20397351682186126709 0.17898204922676086426 0.17513251304626464844 0.18702831864356994629 0.18347789347171783447 0.17724423110485076904 0.2025899738073348999 0.22372141480445861816 0.21504409611225128174 0.21066266298294067383 0.21290770173072814941 0.20913788676261901855 0.23003563284873962402 0.2193193286657333374 0.22631794214248657227 0.22970819473266601562 0.2502059638500213623 0.26059001684188842773 0.23655997216701507568 0.22987098991870880127 0.21859681606292724609 0.24530971050262451172 0.23536524176597595215 0.25952628254890441895 0.24129703640937805176 0.2557798922061920166 0.24977734684944152832 0.25889882445335388184 0.24918800592422485352 0.24951554834842681885 0.25582522153854370117 0.23106373846530914307 0.22929461300373077393 0.22818785905838012695 0.22887316346168518066 0.22375895082950592041 0.21824733912944793701 0.24965935945510864258 0.2238511890172958374 0.20601639151573181152 0.21135303378105163574 0.22421939671039581299 0.23551920056343078613
0.20267532765865325928 0.21370850503444671631 0.20292408764362335205 0.19996711611747741699 0.19595141708850860596 0.19515140354633331299 0.19284336268901824951 0.19564813375473022461 0.19577515125274658203 0.21220029890537261963 0.21173483133316040039 0.22391696274280548096 0.21428300440311431885 0.21793857216835021973 0.21342320740222930908 0.22660410404205322266 0.21182215213775634766 0.21184535324573516846 0.21263225376605987549 0.21395337581634521484 0.22838421165943145752 0.26372325420379638672 0.23690159618854522705 0.21923726797103881836 0.22141523659229278564 0.25153148174285888672 0.24291037023067474365 0.23981206119060516357 0.2419602125883102417 0.25344619154930114746 0.2990131080150604248 0.25777447223663330078 0.26640057563781738281 0.27288952469825744629 0.24811483919620513916 0.25286442041397094727 0.26093205809593200684 0.25245055556297302246 0.25126039981842041016 0.26421022415161132812 0.24634981155395507812 0.23730711638927459717 0.24790009856224060059 0.24438613653182983398 0.25108009576797485352 0.25982505083084106445 0.25234118103981018066 0.24592040479183197021
0.199785575270652771 0.20423138141632080078 0.19872391223907470703 0.18340353667736053467 0.18116065859794616699 0.19056835770606994629 0.19519019126892089844 0.18570165336132049561 0.19945724308490753174 0.20161522924900054932 0.2099457085132598877 0.21116960048675537109 0.2000614851713180542 0.21901112794876098633 0.21139201521873474121 0.21324074268341064453 0.2021884918212890625 0.2120866924524307251 0.21395337581634521484 0.22268553078174591064 0.22209228575229644775 0.2465483248233795166 0.22193703055381774902 0.21382410824298858643 0.21811179816722869873 0.24344262480735778809 0.23714889585971832275 0.24720446765422821045 0.24492096900939941406 0.28166308999061584473 0.26617640256881713867 0.28169670701026916504 0.28225082159042358398 0.27393200993537902832 0.2773564457893371582 0.23796021938323974609 0.24269521236419677734 0.25206157565116882324 0.24423924088478088379 0.2429374009370803833 0.22544358670711517334 0.24592323601245880127 0.24843208491802215576 0.22431837022304534912 0.23855382204055786133 -9999 -9999 -9999
0.1910724341869354248 0.19898705184459686279 0.19632068276405334473 0.22789472341537475586 0.18404501676559448242 0.18753571808338165283 0.21220049262046813965 0.2133716195821762085 0.20324465632438659668 0.2070433497428894043 0.1998583674430847168 0.1952403336763381958 0.20169973373413085938 0.2068640291690826416 0.19833867251873016357 0.19719000160694122314 0.19659885764122009277 0.20952682197093963623 0.22428907454013824463 0.2143236994743347168 0.21644647419452667236 0.22322249412536621094 0.21713961660861968994 0.21388956904411315918 0.22142878174781799316 0.2297337949275970459 0.22684156894683837891 0.24711900949478149414 0.23966671526432037354 0.23435547947883605957 0.26165184378623962402 0.2951208949089050293 0.25692149996757507324 0.2786616981029510498 0.26703152060508728027 0.27674657106399536133 0.28587189316749572754 0.26079884171485900879 0.2641951441764831543 0.24780997633934020996 -9999 -9999 -9999 -9999 -9999 -9999 -9999 -9999
0.23075158894062042236 0.22680772840976715088 0.21544978022575378418 0.20956449210643768311 0.22275300323963165283 0.20281687378883361816 0.21197438240051269531 0.19828298687934875488 0.20790180563926696777 0.23692454397678375244 0.2323465496301651001 0.19882351160049438477 0.1957677006721496582 0.20944707095623016357 0.21859528124332427979 0.20403599739074707031 0.19586177170276641846 0.20466841757297515869 0.21725393831729888916 0.22485579550266265869 0.19651183485984802246 0.2217830270528793335 0.21307538449764251709 0.21552820503711700439 0.20034363865852355957 0.24147456884384155273 0.22252875566482543945 0.23958820104598999023 0.24284370243549346924 0.22968612611293792725 0.25695887207984924316 0.26615890860557556152 0.27487418055534362793 0.2516861259937286377 0.26174688339233398438 -9999 -9999 -9999 -9999 -9999 -9999 -9999 -9999 -9999 -9999 -9999 -9999 -9999
0.21806140244007110596 0.19354753196239471436 0.2013187706470489502 0.20064361393451690674 0.19715662300586700439 0.2005195915699005127 0.20173761248588562012 0.1892451941967010498 0.22996373474597930908 0.22293531894683837891 0.22213257849216461182 0.22127309441566467285 0.22207927703857421875 0.22312688827514648438 0.23470969498157501221 0.22583790123462677002 0.234548225998878479 0.20597951114177703857 0.18756358325481414795 0.21977290511131286621 0.18799197673797607422 0.19050201773643493652 0.2055896371603012085 0.19206862151622772217 0.22205528616905212402 0.21217823028564453125 0.20679432153701782227 0.23166172206401824951 0.24991334974765777588 0.2313432544469833374 -9999 -9999 -9999 -9999 -9999 -9999 -9999 -9999 -9999 -9999 -9999 -9999 -9999 -9999 -9999 -9999 -9999 -9999
0.18731354176998138428 0.20241878926753997803 0.20117899775505065918 0.19052629172801971436 0.18617196381092071533 0.19038920104503631592 0.19565503299236297607 0.2204888463020324707 0.21041974425315856934 0.22930054366588592529 0.22127193212509155273 0.21557727456092834473 0.21308141946792602539 0.21023540198802947998 0.21737626194953918457 0.2068195044994354248 0.20404925942420959473 0.20338703691959381104 0.19969014823436737061 0.20596177875995635986 0.19975492358207702637 0.21093800663948059082 0.20385089516639709473 0.19272397458553314209 0.21045060455799102783 -9999 -9999 -9999 -9999 -9999 -9999 -9999 -9999 -9999 -9999 -9999 -9999 -9999 -9999 -9999 -9999 -9999 -9999 -9999 -9999 -9999 -9999 -9999
0.19540506601333618164 0.20131251215934753418 0.20420882105827331543 0.20274081826210021973 0.18595039844512939453 0.19333302974700927734 0.22139391303062438965 0.20994389057159423828 0.22785753011703491211 0.21085956692695617676 0.22758653759956359863 0.21210090816020965576 0.2324876934289932251 0.21705165505409240723 0.20863118767738342285 0.20162922143936157227 0.20273499190807342529 0.20142576098442077637 0.20029769837856292725 0.1970249563455581665 -9999 -9999 -9999 -9999 -9999 -9999 -9999 -9999 -9999 -9999 -9999 -9999 -9999 -9999 -9999 -9999 -9999 -9999 -9999 -9999 -9999 -9999 -9999 -9999 -9999 -9999 -9999 -9999
0.18549837172031402588 0.17638298869132995605 0.21039882302284240723 0.21844348311424255371 0.20413407683372497559 0.19183947145938873291 0.2100912928581237793 0.21903476119041442871 0.21512009203433990479 0.21527124941349029541 0.22302629053592681885 0.20579949021339416504 0.22015166282653808594 0.21840576827526092529 0.2068312913179397583 -9999 -9999 -9999 -9999 -9999 -9999 -9999 -9999 -9999 -9999 -9999 -9999 -9999 -9999 -9999 -9999 -9999 -9999 -9999 -9999 -9999 -9999 -9999 -9999 -9999 -9999 -9999 -9999 -9999 -9999 -9999 -9999 -9999
0.20761850476264953613 0.2092504650354385376 0.2149953693151473999 0.20408239960670471191 0.20214667916297912598 0.20589001476764678955 0.20916005969047546387 0.19937744736671447754 0.20659855008125305176 0.19262605905532836914 -9999 -9999 -9999 -9999 -9999 -9999 -9999 -9999 -9999 -9999 -9999 -9999 -9999 -9999 -9999 -9999 -9999 -9999 -9999 -9999 -9999 -9999 -9999 -9999 -9999 -9999 -9999 -9999 -9999 -9999 -9999 -9999 -9999 -9999 -9999 -9999 -9999 -9999
0.19976739585399627686 0.19867947697639465332 0.19670270383358001709 0.19544987380504608154 0.20516265928745269775 -9999 -9999 -9999 -9999 -9999 -9999 -9999 -9999 -9999 -9999 -9999 -9999 -9999 -9999 -9999 -9999 -9999 -9999 -9999 -9999 -9999 -9999 -9999 -9999 -9999 -9999 -9999 -9999 -9999 -9999 -9999 -9999 -9999 -9999 -9999 -9999 -9999 -9999 -9999 -9999 -9999 -9999 -9999
0.19386015832424163818 -9999 -9999 -9999 -9999 -9999 -9999 -9999 -9999 -9999 -9999 -9999 -9999 -9999 -9999 -9999 -9999 -9999 -9999 -9999 -9999 -9999 -9999 -9999 -9999 -9999 -9999 -9999 -9999 -9999 -9999 -9999 -9999 -9999 -9999 -9999 -9999 -9999 -9999 -9999 -9999 -9999 -9999 -9999 -9999 -9999 -9999 -9999
-9999 -9999 -9999 -9999 -9999 -9999 -9999 -9999 -9999 -9999 -9999 -9999 -9999 -9999 -9999 -9999 -9999 -9999 -9999 -9999 -9999 -9999 -9999 -9999 -9999 -9999 -9999 -9999 -9999 -9999 -9999 -9999 -9999 -9999 -9999 -9999 -9999 -9999 -9999 -9999 -9999 -9999 -9999 -9999 -9999 -9999 -9999 -9999
-9999 -9999 -9999 -9999 -9999 -9999 -9999 -9999 -9999 -9999 -9999 -9999 -9999 -9999 -9999 -9999 -9999 -9999 -9999 -9999 -9999 -9999 -9999 -9999 -9999 -9999 -9999 -9999 -9999 -9999 -9999 -9999 -9999 -9999 -9999 -9999 -9999 -9999 -9999 -9999 -9999 -9999 -9999 -9999 -9999 -9999 -9999 -9999
-9999 -9999 -9999 -9999 -9999 -9999 -9999 -9999 -9999 -9999 -9999 -9999 -9999 -9999 -9999 -9999 -9999 -9999 -9999 -9999 -9999 -9999 -9999 -9999 -9999 -9999 -9999 -9999 -9999 -9999 -9999 -9999 -9999 -9999 -9999 -9999 -9999 -9999 -9999 -9999 -9999 -9999 -9999 -9999 -9999 -9999 -9999 -9999
-9999 -9999 -9999 -9999 -9999 -9999 -9999 -9999 -9999 -9999 -9999 -9999 -9999 -9999 -9999 -9999 -9999 -9999 -9999 -9999 -9999 -9999 -9999 -9999 -9999 -9999 -9999 -9999 -9999 -9999 -9999 -9999 -9999 -9999 -9999 -9999 -9999 -9999 -9999 -9999 -9999 -9999 -9999 -9999 -9999 -9999 -9999 -9999
