Demos/Rbased/CrashCourse/data/climate_processing/PresentLayers/Pyxidanthera_brevifolia/bio_8.asc
NCOLS 215 
NROWS 157 
XLLCORNER -80.4833333333333 
YLLCORNER 34.2333333333333 
CELLSIZE 0.00833333333333336 
NODATA_value -9999 
[rows 110 to 131 of 157, columns 50 to 99 of 215]
25.7000007629395 25.6499996185303 25.6166667938232 25.6833343505859 25.716667175293 25.7666664123535 25.7333335876465 25.6833343505859 25.6833343505859 25.7000007629395 25.6499996185303 25.6666679382324 25.7000007629395 25.716667175293 25.75 25.75 25.7666664123535 25.7833347320557 25.8000011444092 25.7333335876465 25.716667175293 25.716667175293 25.8166675567627 25.8666667938232 25.8333339691162 25.8000011444092 25.7833347320557 25.7833347320557 25.7666664123535 25.7000007629395 25.6833343505859 25.6833343505859 25.6333332061768 25.6833343505859 25.7000007629395 25.7666664123535 25.7666664123535 25.8166675567627 25.8833332061768 25.8999996185303 25.9166660308838 26 26 26.0666656494141 26.0499992370605 26 25.966667175293 25.9166679382324 25.9333343505859 25.9166679382324
25.7000007629395 25.6333332061768 25.6666679382324 25.75 25.75 25.8000011444092 25.8166675567627 25.7666664123535 25.7000007629395 25.716667175293 25.716667175293 25.6666679382324 25.716667175293 25.75 25.716667175293 25.7000007629395 25.716667175293 25.716667175293 25.75 25.716667175293 25.6666679382324 25.716667175293 25.8166675567627 25.8333339691162 25.8666667938232 25.8666667938232 25.8000011444092 25.7833347320557 25.7833347320557 25.7333335876465 25.7000007629395 25.6666660308838 25.6499996185303 25.6833343505859 25.7000007629395 25.75 25.7833347320557 25.8500003814697 25.8833332061768 25.9166660308838 25.9333324432373 25.9833335876465 26 26.0166664123535 26 25.9833335876465 25.966667175293 25.966667175293 25.9500007629395 25.9333343505859
25.6333332061768 25.6333332061768 25.6499996185303 25.6666679382324 25.6833343505859 25.6666679382324 25.75 25.8166675567627 25.783332824707 25.75 25.7333335876465 25.7333335876465 25.7333335876465 25.7333335876465 25.7333335876465 25.6666679382324 25.7000007629395 25.6833343505859 25.783332824707 25.716667175293 25.7333335876465 25.8166675567627 25.8333339691162 25.8666667938232 25.8666667938232 25.8666667938232 25.8333339691162 25.8000011444092 25.7833347320557 25.75 25.7000007629395 25.7000007629395 25.6666660308838 25.6833343505859 25.7000007629395 25.7333335876465 25.7833347320557 25.8500003814697 25.9166660308838 25.9166660308838 25.9166660308838 25.9500007629395 25.966667175293 25.9833335876465 25.9833335876465 25.9833335876465 25.966667175293 25.9500007629395 25.9333343505859 25.9166679382324
25.6000003814697 25.6166667938232 25.6666679382324 25.716667175293 25.7666664123535 25.783332824707 25.783332824707 25.8166675567627 25.8166675567627 25.8166675567627 25.8166675567627 25.75 25.716667175293 25.716667175293 25.75 25.7666664123535 25.6833343505859 25.6833343505859 25.7666664123535 25.7333335876465 25.8166675567627 25.8666667938232 25.9166660308838 25.8999996185303 25.8666667938232 25.8666667938232 25.8333339691162 25.8000011444092 25.7833347320557 25.7333335876465 25.716667175293 25.6833343505859 25.6666660308838 25.7000007629395 25.7000007629395 25.75 25.7833347320557 25.8666667938232 25.8833332061768 25.8833332061768 25.8833332061768 25.9166660308838 25.966667175293 25.966667175293 25.966667175293 25.9500007629395 25.9166679382324 25.9166679382324 25.9166679382324 25.9166679382324
25.6333332061768 25.7333335876465 25.75 25.75 25.8000011444092 25.8166675567627 25.8666667938232 25.8333339691162 25.8166675567627 25.8166675567627 25.8166675567627 25.7666664123535 25.75 25.7000007629395 25.75 25.8166675567627 25.75 25.75 25.7999992370605 25.75 25.7666664123535 25.8999996185303 25.8666667938232 25.9166660308838 25.8999996185303 25.8666667938232 25.8500003814697 25.8333339691162 25.8000011444092 25.7666664123535 25.716667175293 25.6833343505859 25.6499996185303 25.6833343505859 25.7000007629395 25.7666664123535 25.8000011444092 25.8333339691162 25.8500003814697 25.8666667938232 25.8833332061768 25.8833332061768 25.9166660308838 25.9500007629395 25.9500007629395 25.9166679382324 25.8999996185303 25.8833332061768 25.8833332061768 25.8833332061768
25.75 25.75 25.783332824707 25.8166675567627 25.8166675567627 25.8833332061768 25.8166675567627 25.8166675567627 25.8166675567627 25.783332824707 25.8166675567627 25.783332824707 25.7000007629395 25.716667175293 25.783332824707 25.7999992370605 25.75 25.7666664123535 25.7666664123535 25.7666664123535 25.8333339691162 25.9166660308838 25.8500003814697 25.8999996185303 25.9333324432373 25.8666667938232 25.8666667938232 25.8333339691162 25.8000011444092 25.7333335876465 25.7000007629395 25.6833343505859 25.6499996185303 25.6833343505859 25.7000007629395 25.7666664123535 25.8000011444092 25.8333339691162 25.8500003814697 25.8666667938232 25.8666667938232 25.8666667938232 25.8666667938232 25.8999996185303 25.8833332061768 25.8833332061768 25.8833332061768 25.8833332061768 25.8833332061768 25.8833332061768
25.7666664123535 25.8000011444092 25.8333339691162 25.8333339691162 25.8666667938232 25.8166675567627 25.783332824707 25.783332824707 25.7333335876465 25.7333335876465 25.8166675567627 25.8333339691162 25.7666664123535 25.7666664123535 25.7999992370605 25.75 25.75 25.7999992370605 25.8166675567627 25.8500003814697 25.8999996185303 25.8999996185303 25.8166675567627 25.8333339691162 25.9333324432373 25.9333324432373 25.8666667938232 25.8333339691162 25.8000011444092 25.7333335876465 25.6833343505859 25.6333332061768 25.6000003814697 25.6833343505859 25.7000007629395 25.75 25.8000011444092 25.8333339691162 25.8333339691162 25.8500003814697 25.8666667938232 25.8666667938232 25.8666667938232 25.8666667938232 25.8666667938232 25.8666667938232 25.8666667938232 25.8666667938232 25.8666667938232 25.8666667938232
25.8333339691162 25.8666667938232 25.8500003814697 25.8000011444092 25.783332824707 25.7666664123535 25.7333335876465 25.7666664123535 25.716667175293 25.716667175293 25.8166675567627 25.8166675567627 25.7666664123535 25.7000007629395 25.783332824707 25.8500003814697 25.8500003814697 25.8500003814697 25.8666667938232 25.9333324432373 25.9166660308838 25.8500003814697 25.8500003814697 25.9166660308838 25.9333324432373 25.9166660308838 25.8500003814697 25.8333339691162 25.8000011444092 25.7333335876465 25.716667175293 25.6833343505859 25.6333332061768 25.6833343505859 25.7000007629395 25.75 25.8166675567627 25.8333339691162 25.8333339691162 25.8333339691162 25.8666667938232 25.8666667938232 25.8666667938232 25.8666667938232 25.8666667938232 25.8666667938232 25.8500003814697 25.8500003814697 25.8666667938232 25.8500003814697
25.8166675567627 25.8333339691162 25.7666664123535 25.716667175293 25.716667175293 25.716667175293 25.716667175293 25.6333332061768 25.6000003814697 25.6499996185303 25.716667175293 25.6666660308838 25.6499996185303 25.7000007629395 25.8166675567627 25.8500003814697 25.8500003814697 25.8166675567627 25.8500003814697 25.9333324432373 25.8999996185303 25.8500003814697 25.8999996185303 25.9333324432373 25.9499988555908 25.9166660308838 25.8333339691162 25.8333339691162 25.8166675567627 25.7666664123535 25.7333335876465 25.6833343505859 25.6666679382324 25.6833343505859 25.716667175293 25.75 25.8000011444092 25.8333339691162 25.8333339691162 25.8333339691162 25.8333339691162 25.8333339691162 25.8666667938232 25.8666667938232 25.8666667938232 25.8666667938232 25.8666667938232 25.8666667938232 25.8666667938232 25.8500003814697
25.7333335876465 25.7000007629395 25.7333335876465 25.6833343505859 25.716667175293 25.716667175293 25.716667175293 25.716667175293 25.716667175293 25.716667175293 25.7000007629395 25.6666660308838 25.716667175293 25.7666664123535 25.8166675567627 25.8833332061768 25.8500003814697 25.8500003814697 25.8500003814697 25.8666667938232 25.9166660308838 25.8666667938232 25.8833332061768 25.9166660308838 25.9333324432373 25.9166660308838 25.8333339691162 25.8333339691162 25.8333339691162 25.7833347320557 25.75 25.7333335876465 25.6833343505859 25.6833343505859 25.7000007629395 25.75 25.7833347320557 25.8000011444092 25.8000011444092 25.8333339691162 25.8333339691162 25.8333339691162 25.8333339691162 25.8166675567627 25.8333339691162 25.8500003814697 25.8333339691162 25.8166675567627 25.8666667938232 25.8666667938232
25.6333332061768 25.6333332061768 25.716667175293 25.7666664123535 25.783332824707 25.783332824707 25.783332824707 25.75 25.783332824707 25.7666664123535 25.7666664123535 25.7666664123535 25.7666664123535 25.7666664123535 25.8166675567627 25.8666667938232 25.8333339691162 25.7999992370605 25.8166675567627 25.8500003814697 25.8833332061768 25.9166660308838 25.9166660308838 25.9166660308838 25.9166660308838 25.9166660308838 25.8500003814697 25.8333339691162 25.8333339691162 25.8166675567627 25.75 25.7333335876465 25.7000007629395 25.7000007629395 25.7000007629395 25.7333335876465 25.7666664123535 25.8000011444092 25.8000011444092 25.8000011444092 25.8333339691162 25.8333339691162 25.8333339691162 25.8166675567627 25.783332824707 25.8166675567627 25.8333339691162 25.8333339691162 25.8500003814697 25.8500003814697
25.6166667938232 25.716667175293 25.7666664123535 25.7333335876465 25.7666664123535 25.8500003814697 25.8500003814697 25.783332824707 25.783332824707 25.8333339691162 25.8333339691162 25.7666664123535 25.75 25.783332824707 25.7999992370605 25.7999992370605 25.8500003814697 25.783332824707 25.7999992370605 25.8166675567627 25.7999992370605 25.8333339691162 25.8500003814697 25.8166675567627 25.8500003814697 25.8833332061768 25.8500003814697 25.8333339691162 25.8333339691162 25.8166675567627 25.7666664123535 25.7333335876465 25.716667175293 25.716667175293 25.716667175293 25.716667175293 25.716667175293 25.75 25.7666664123535 25.8000011444092 25.8000011444092 25.8166675567627 25.8333339691162 25.8166675567627 25.8166675567627 25.8166675567627 25.8333339691162 25.8333339691162 25.8666667938232 25.8666667938232
25.6333332061768 25.7000007629395 25.6333332061768 25.6333332061768 25.75 25.8166675567627 25.8666667938232 25.8666667938232 25.8500003814697 25.8500003814697 25.783332824707 25.716667175293 25.75 25.716667175293 25.7333335876465 25.7666664123535 25.8666667938232 25.8333339691162 25.783332824707 25.8333339691162 25.8000011444092 25.7666664123535 25.783332824707 25.8166675567627 25.8666667938232 25.8833332061768 25.8500003814697 25.8333339691162 25.8333339691162 25.8333339691162 25.7999992370605 25.75 25.716667175293 25.716667175293 25.716667175293 25.7000007629395 25.7000007629395 25.7000007629395 25.7000007629395 25.716667175293 25.75 25.7666664123535 25.8166675567627 25.8000011444092 25.783332824707 25.8166675567627 25.7999992370605 25.8333339691162 25.8833332061768 25.8833332061768
25.6000003814697 25.6000003814697 25.6166667938232 25.716667175293 25.7999992370605 25.8333339691162 25.8333339691162 25.783332824707 25.783332824707 25.8500003814697 25.8333339691162 25.7666664123535 25.716667175293 25.716667175293 25.8166675567627 25.8333339691162 25.8999996185303 25.8666667938232 25.783332824707 25.783332824707 25.8500003814697 25.783332824707 25.783332824707 25.8166675567627 25.8666667938232 25.783332824707 25.8333339691162 25.8500003814697 25.8333339691162 25.8333339691162 25.8166675567627 25.75 25.7333335876465 25.716667175293 25.7000007629395 25.7000007629395 25.7000007629395 25.6833343505859 25.6833343505859 25.7000007629395 25.716667175293 25.7333335876465 25.8166675567627 25.783332824707 25.7666664123535 25.7999992370605 25.7999992370605 25.8333339691162 25.8666667938232 25.8833332061768
25.7000007629395 25.7000007629395 25.7000007629395 25.716667175293 25.7666664123535 25.716667175293 25.7666664123535 25.7666664123535 25.7999992370605 25.8500003814697 25.8666667938232 25.8166675567627 25.7666664123535 25.783332824707 25.8166675567627 25.8166675567627 25.8833332061768 25.8666667938232 25.7999992370605 25.783332824707 25.783332824707 25.8500003814697 25.8666667938232 25.8666667938232 25.8500003814697 25.8000011444092 25.8833332061768 25.8833332061768 25.8333339691162 25.8166675567627 25.8166675567627 25.783332824707 25.7333335876465 25.716667175293 25.716667175293 25.7000007629395 25.6666679382324 25.6833343505859 25.6833343505859 25.7000007629395 25.7333335876465 25.7333335876465 25.783332824707 25.783332824707 25.783332824707 25.783332824707 25.7999992370605 25.8333339691162 25.8666667938232 25.8833332061768
25.7000007629395 25.7666664123535 25.783332824707 25.783332824707 25.7666664123535 25.8166656494141 25.8500003814697 25.8666667938232 25.8500003814697 25.8333339691162 25.8500003814697 25.8500003814697 25.8166675567627 25.8166675567627 25.8333339691162 25.8333339691162 25.8833332061768 25.8833332061768 25.8666667938232 25.8333339691162 25.8166675567627 25.8333339691162 25.8666667938232 25.8333339691162 25.8333339691162 25.8666667938232 25.8833332061768 25.8833332061768 25.8500003814697 25.8166675567627 25.7999992370605 25.7666664123535 25.7333335876465 25.716667175293 25.716667175293 25.7000007629395 25.6833343505859 25.6666679382324 25.6666679382324 25.6833343505859 25.716667175293 25.7333335876465 25.75 25.783332824707 25.783332824707 25.783332824707 25.783332824707 25.8166675567627 25.8666667938232 25.8833332061768
25.716667175293 25.75 25.7666664123535 25.8166656494141 25.8500003814697 25.8500003814697 25.8500003814697 25.8333339691162 25.783332824707 25.783332824707 25.8166675567627 25.8500003814697 25.8666667938232 25.8500003814697 25.8833332061768 25.8500003814697 25.8166675567627 25.7999992370605 25.8166675567627 25.8666667938232 25.8666667938232 25.8666667938232 25.7999992370605 25.7999992370605 25.783332824707 25.8500003814697 25.8833332061768 25.8833332061768 25.8500003814697 25.8166675567627 25.7999992370605 25.7999992370605 25.75 25.7333335876465 25.716667175293 25.6666679382324 25.6666679382324 25.6666679382324 25.6666679382324 25.6833343505859 25.716667175293 25.7333335876465 25.75 25.783332824707 25.8000011444092 25.8000011444092 25.783332824707 25.8333339691162 25.8833332061768 25.8666667938232
25.6666660308838 25.6666660308838 25.7000007629395 25.716667175293 25.8166656494141 25.783332824707 25.783332824707 25.783332824707 25.8333339691162 25.7999992370605 25.7999992370605 25.8166675567627 25.7999992370605 25.7999992370605 25.8166675567627 25.7999992370605 25.7666664123535 25.7666664123535 25.7666664123535 25.7999992370605 25.7999992370605 25.7999992370605 25.7999992370605 25.7999992370605 25.75 25.783332824707 25.8666667938232 25.8833332061768 25.8666667938232 25.8166675567627 25.783332824707 25.783332824707 25.75 25.7333335876465 25.6833343505859 25.6666679382324 25.6666679382324 25.6499996185303 25.6666679382324 25.6666679382324 25.716667175293 25.716667175293 25.7333335876465 25.783332824707 25.783332824707 25.8000011444092 25.8666667938232 25.8666667938232 25.8666667938232 25.8500003814697
25.6166667938232 25.6833324432373 25.7000007629395 25.75 25.7999992370605 25.8333339691162 25.8333339691162 25.8333339691162 25.8333339691162 25.8333339691162 25.7999992370605 25.7999992370605 25.7999992370605 25.7999992370605 25.7999992370605 25.7666664123535 25.75 25.7666664123535 25.783332824707 25.7666664123535 25.7999992370605 25.7999992370605 25.7999992370605 25.7999992370605 25.7999992370605 25.7999992370605 25.783332824707 25.8666667938232 25.8833332061768 25.7999992370605 25.7999992370605 25.783332824707 25.75 25.75 25.716667175293 25.6666679382324 25.6666679382324 25.6666679382324 25.6499996185303 25.6666679382324 25.716667175293 25.7333335876465 25.7333335876465 25.783332824707 25.783332824707 25.783332824707 25.8666667938232 25.8666667938232 25.8666667938232 25.8333339691162
25.6666660308838 25.6833324432373 25.75 25.783332824707 25.7999992370605 25.8333339691162 25.8666667938232 25.8500003814697 25.8333339691162 25.8500003814697 25.8166675567627 25.8166675567627 25.8333339691162 25.8166675567627 25.7999992370605 25.783332824707 25.7666664123535 25.7999992370605 25.7999992370605 25.8166675567627 25.8166675567627 25.8166675567627 25.8166675567627 25.8333339691162 25.8166675567627 25.8333339691162 25.8500003814697 25.8833332061768 25.8833332061768 25.8500003814697 25.783332824707 25.783332824707 25.7666664123535 25.75 25.7333335876465 25.6833343505859 25.6499996185303 25.6499996185303 25.6499996185303 25.6666679382324 25.6833343505859 25.7333335876465 25.75 25.783332824707 25.783332824707 25.783332824707 25.8666667938232 25.8666667938232 25.8666667938232 25.8666667938232
25.7999992370605 25.75 25.7999992370605 25.7999992370605 25.8333339691162 25.8833332061768 25.9166660308838 25.8500003814697 25.8500003814697 25.8500003814697 25.8333339691162 25.8333339691162 25.8333339691162 25.8333339691162 25.8333339691162 25.8166675567627 25.783332824707 25.783332824707 25.7999992370605 25.8333339691162 25.8333339691162 25.8500003814697 25.8500003814697 25.8500003814697 25.8500003814697 25.8500003814697 25.8333339691162 25.8333339691162 25.8833332061768 25.8833332061768 25.8500003814697 25.783332824707 25.783332824707 25.7666664123535 25.75 25.6833343505859 25.6833343505859 25.6499996185303 25.6499996185303 25.6499996185303 25.6833343505859 25.7333335876465 25.7333335876465 25.7666664123535 25.783332824707 25.8333339691162 25.8333339691162 25.8666667938232 25.8666667938232 25.8833332061768
25.8500003814697 25.8666667938232 25.8666667938232 25.8500003814697 25.8666667938232 25.8999996185303 25.9166660308838 25.8833332061768 25.8500003814697 25.8333339691162 25.8333339691162 25.8333339691162 25.8333339691162 25.8333339691162 25.8500003814697 25.8333339691162 25.8333339691162 25.8333339691162 25.8333339691162 25.8500003814697 25.8500003814697 25.8666667938232 25.8666667938232 25.8666667938232 25.8500003814697 25.8500003814697 25.8500003814697 25.8500003814697 25.8999996185303 25.8833332061768 25.8333339691162 25.8333339691162 25.783332824707 25.783332824707 25.75 25.7333335876465 25.6666679382324 25.6499996185303 25.6499996185303 25.6499996185303 25.6833343505859 25.7333335876465 25.75 25.7666664123535 25.783332824707 25.7999992370605 25.8500003814697 25.8666667938232 25.8833332061768 25.8833332061768
