Demos/Rbased/CrashCourse/data/climate_processing/PresentLayers/Pyxidanthera_brevifolia/bio_15.asc
NCOLS 215 
NROWS 157 
XLLCORNER -80.4833333333333 
YLLCORNER 34.2333333333333 
CELLSIZE 0.00833333333333336 
NODATA_value -9999 
[rows 42 to 62 of 157, columns 96 to 143 of 215]
16.7762126922607 16.8448963165283 16.9366931915283 17.1737689971924 17.1737689971924 17.0117835998535 17.1829605102539 17.3084888458252 17.1117210388184 17.2594776153564 17.2594776153564 17.283203125 17.3500461578369 17.3886070251465 17.3886070251465 17.3886070251465 17.3660736083984 17.5757465362549 17.5634269714355 17.6446437835693 17.4405632019043 17.4765510559082 17.6155681610107 17.6223068237305 17.6155681610107 17.4031295776367 17.4031295776367 17.619119644165 17.8308010101318 17.7100524902344 17.7463722229004 17.7100524902344 17.7110824584961 17.6812133789062 17.9074897766113 17.8698959350586 17.6998691558838 17.5992031097412 17.5992031097412 17.905294418335 18.0403594970703 18.0403594970703 18.0403594970703 18.0403594970703 17.9974136352539 17.8427467346191 18.0319423675537 17.9347686767578
17.0143585205078 17.0143585205078 17.1072788238525 17.1829605102539 17.392183303833 17.3467311859131 17.478443145752 17.478443145752 17.6326141357422 17.4265270233154 17.2594776153564 17.3114929199219 17.2174873352051 17.2174873352051 17.3886070251465 17.5841426849365 17.7255249023438 17.5515327453613 17.5841426849365 17.6446437835693 17.5268974304199 17.5268974304199 17.6446437835693 17.7818393707275 17.6854038238525 17.7095966339111 17.79128074646 17.7820625305176 17.8308010101318 17.8308010101318 17.8308010101318 17.7100524902344 17.6812133789062 17.6812133789062 17.7969799041748 17.7082099914551 17.7082099914551 17.8114070892334 17.8114070892334 17.8114070892334 17.6552772521973 17.5533599853516 17.761661529541 17.8630065917969 17.9974136352539 18.0100975036621 18.1131019592285 17.9318084716797
17.0143585205078 17.0143585205078 17.0143585205078 17.2526054382324 17.3273620605469 17.4550628662109 17.5532054901123 17.5739402770996 17.5532054901123 17.4919242858887 17.3864212036133 17.4815139770508 17.5584697723389 17.3864212036133 17.5584697723389 17.3886070251465 17.7255249023438 17.7255249023438 17.6446437835693 17.491756439209 17.6930809020996 17.491756439209 17.7546691894531 17.7546691894531 17.7566089630127 17.4233264923096 17.6577301025391 17.7820625305176 17.9928741455078 18.0021743774414 17.8308010101318 17.9566345214844 17.5354270935059 17.7134380340576 17.8393287658691 17.6761417388916 17.7710304260254 17.8187656402588 17.9475650787354 17.9475650787354 18.0272388458252 18.1262149810791 17.9974136352539 18.0100975036621 18.0100975036621 18.0100975036621 18.1048412322998 17.9678020477295
17.1672115325928 17.3167953491211 17.3167953491211 17.3167953491211 17.3167953491211 17.5000915527344 17.5000915527344 17.8047561645508 17.8047561645508 17.5995674133301 17.7108325958252 17.7108325958252 17.5685424804688 17.4645729064941 17.5685424804688 17.5685424804688 17.8951873779297 17.8951873779297 17.822286605835 17.6930809020996 17.6930809020996 17.887866973877 17.763277053833 17.9731559753418 17.7342853546143 17.6397895812988 17.9037265777588 17.731330871582 17.9430828094482 18.0021743774414 17.9430828094482 17.9566345214844 17.8467674255371 17.8467674255371 17.8467674255371 17.7710304260254 17.7366275787354 18.0256366729736 17.9580554962158 18.1980094909668 18.1980094909668 18.1680603027344 18.1680603027344 18.1680603027344 18.1548175811768 17.9403400421143 17.9403400421143 17.9403400421143
17.4830169677734 17.3410682678223 17.4247436523438 17.4247436523438 17.3628826141357 17.3628826141357 17.5000915527344 17.6508903503418 17.8172550201416 17.8047561645508 17.8047561645508 17.7108325958252 17.5584697723389 17.5938625335693 17.7108325958252 17.8951873779297 18.0195617675781 17.8951873779297 17.8727893829346 17.6590366363525 17.7812118530273 17.9828491210938 18.0712375640869 17.9828491210938 17.9037265777588 17.8217830657959 18.017406463623 18.1674003601074 18.0021743774414 18.0021743774414 17.9527435302734 17.9430828094482 18.0099792480469 18.0099792480469 18.0099792480469 17.8927574157715 17.8267822265625 18.0709857940674 18.2415752410889 18.0562152862549 18.1548175811768 18.2108535766602 18.2463226318359 18.1548175811768 18.116231918335 17.9403400421143 17.9403400421143 18.176887512207
17.4691524505615 17.5790386199951 17.8014488220215 17.5992965698242 17.5992965698242 17.6792793273926 17.7161464691162 17.7213191986084 17.9002418518066 17.9923706054688 17.9792919158936 17.8828430175781 17.8828430175781 17.7414455413818 17.7414455413818 17.9631366729736 18.0195617675781 17.8951873779297 18.0672702789307 18.0422840118408 18.0422840118408 18.1221675872803 18.0712375640869 18.1221675872803 17.9915142059326 17.9037265777588 17.9037265777588 18.0279731750488 18.1177997589111 18.3401184082031 18.1177997589111 18.1177997589111 18.1177997589111 18.1075458526611 18.12424659729 17.9605331420898 18.0515537261963 18.0256366729736 18.0709857940674 18.2754898071289 18.2754898071289 18.3696384429932 18.3696384429932 18.466251373291 17.9959487915039 18.0971298217773 18.325511932373 18.2356739044189
17.5829238891602 17.5992965698242 17.7561683654785 17.815601348877 17.670539855957 17.7161464691162 17.6994972229004 17.7161464691162 17.7213191986084 17.9923706054688 17.9923706054688 17.9595508575439 17.9878616333008 17.8828430175781 17.8828430175781 18.0429096221924 18.2046566009521 18.0672702789307 18.1818313598633 17.9915142059326 18.1818313598633 18.2910423278809 18.2910423278809 18.2910423278809 18.1025829315186 18.1698360443115 18.1957683563232 18.1177997589111 18.1177997589111 18.1177997589111 18.4330215454102 18.295747756958 18.1719436645508 18.0968132019043 17.833122253418 18.105806350708 18.2320194244385 18.3186073303223 18.2415752410889 18.3286628723145 18.3286628723145 18.3286628723145 18.3286628723145 18.466251373291 18.3024368286133 18.4817676544189 18.3942012786865 18.3726634979248
17.5829238891602 17.5992965698242 17.7412986755371 17.8394985198975 17.9928741455078 17.8916778564453 17.8841590881348 17.8916778564453 17.8975105285645 18.0531024932861 18.0396633148193 18.007495880127 18.1180362701416 18.1624565124512 18.1372966766357 18.0672702789307 18.2046566009521 18.0672702789307 18.1818313598633 18.1315612792969 18.1315612792969 18.2910423278809 18.2910423278809 18.2415752410889 18.1025829315186 18.1957683563232 18.1957683563232 18.4232330322266 18.4232330322266 18.3401184082031 18.5682849884033 18.1719436645508 18.2565231323242 18.2597179412842 17.9585914611816 18.0529804229736 18.105806350708 18.2320194244385 18.4028854370117 18.4480953216553 18.383882522583 18.4506053924561 18.4125099182129 18.4817676544189 18.4817676544189 18.4480953216553 18.4125099182129 18.5325260162354
17.7585487365723 17.7761726379395 17.7919387817383 18.1611137390137 17.9928741455078 17.8916778564453 17.8975105285645 17.8975105285645 17.8975105285645 18.0531024932861 18.2158203125 18.2158203125 18.4045448303223 18.3789615631104 18.2416858673096 18.2168865203857 18.3789615631104 18.2416858673096 18.3024368286133 18.3024368286133 18.4126472473145 18.3056182861328 18.4126472473145 18.2158851623535 18.3343982696533 18.2415752410889 18.4232330322266 18.4232330322266 18.4232330322266 18.549783706665 18.5595245361328 18.2926483154297 18.4198017120361 18.2597179412842 18.3004035949707 18.2217235565186 18.2544288635254 18.2217235565186 18.3458347320557 18.2906608581543 18.4114189147949 18.6283664703369 18.4309177398682 18.4673404693604 18.3450412750244 18.4673404693604 18.4309177398682 18.5015964508057
17.8017692565918 17.9784317016602 17.9784317016602 18.0149440765381 18.2394638061523 18.4628067016602 18.2957706451416 18.0759410858154 18.1583080291748 18.1583080291748 18.329496383667 18.3582992553711 18.4358425140381 18.5204544067383 18.1859035491943 18.2908496856689 18.3058242797852 18.3789615631104 18.3283996582031 18.3283996582031 18.5992565155029 18.4126472473145 18.4126472473145 18.4389419555664 18.5287570953369 18.5551471710205 18.5163879394531 18.3450412750244 18.549783706665 18.6428413391113 18.475980758667 18.3249607086182 18.4198017120361 18.4198017120361 18.3004035949707 18.3555316925049 18.3723373413086 18.4012832641602 18.4730319976807 18.4114189147949 18.5066471099854 18.6283664703369 18.6283664703369 18.593692779541 18.6476917266846 18.6138172149658 18.4997291564941 18.4997291564941
17.9959487915039 17.9784317016602 17.9784317016602 18.0149440765381 18.3596115112305 18.4182929992676 18.4628067016602 18.1719436645508 18.1719436645508 18.1583080291748 18.3137111663818 18.4773941040039 18.5829410552979 18.6961364746094 18.3103179931641 18.3103179931641 18.3903064727783 18.4285354614258 18.5113716125488 18.4628067016602 18.4628067016602 18.4126472473145 18.4389419555664 18.4389419555664 18.4281177520752 18.4649391174316 18.5163879394531 18.7203121185303 18.7429027557373 18.5985374450684 18.4923496246338 18.5854969024658 18.4610748291016 18.3882827758789 18.4748821258545 18.514274597168 18.4730319976807 18.4087734222412 18.4012832641602 18.5744438171387 18.5744438171387 18.6729640960693 18.8019466400146 18.6476917266846 18.6476917266846 18.6138172149658 18.7810344696045 18.7149524688721
18.2410411834717 18.1439037322998 18.1572761535645 18.1262874603271 18.1262874603271 18.4954242706299 18.4628067016602 18.5357875823975 18.5357875823975 18.5357875823975 18.5086116790771 18.6186676025391 18.5829410552979 18.6961364746094 18.3103179931641 18.3955535888672 18.3955535888672 18.4755992889404 18.8263168334961 18.878511428833 18.7236843109131 18.6020030975342 18.6370220184326 18.6370220184326 18.6534519195557 18.5163879394531 18.7203121185303 18.7203121185303 18.6149368286133 18.5985374450684 18.5985374450684 18.6149368286133 18.6983642578125 18.5854969024658 18.696891784668 18.7188777923584 18.5744438171387 18.6917495727539 18.6688995361328 18.6249904632568 18.5875606536865 18.6906890869141 18.6366024017334 18.6678733825684 18.6138172149658 18.7154808044434 18.9688739776611 18.7154808044434
18.4632129669189 18.1572761535645 18.1572761535645 18.1572761535645 18.1262874603271 18.1262874603271 18.4162902832031 18.6425514221191 18.7154235839844 18.7154235839844 18.7154235839844 18.7154235839844 18.7634716033936 18.8434791564941 18.4875221252441 18.5840854644775 18.6101169586182 18.4321575164795 18.5546741485596 18.8309555053711 18.859920501709 18.6020030975342 18.6534519195557 18.6106128692627 18.6534519195557 18.7415637969971 18.7203121185303 18.7732353210449 18.8686256408691 18.7854022979736 18.6149368286133 18.790864944458 18.6983642578125 18.790864944458 18.790864944458 18.8721160888672 18.7089653015137 18.7939987182617 18.7871952056885 18.7682723999023 18.5934429168701 18.6678733825684 18.777473449707 18.777473449707 18.9122219085693 18.777473449707 18.9916877746582 18.7154808044434
18.4632129669189 18.4700584411621 18.5212898254395 18.5212898254395 18.4700584411621 18.386510848999 18.6010913848877 18.6774826049805 18.576343536377 18.7716941833496 18.796667098999 18.7154235839844 18.7634716033936 18.8739833831787 18.7511501312256 18.8721160888672 18.8721160888672 18.8721160888672 18.8721160888672 18.859920501709 18.859920501709 18.7236843109131 18.6534519195557 18.6534519195557 18.9447727203369 18.9447727203369 19.0603199005127 18.9007110595703 18.8686256408691 18.7854022979736 18.7854022979736 18.8686256408691 18.9114303588867 18.9114303588867 18.9603729248047 18.8721160888672 18.8448390960693 18.7939987182617 18.6726989746094 18.6402931213379 18.7589340209961 18.8528919219971 18.8528919219971 18.8425254821777 18.777473449707 18.9122219085693 19.1548709869385 18.9603729248047
18.7233219146729 18.7233219146729 18.7559432983398 18.7302417755127 18.4700584411621 18.6022567749023 18.4587306976318 18.6448173522949 18.7250385284424 18.7512035369873 18.825569152832 19.0223407745361 18.8739833831787 18.8739833831787 18.9209632873535 18.8721160888672 18.8721160888672 19.0359668731689 19.0359668731689 19.0359668731689 19.0272083282471 19.1200408935547 19.1200408935547 18.8282604217529 19.1185111999512 19.1029605865479 18.9007110595703 18.9007110595703 18.7854022979736 18.8698406219482 18.8698406219482 18.8686256408691 19.1011714935303 18.9603729248047 18.9217700958252 19.066255569458 19.0955581665039 18.9605197906494 18.933032989502 18.7137336730957 18.9231185913086 18.8528919219971 18.8528919219971 18.9417095184326 18.9736289978027 18.8781318664551 18.9937381744385 19.2495574951172
18.7493896484375 18.7233219146729 18.7335529327393 18.6536312103271 18.7303733825684 18.6389026641846 18.7539348602295 18.923547744751 18.7512035369873 18.7430648803711 18.7512035369873 18.825569152832 18.9729347229004 19.0996723175049 19.1738567352295 19.1258907318115 19.1258907318115 19.0272083282471 19.0272083282471 19.0272083282471 19.0272083282471 19.1216201782227 19.1216201782227 19.2256813049316 19.2763919830322 19.2763919830322 19.0742321014404 19.0411109924316 19.0112285614014 18.9706878662109 19.0534400939941 18.9208526611328 19.0619335174561 19.0619335174561 19.066255569458 19.207893371582 19.0955581665039 18.923547744751 18.923547744751 18.7647914886475 18.7080974578857 19.0174522399902 19.0295886993408 19.1326313018799 19.0477638244629 19.0728302001953 19.0937595367432 19.2495574951172
18.9326190948486 18.9061374664307 18.7335529327393 18.7335529327393 18.7335529327393 18.8532695770264 18.9326190948486 18.9326190948486 18.9322967529297 19.1271228790283 19.0065326690674 19.0065326690674 19.0065326690674 19.0506629943848 19.0248737335205 19.0506629943848 19.0506629943848 19.100170135498 19.1326313018799 19.3455371856689 19.3455371856689 19.055549621582 19.2256813049316 19.2763919830322 19.2591304779053 19.2435703277588 19.232873916626 19.0411109924316 19.0943717956543 19.0534400939941 19.1738128662109 19.233736038208 19.0917282104492 19.1165828704834 19.2636089324951 19.2267227172852 19.058967590332 19.058967590332 19.058967590332 18.923547744751 18.8257255554199 18.9441318511963 18.9844856262207 19.0081081390381 19.106029510498 19.0943717956543 19.2562980651855 19.3558692932129
18.9326190948486 18.9061374664307 18.9398078918457 19.0081634521484 18.9823894500732 18.8113136291504 18.9769439697266 19.0081634521484 19.0808124542236 19.1536617279053 18.9322967529297 19.0065326690674 19.0065326690674 19.0065326690674 19.0065326690674 19.0850048065186 19.2126522064209 19.2126522064209 19.2126522064209 18.9886989593506 19.0990543365479 19.3010749816895 19.3222980499268 19.408203125 19.408203125 19.2435703277588 19.2435703277588 19.232873916626 19.3198890686035 19.1956996917725 19.3710670471191 19.3710670471191 19.2871265411377 19.2871265411377 19.2267227172852 19.2267227172852 19.2497253417969 19.1723575592041 19.2990322113037 19.0815296173096 19.039722442627 19.0208988189697 19.0208988189697 19.0081081390381 19.2584762573242 19.0943717956543 19.1209030151367 19.2850589752197
19.2609081268311 19.2685127258301 19.2685127258301 18.9188442230225 19.1676845550537 19.3362445831299 19.1608924865723 19.1938762664795 19.3103694915771 19.3093948364258 19.1894454956055 19.1894454956055 19.3041000366211 19.3140621185303 19.1339492797852 19.1339492797852 19.1664714813232 19.1664714813232 19.1664714813232 19.1664714813232 19.2497253417969 19.3010749816895 19.3222980499268 19.408203125 19.408203125 19.408203125 19.408203125 19.3335933685303 19.4982376098633 19.4243392944336 19.3710670471191 19.4243392944336 19.2871265411377 19.2862663269043 19.2267227172852 19.3694000244141 19.3409614562988 19.3409614562988 19.467679977417 19.3694000244141 19.2174663543701 19.2294216156006 19.1940155029297 19.0350723266602 19.0780735015869 19.2311973571777 19.2584762573242 19.2584762573242
19.2897186279297 19.2897186279297 19.2343406677246 19.1472759246826 19.1676845550537 19.3571224212646 19.4380359649658 19.4287567138672 19.2358303070068 19.1153411865234 19.1153411865234 19.1894454956055 19.2359752655029 19.3140621185303 19.2830753326416 19.2673149108887 19.346227645874 19.1664714813232 19.1664714813232 19.2497253417969 19.2497253417969 19.4999103546143 19.4999103546143 19.408203125 19.408203125 19.408203125 19.408203125 19.5092258453369 19.4982376098633 19.4591503143311 19.5962810516357 19.5962810516357 19.4598255157471 19.3966674804688 19.4201030731201 19.3409614562988 19.378023147583 19.4936065673828 19.467679977417 19.3374862670898 19.3637275695801 19.4338111877441 19.2294216156006 19.1084098815918 19.201322555542 19.1333770751953 19.2867851257324 19.2584762573242
19.44700050354 19.44700050354 19.4552230834961 19.544246673584 19.544246673584 19.4380359649658 19.5158443450928 19.3002605438232 19.4201030731201 19.4935474395752 19.1894454956055 19.3583087921143 19.3093948364258 19.2359752655029 19.2937698364258 19.2673149108887 19.346227645874 19.4658641815186 19.4999103546143 19.4999103546143 19.4999103546143 19.4999103546143 19.5855808258057 19.5855808258057 19.5855808258057 19.6374397277832 19.4613132476807 19.4982376098633 19.4953346252441 19.5376224517822 19.6222515106201 19.5962810516357 19.4239978790283 19.4201030731201 19.4239978790283 19.2516059875488 19.403564453125 19.3409614562988 19.3374862670898 19.3925952911377 19.3925952911377 19.4653816223145 19.5574378967285 19.5517444610596 19.2003917694092 19.4515419006348 19.2584762573242 19.4782257080078
