Demos/Rbased/CrashCourse/data/climate_processing/PresentLayers/Pyxidanthera_brevifolia/bio_9.asc
NCOLS 275 
NROWS 194 
XLLCORNER -80.3749999998233 
YLLCORNER 33.9 
CELLSIZE 0.00833333333316008 
NODATA_value -9999 
[rows 88 to 109 of 194, columns 0 to 49 of 275]
-9999 -9999 -9999 -9999 -9999 -9999 -9999 -9999 -9999 -9999 -9999 -9999 -9999 -9999 -9999 -9999 -9999 11.5333337783813 11.4833335876465 11.5 11.5333337783813 11.5 11.5 11.5500001907349 11.5333337783813 11.5333337783813 11.5500001907349 11.5500001907349 11.5666666030884 11.5500001907349 11.5833330154419 11.5999994277954 11.5833330154419 11.6000003814697 11.5833339691162 11.6000003814697 11.6333332061768 11.6333332061768 11.6333332061768 11.6333332061768 11.6333332061768 11.6666660308838 11.6833333969116 11.6833333969116 11.6666660308838 11.6833333969116 11.6833333969116 11.7166662216187 11.7666664123535 11.7166662216187
-9999 -9999 -9999 -9999 -9999 -9999 -9999 -9999 -9999 -9999 -9999 -9999 -9999 -9999 -9999 -9999 11.5333337783813 11.5333337783813 11.5500001907349 11.5833330154419 11.6000003814697 11.6000003814697 11.5833330154419 11.6000003814697 11.6166667938232 11.5999994277954 11.5500001907349 11.5500001907349 11.5666666030884 11.6166667938232 11.6166667938232 11.6666660308838 11.6833333969116 11.6499996185303 11.6333332061768 11.6333332061768 11.6833333969116 11.6333332061768 11.6333332061768 11.6333332061768 11.6333332061768 11.6666660308838 11.6833333969116 11.6833333969116 11.6833333969116 11.6999998092651 11.7333335876465 11.75 11.7666664123535 11.7833337783813
-9999 -9999 -9999 -9999 -9999 -9999 -9999 -9999 -9999 -9999 -9999 -9999 -9999 -9999 -9999 11.5833330154419 11.5833330154419 11.5833330154419 11.6000003814697 11.6000003814697 11.6000003814697 11.6499996185303 11.6499996185303 11.6499996185303 11.6666660308838 11.6666660308838 11.6499996185303 11.6499996185303 11.6499996185303 11.6999998092651 11.6999998092651 11.6999998092651 11.6999998092651 11.6499996185303 11.6333332061768 11.6333332061768 11.6833333969116 11.6499996185303 11.6333332061768 11.6333332061768 11.6333332061768 11.6333332061768 11.6333332061768 11.6833333969116 11.6833333969116 11.7166662216187 11.7333335876465 11.6833333969116 11.75 11.75
-9999 -9999 -9999 -9999 -9999 -9999 -9999 -9999 -9999 -9999 -9999 -9999 -9999 -9999 11.6166667938232 11.6333332061768 11.5833330154419 11.6166667938232 11.6333332061768 11.6833333969116 11.6999998092651 11.6999998092651 11.6999998092651 11.6499996185303 11.6499996185303 11.6499996185303 11.6833333969116 11.6999998092651 11.7166662216187 11.6833333969116 11.6833333969116 11.7166662216187 11.7333335876465 11.7166662216187 11.6833333969116 11.6833333969116 11.6833333969116 11.6833333969116 11.6833333969116 11.6833333969116 11.6833333969116 11.6833333969116 11.6666669845581 11.6833333969116 11.6833333969116 11.6833333969116 11.7166662216187 11.6999998092651 11.7333335876465 11.7333335876465
-9999 -9999 -9999 -9999 -9999 -9999 -9999 -9999 -9999 -9999 -9999 -9999 -9999 11.5666666030884 11.6000003814697 11.6166667938232 11.6000003814697 11.6333332061768 11.6833333969116 11.6999998092651 11.6833333969116 11.6999998092651 11.6833333969116 11.6833333969116 11.6999998092651 11.7333335876465 11.7333335876465 11.6833333969116 11.6833333969116 11.6833333969116 11.6833333969116 11.7166662216187 11.7333335876465 11.783332824707 11.7666664123535 11.75 11.7166662216187 11.6833333969116 11.6833333969116 11.6833333969116 11.6833333969116 11.6833333969116 11.6833333969116 11.6833333969116 11.6833333969116 11.6833333969116 11.6833333969116 11.6999998092651 11.6999998092651 11.7333335876465
-9999 -9999 -9999 -9999 -9999 -9999 -9999 -9999 -9999 -9999 -9999 -9999 11.5666666030884 11.6000003814697 11.6166667938232 11.6000003814697 11.6333332061768 11.6666669845581 11.6833333969116 11.6666669845581 11.6500005722046 11.6833333969116 11.6833333969116 11.6833333969116 11.6999998092651 11.6999998092651 11.6833333969116 11.7333335876465 11.6999998092651 11.6999998092651 11.7333335876465 11.75 11.75 11.7333335876465 11.7333335876465 11.7166662216187 11.75 11.7333335876465 11.7166662216187 11.6999998092651 11.7333335876465 11.6833333969116 11.7166662216187 11.75 11.7333326339722 11.6999998092651 11.6833333969116 11.6999998092651 11.7666664123535 11.7666664123535
-9999 -9999 -9999 -9999 -9999 -9999 -9999 -9999 -9999 -9999 -9999 11.5666666030884 11.5666666030884 11.5333337783813 11.5500001907349 11.5833330154419 11.6333332061768 11.6666669845581 11.6500005722046 11.6333332061768 11.6333332061768 11.6833333969116 11.6833333969116 11.6999998092651 11.6999998092651 11.6833333969116 11.6666669845581 11.6666669845581 11.7166662216187 11.7333335876465 11.7333335876465 11.75 11.7666664123535 11.7666664123535 11.7333335876465 11.7333335876465 11.7666664123535 11.783332824707 11.7666664123535 11.7666664123535 11.75 11.75 11.7333326339722 11.75 11.75 11.75 11.7666664123535 11.6999998092651 11.7666664123535 11.783332824707
-9999 -9999 -9999 -9999 -9999 -9999 -9999 -9999 -9999 -9999 11.5666666030884 11.6000003814697 11.6000003814697 11.6000003814697 11.5833330154419 11.5833330154419 11.6000003814697 11.6500005722046 11.6333332061768 11.6166667938232 11.6333332061768 11.6666669845581 11.6666669845581 11.6833333969116 11.6833333969116 11.6666669845581 11.6666669845581 11.6833333969116 11.7333335876465 11.7333335876465 11.7333335876465 11.7333335876465 11.7333335876465 11.7166662216187 11.7166662216187 11.7333335876465 11.7666664123535 11.7666664123535 11.7666664123535 11.8166666030884 11.7666664123535 11.75 11.75 11.75 11.7333326339722 11.75 11.7666664123535 11.7166662216187 11.6999998092651 11.7666664123535
-9999 -9999 -9999 -9999 -9999 -9999 -9999 -9999 -9999 11.5166664123535 11.5666666030884 11.6000003814697 11.6333332061768 11.6333332061768 11.6166667938232 11.5833330154419 11.6000003814697 11.6333332061768 11.6166667938232 11.6000003814697 11.6333332061768 11.6166667938232 11.6333332061768 11.6500005722046 11.6500005722046 11.6833333969116 11.6666669845581 11.6666669845581 11.6666669845581 11.6833333969116 11.7166662216187 11.6999998092651 11.6999998092651 11.7166662216187 11.7166662216187 11.7166662216187 11.75 11.783332824707 11.8000001907349 11.8166666030884 11.8166666030884 11.8166666030884 11.8000001907349 11.783332824707 11.75 11.75 11.7666664123535 11.7666664123535 11.7166662216187 11.7666664123535
-9999 -9999 -9999 -9999 -9999 -9999 -9999 11.5500001907349 11.5500001907349 11.5500001907349 11.5666666030884 11.5833330154419 11.6000003814697 11.6000003814697 11.6500005722046 11.6500005722046 11.6500005722046 11.6666669845581 11.6666669845581 11.6333332061768 11.6500005722046 11.6666669845581 11.6666669845581 11.6833333969116 11.6833333969116 11.6833333969116 11.6833333969116 11.6833333969116 11.6833333969116 11.7166662216187 11.6999998092651 11.7333335876465 11.7333335876465 11.7333326339722 11.7166662216187 11.7166662216187 11.7666664123535 11.7666664123535 11.7666664123535 11.8166666030884 11.8166666030884 11.8166666030884 11.8000001907349 11.783332824707 11.783332824707 11.7666664123535 11.7666664123535 11.75 11.7166662216187 11.7666664123535
-9999 -9999 -9999 -9999 -9999 -9999 11.5666666030884 11.5666666030884 11.6000003814697 11.6000003814697 11.6000003814697 11.6000003814697 11.6000003814697 11.5500001907349 11.6000003814697 11.6500005722046 11.6666669845581 11.6833333969116 11.6666669845581 11.6666669845581 11.6333332061768 11.6500005722046 11.6999998092651 11.6999998092651 11.6833333969116 11.6999998092651 11.6833333969116 11.6833333969116 11.7166662216187 11.7166662216187 11.7333335876465 11.7333335876465 11.7666664123535 11.783332824707 11.7666664123535 11.7666664123535 11.7666664123535 11.7666664123535 11.7666664123535 11.7666664123535 11.7666664123535 11.8000001907349 11.8000001907349 11.8000001907349 11.783332824707 11.8000001907349 11.7666664123535 11.7666664123535 11.7666664123535 11.7666664123535
-9999 -9999 -9999 -9999 -9999 11.5333337783813 11.5666666030884 11.6333332061768 11.6333332061768 11.6333332061768 11.6500005722046 11.6500005722046 11.6666669845581 11.6500005722046 11.6166667938232 11.6333332061768 11.6833333969116 11.6833333969116 11.6666669845581 11.6666669845581 11.6666669845581 11.6666669845581 11.6833333969116 11.6999998092651 11.7166662216187 11.7166662216187 11.6999998092651 11.7166662216187 11.7166662216187 11.7666664123535 11.783332824707 11.8166666030884 11.8166666030884 11.8166666030884 11.7666664123535 11.783332824707 11.783332824707 11.783332824707 11.7666664123535 11.7666664123535 11.7666664123535 11.7666664123535 11.8000001907349 11.8166666030884 11.8166666030884 11.8166666030884 11.8166666030884 11.8166666030884 11.8166666030884 11.8166666030884
-9999 -9999 -9999 -9999 11.5500001907349 11.5666666030884 11.5666666030884 11.6333332061768 11.6500005722046 11.6833333969116 11.6999998092651 11.6999998092651 11.6833333969116 11.6999998092651 11.6666669845581 11.6666669845581 11.6666669845581 11.75 11.716667175293 11.716667175293 11.6833333969116 11.6666669845581 11.6833333969116 11.6999998092651 11.7166662216187 11.6833333969116 11.6833333969116 11.7166662216187 11.6999998092651 11.7166662216187 11.7333335876465 11.7333335876465 11.8166666030884 11.8166666030884 11.8666667938232 11.8500003814697 11.8333330154419 11.8333330154419 11.8166666030884 11.7666664123535 11.7666664123535 11.7666664123535 11.7666664123535 11.8166666030884 11.8166666030884 11.8166666030884 11.8166666030884 11.8166666030884 11.8333330154419 11.8666667938232
-9999 -9999 -9999 -9999 11.5833330154419 11.5833330154419 11.6000003814697 11.6166667938232 11.6333332061768 11.6500005722046 11.6666669845581 11.6833333969116 11.7166662216187 11.75 11.75 11.75 11.7333335876465 11.75 11.7666664123535 11.75 11.716667175293 11.6999998092651 11.6833333969116 11.6999998092651 11.7333335876465 11.7333335876465 11.7166662216187 11.7166662216187 11.7166662216187 11.7666664123535 11.7666664123535 11.7666664123535 11.8166666030884 11.8166666030884 11.8166666030884 11.8166666030884 11.8333330154419 11.8333330154419 11.8333330154419 11.8166666030884 11.8000001907349 11.8000001907349 11.8166666030884 11.8166666030884 11.8166666030884 11.8000001907349 11.7666664123535 11.8166666030884 11.8333330154419 11.9000005722046
-9999 -9999 -9999 11.5333337783813 11.5666666030884 11.5833330154419 11.6500005722046 11.6500005722046 11.6500005722046 11.6666669845581 11.6666669845581 11.6666669845581 11.7000007629395 11.7000007629395 11.7333335876465 11.7666664123535 11.7666664123535 11.75 11.75 11.75 11.7666664123535 11.75 11.6999998092651 11.6833333969116 11.6833333969116 11.6999998092651 11.6999998092651 11.7166662216187 11.8000001907349 11.783332824707 11.8000001907349 11.8166666030884 11.8333330154419 11.8666667938232 11.8666667938232 11.8666667938232 11.8333330154419 11.8333330154419 11.8333330154419 11.8333330154419 11.8333330154419 11.8333330154419 11.8333330154419 11.8333330154419 11.8333330154419 11.783332824707 11.8000001907349 11.8166666030884 11.8666667938232 11.9166669845581
-9999 -9999 11.5666666030884 11.5333337783813 11.5833330154419 11.6333332061768 11.6833333969116 11.7166662216187 11.6999998092651 11.6666669845581 11.6500005722046 11.6333332061768 11.6666669845581 11.716667175293 11.783332824707 11.716667175293 11.7333335876465 11.7333335876465 11.7000007629395 11.7000007629395 11.716667175293 11.75 11.75 11.6999998092651 11.7333335876465 11.7333335876465 11.7333335876465 11.7666664123535 11.75 11.7333335876465 11.75 11.8166666030884 11.8666667938232 11.8666667938232 11.8666667938232 11.8666667938232 11.8500003814697 11.8500003814697 11.8500003814697 11.8500003814697 11.8333330154419 11.8333330154419 11.8500003814697 11.8333330154419 11.8333330154419 11.8333330154419 11.8666667938232 11.8666667938232 11.8666667938232 11.8833332061768
-9999 -9999 11.5666666030884 11.5833330154419 11.6000003814697 11.6666669845581 11.6999998092651 11.7166662216187 11.7166662216187 11.6833333969116 11.716667175293 11.6833333969116 11.7000007629395 11.7333335876465 11.7333335876465 11.7333335876465 11.75 11.7333335876465 11.716667175293 11.7000007629395 11.6833333969116 11.75 11.7666664123535 11.7666664123535 11.75 11.7333335876465 11.7333335876465 11.75 11.7666664123535 11.8166666030884 11.8166666030884 11.8333330154419 11.8500003814697 11.8666667938232 11.8666667938232 11.8333330154419 11.8166666030884 11.8500003814697 11.8500003814697 11.8166666030884 11.8000001907349 11.8666667938232 11.8666667938232 11.8500003814697 11.8166666030884 11.8666667938232 11.8833332061768 11.8833332061768 11.8833332061768 11.8666667938232
-9999 11.5666666030884 11.5666666030884 11.5833330154419 11.6333332061768 11.6833333969116 11.7166662216187 11.7166662216187 11.7166662216187 11.7333335876465 11.7333335876465 11.75 11.7333335876465 11.716667175293 11.7333335876465 11.7333335876465 11.783332824707 11.783332824707 11.8000001907349 11.783332824707 11.7333335876465 11.75 11.783332824707 11.7666664123535 11.75 11.7666664123535 11.7666664123535 11.8000001907349 11.8166666030884 11.8000001907349 11.8000001907349 11.8166666030884 11.8666667938232 11.8666667938232 11.8333330154419 11.8166666030884 11.8666667938232 11.8833332061768 11.8666667938232 11.8333330154419 11.8666667938232 11.8833332061768 11.8833332061768 11.8333330154419 11.8333330154419 11.8999996185303 11.8666667938232 11.8666667938232 11.8166666030884 11.8666667938232
-9999 11.5500001907349 11.5166664123535 11.6000003814697 11.6666660308838 11.6999998092651 11.7166662216187 11.7333335876465 11.75 11.7333335876465 11.7333335876465 11.7666664123535 11.7333335876465 11.7666664123535 11.783332824707 11.8666667938232 11.8833332061768 11.8666667938232 11.8499994277954 11.8333330154419 11.8166666030884 11.8166666030884 11.8166666030884 11.8166666030884 11.7666664123535 11.7666664123535 11.7666664123535 11.783332824707 11.7666664123535 11.7666664123535 11.8000001907349 11.8500003814697 11.8999996185303 11.8333330154419 11.8500003814697 11.8999996185303 11.9166669845581 11.9166669845581 11.8999996185303 11.8999996185303 11.8500003814697 11.8333330154419 11.8999996185303 11.8500003814697 11.8833332061768 11.8833332061768 11.8666667938232 11.8666667938232 11.8166666030884 11.8833332061768
11.5500001907349 11.5500001907349 11.5666666030884 11.6333332061768 11.6666660308838 11.6999998092651 11.7166662216187 11.75 11.7333335876465 11.75 11.7333335876465 11.7333335876465 11.75 11.783332824707 11.8166666030884 11.8666667938232 11.8666667938232 11.8500003814697 11.8500003814697 11.783332824707 11.8000001907349 11.8166666030884 11.8333330154419 11.8500003814697 11.8000001907349 11.75 11.75 11.7666664123535 11.8166666030884 11.8500003814697 11.8999996185303 11.8999996185303 11.8666667938232 11.8500003814697 11.8999996185303 11.9166669845581 11.9166669845581 11.8999996185303 11.8666667938232 11.8500003814697 11.8999996185303 11.8999996185303 11.9166669845581 11.8999996185303 11.8833332061768 11.8833332061768 11.8999996185303 11.8666667938232 11.8833332061768 11.8999996185303
11.5833330154419 11.6000003814697 11.6333332061768 11.6666660308838 11.6999998092651 11.6999998092651 11.75 11.7666664123535 11.7666664123535 11.75 11.75 11.783332824707 11.8000001907349 11.8166666030884 11.8666667938232 11.8333330154419 11.8166666030884 11.8333330154419 11.8333330154419 11.8000001907349 11.8000001907349 11.783332824707 11.8166666030884 11.8333330154419 11.8500003814697 11.783332824707 11.75 11.783332824707 11.8500003814697 11.8666667938232 11.8666667938232 11.8666667938232 11.8666667938232 11.9166669845581 11.9499998092651 11.9166669845581 11.8999996185303 11.8999996185303 11.8500003814697 11.8666667938232 11.9166669845581 11.9333333969116 11.9500007629395 11.966667175293 11.9166669845581 11.8999996185303 11.8999996185303 11.8999996185303 11.8999996185303 11.8999996185303
11.6000003814697 11.6333332061768 11.6833333969116 11.6833333969116 11.6999998092651 11.6999998092651 11.7333335876465 11.75 11.7666664123535 11.7666664123535 11.7666664123535 11.8166666030884 11.8833332061768 11.8833332061768 11.9166669845581 11.8833332061768 11.8166666030884 11.7833337783813 11.8333330154419 11.8666667938232 11.8666667938232 11.8500003814697 11.8500003814697 11.8500003814697 11.8666667938232 11.8333330154419 11.7666664123535 11.8000001907349 11.8333330154419 11.8500003814697 11.8666667938232 11.9166669845581 11.9499998092651 11.966667175293 11.9833335876465 11.966667175293 11.8999996185303 11.8500003814697 11.8500003814697 11.8666667938232 11.8833332061768 11.9166669845581 11.8833332061768 11.9333333969116 11.9833335876465 11.966667175293 11.966667175293 11.9499998092651 11.9499998092651 11.9499998092651
