Demos/Rbased/CrashCourse/data/climate_processing/PresentLayers/Pyxidanthera_brevifolia/bio_15.asc
NCOLS 215 
NROWS 157 
XLLCORNER -80.4833333333333 
YLLCORNER 34.2333333333333 
CELLSIZE 0.00833333333333336 
NODATA_value -9999 
[rows 84 to 104 of 157, columns 48 to 95 of 215]
18.1976566314697 18.1976566314697 18.1976566314697 18.3469638824463 18.4777584075928 18.4260311126709 18.6622695922852 18.6622695922852 18.8158435821533 18.9026699066162 18.8309555053711 18.8309555053711 18.8309555053711 18.9889755249023 19.1153259277344 19.1153259277344 19.1153259277344 19.3251304626465 19.460916519165 19.475944519043 19.8214435577393 19.4806423187256 19.4071235656738 19.4659290313721 19.4607887268066 19.4607887268066 19.3697185516357 19.6303291320801 19.9072799682617 19.9417057037354 19.9417057037354 19.9456615447998 20.0032196044922 19.997501373291 20.1262111663818 20.2123908996582 20.066011428833 20.1736621856689 20.353666305542 20.3545703887939 20.2304935455322 20.5181045532227 20.5181045532227 20.5181045532227 20.6043643951416 20.4292755126953 20.5513744354248 20.6190643310547
18.1976566314697 18.1976566314697 18.1976566314697 18.3469638824463 18.3469638824463 18.5012359619141 18.5875053405762 18.6622695922852 18.8158435821533 18.9875545501709 18.9875545501709 18.9875545501709 19.1153259277344 19.1153259277344 19.2070064544678 19.1635227203369 19.3344593048096 19.4510631561279 19.314868927002 19.460916519165 19.6472091674805 19.4806423187256 19.4071235656738 19.435396194458 19.5528736114502 19.5844459533691 19.5844459533691 19.6568927764893 19.7921504974365 19.7921504974365 19.6612854003906 19.8374252319336 20.1709575653076 20.2521915435791 20.1647720336914 20.0264568328857 20.0264568328857 20.1692295074463 20.0512409210205 20.2172527313232 20.3361148834229 20.3361148834229 20.5181045532227 20.5181045532227 20.5847949981689 20.5599918365479 20.5599918365479 20.6043643951416
18.2744808197021 18.2744808197021 18.2744808197021 18.2744808197021 18.4730319976807 18.5875053405762 18.7236843109131 18.7236843109131 18.962516784668 18.962516784668 19.0034351348877 19.0288524627686 19.0264778137207 19.1358776092529 19.092113494873 19.3385391235352 19.3581504821777 19.3581504821777 19.4352054595947 19.5304164886475 19.6472091674805 19.5492858886719 19.5045967102051 19.6980953216553 19.7423477172852 19.6157836914062 19.7158718109131 19.5844459533691 19.7158718109131 19.737211227417 19.9072799682617 20.1241703033447 20.1241703033447 20.1709575653076 19.8891868591309 20.0264568328857 20.0715255737305 20.035795211792 20.3154582977295 20.3508338928223 20.3155384063721 20.3155384063721 20.3361148834229 20.3361148834229 20.40283203125 20.5001640319824 20.4475841522217 20.4166011810303
18.0879688262939 18.2744808197021 18.36106300354 18.36106300354 18.5163879394531 18.7236843109131 18.8110523223877 18.8548355102539 18.8548355102539 18.8309555053711 19.0264778137207 19.0264778137207 19.0264778137207 19.1812419891357 19.1974315643311 19.1974315643311 19.4277992248535 19.4692153930664 19.4952812194824 19.4952812194824 19.5953006744385 19.5953006744385 19.711555480957 19.711555480957 19.7205810546875 19.6746501922607 19.8852710723877 19.8715438842773 19.9068832397461 19.9627094268799 19.9627094268799 19.995454788208 19.9343891143799 19.9771213531494 20.2521915435791 20.1647720336914 20.1514892578125 20.1514892578125 20.5253868103027 20.4965877532959 20.3508338928223 20.3154582977295 20.1559257507324 20.3464260101318 20.3543891906738 20.5682697296143 20.3897342681885 20.570182800293
18.1177062988281 18.2744808197021 18.36106300354 18.3088111877441 18.6473865509033 18.705810546875 18.8934631347656 18.8934631347656 18.8934631347656 19.0071754455566 19.0071754455566 19.0650405883789 19.0650405883789 19.0650405883789 19.2200927734375 19.4277992248535 19.3125915527344 19.472339630127 19.6775550842285 19.4493026733398 19.5866374969482 19.6066036224365 19.4566955566406 19.4030590057373 19.6039257049561 19.6936340332031 19.8715438842773 19.8852710723877 20.0136318206787 20.1797561645508 20.0474853515625 20.0474853515625 19.9884986877441 20.0229167938232 20.2179203033447 20.1764945983887 20.2079372406006 20.3591041564941 20.3838863372803 20.3838863372803 20.1732006072998 20.2846050262451 20.381477355957 20.381477355957 20.4514427185059 20.476770401001 20.4241352081299 20.5395812988281
18.4981575012207 18.4065456390381 18.3539924621582 18.3539924621582 18.3088111877441 18.6406059265137 18.7284908294678 18.7703094482422 18.9360828399658 18.8886756896973 18.8886756896973 19.1872673034668 19.3390789031982 19.2498416900635 19.2922267913818 19.3125915527344 19.5113716125488 19.756326675415 19.5160846710205 19.4692153930664 19.536979675293 19.44140625 19.44140625 19.4030590057373 19.5653915405273 19.6039257049561 19.6039257049561 19.6936340332031 19.723503112793 19.8247871398926 20.1797561645508 20.0474853515625 20.0474853515625 20.2498455047607 20.1778793334961 20.2179203033447 20.3079299926758 20.1764945983887 20.2456855773926 20.4236030578613 20.3588104248047 20.4073848724365 20.6722202301025 20.4521961212158 20.5098686218262 20.7074317932129 20.549654006958 20.3190784454346
18.3420677185059 18.3829593658447 18.4722385406494 18.3539924621582 18.3539924621582 18.6186676025391 18.6186676025391 18.8100147247314 18.7822742462158 18.7822742462158 18.7822742462158 19.1294689178467 19.228796005249 19.3808727264404 19.4044246673584 19.4047794342041 19.502233505249 19.6048164367676 19.6583518981934 19.6051940917969 19.6675758361816 19.3822975158691 19.4936065673828 19.5468349456787 19.5468349456787 19.7558574676514 19.6936340332031 19.8955688476562 19.936450958252 20.0273246765137 20.1008129119873 20.1008129119873 20.2259960174561 20.3174571990967 20.1904735565186 20.1457862854004 20.208625793457 20.3806419372559 20.2501983642578 20.3357410430908 20.4997062683105 20.4962463378906 20.4962463378906 20.5263423919678 20.568042755127 20.568042755127 20.6438789367676 20.607982635498
18.5453243255615 18.4309177398682 18.4722385406494 18.6186676025391 18.6186676025391 18.6186676025391 18.7917766571045 18.7422714233398 18.9365139007568 18.7830238342285 18.9365139007568 19.0270462036133 19.206241607666 19.2085876464844 19.4468517303467 19.4044246673584 19.3628387451172 19.7035903930664 19.5977954864502 19.6051940917969 19.6051940917969 19.536979675293 19.518482208252 19.7616577148438 19.9205341339111 19.9035186767578 20.0400829315186 20.0662117004395 20.0911979675293 20.0273246765137 20.0273246765137 20.25 20.25 20.2810764312744 20.3174571990967 20.1887474060059 20.3569488525391 20.3499412536621 20.3346824645996 20.3346824645996 20.3346824645996 20.6113929748535 20.4679183959961 20.6089115142822 20.6810283660889 20.6810283660889 20.4700374603271 20.5882301330566
18.5204544067383 18.5872001647949 18.5204544067383 18.6186676025391 18.667085647583 18.66188621521 18.667085647583 18.7105979919434 18.9227733612061 19.206241607666 19.206241607666 19.2572364807129 19.2348003387451 19.2348003387451 19.2085876464844 19.4540004730225 19.4540004730225 19.7035903930664 19.7035903930664 19.7293281555176 19.6329956054688 19.6272773742676 19.7377586364746 19.7616577148438 19.794620513916 20.0845069885254 19.8491859436035 19.9523468017578 19.8510799407959 19.8283786773682 20.1212024688721 20.1914596557617 20.1087951660156 20.1683158874512 20.2874069213867 20.3201637268066 20.3838863372803 20.3757362365723 20.4138984680176 20.1895637512207 20.3346824645996 20.4033889770508 20.4033889770508 20.5130290985107 20.4790077209473 20.5550231933594 20.4700374603271 20.5500221252441
18.5204544067383 18.4788646697998 18.5204544067383 18.5204544067383 18.667085647583 18.667085647583 18.8014640808105 18.8014640808105 18.7539844512939 19.1492614746094 19.3479537963867 19.3479537963867 19.1458358764648 19.3479537963867 19.4982509613037 19.4559020996094 19.6306762695312 19.782901763916 19.7959308624268 19.7959308624268 19.7429962158203 19.5244770050049 19.8795547485352 19.8795547485352 19.9265117645264 19.9777851104736 19.9100322723389 19.8942527770996 19.7164707183838 19.8283786773682 19.8770408630371 20.162971496582 20.1502475738525 20.2094249725342 20.1683158874512 20.3937644958496 20.3840217590332 20.2449264526367 20.3757362365723 20.312967300415 20.2587928771973 20.44504737854 20.5540180206299 20.5193748474121 20.424524307251 20.5550231933594 20.5550231933594 20.6039505004883
18.4193572998047 18.5633964538574 18.5633964538574 18.5633964538574 18.5633964538574 18.7102794647217 18.6609210968018 18.8452529907227 18.8452529907227 18.9456176757812 19.1458358764648 19.3479537963867 19.1975383758545 19.1975383758545 19.3429489135742 19.3950843811035 19.6409606933594 19.6306762695312 19.782901763916 19.7429962158203 19.7429962158203 19.7921981811523 20.0552501678467 19.9468784332275 20.0400829315186 19.780445098877 19.8050727844238 20.0272541046143 19.8942527770996 19.8916168212891 19.8770408630371 19.9159851074219 20.136697769165 20.3208560943604 20.2484283447266 20.3626728057861 20.2319793701172 20.344259262085 20.4110317230225 20.4432849884033 20.312967300415 20.385103225708 20.5187187194824 20.5882301330566 20.5882301330566 20.424524307251 20.4389343261719 20.5192413330078
18.6773490905762 18.8154106140137 18.5649547576904 18.6157321929932 18.794713973999 18.9471740722656 18.9471740722656 18.9887599945068 19.0491390228271 19.0491390228271 18.9456176757812 19.055757522583 19.1975383758545 19.2867488861084 19.2867488861084 19.2451267242432 19.6422557830811 19.8100414276123 19.8100414276123 19.7711715698242 20.0385456085205 19.981538772583 19.8407535552979 19.9599647521973 20.0181827545166 20.0689144134521 20.0720767974854 20.1733512878418 19.8846607208252 19.8942527770996 19.9506912231445 19.9506912231445 20.2409934997559 20.3208560943604 20.3496704101562 20.1995525360107 20.3626728057861 20.2522087097168 20.4174709320068 20.4110317230225 20.277099609375 20.3487644195557 20.4400215148926 20.5082092285156 20.4201183319092 20.6080284118652 20.5505714416504 20.5192413330078
18.4715251922607 18.8154106140137 18.8599185943604 18.9471740722656 18.794713973999 18.9471740722656 18.8890018463135 19.078784942627 19.246244430542 19.078784942627 19.0491390228271 19.2262535095215 19.1975383758545 19.1975383758545 19.3860855102539 19.3860855102539 19.6874237060547 19.7790241241455 19.7544326782227 19.9035606384277 19.9146270751953 20.1128616333008 20.1128616333008 20.2065868377686 19.9146270751953 20.0689144134521 20.0689144134521 20.0720767974854 20.2810764312744 19.9362621307373 20.0462856292725 20.2044048309326 20.2635135650635 20.4117374420166 20.2313747406006 20.3828773498535 20.4450054168701 20.4333305358887 20.2861862182617 20.4110317230225 20.3487644195557 20.3487644195557 20.5577335357666 20.550817489624 20.4760494232178 20.424524307251 20.52099609375 20.692195892334
18.4715251922607 18.5106163024902 18.8793773651123 18.9235668182373 18.9235668182373 19.0147838592529 19.0552597045898 18.9805278778076 19.1098976135254 19.246244430542 19.3012962341309 19.0955142974854 19.3663158416748 19.3860855102539 19.5009078979492 19.7790241241455 19.7790241241455 19.7790241241455 19.7790241241455 19.7790241241455 19.9035606384277 20.0112228393555 20.2065868377686 20.2065868377686 20.2065868377686 20.258918762207 20.1768474578857 20.1040210723877 20.1256122589111 20.1256122589111 20.2810764312744 20.2855968475342 20.2409591674805 20.3587245941162 20.2832317352295 20.3150768280029 20.3397521972656 20.3577728271484 20.3783645629883 20.338924407959 20.5372066497803 20.481912612915 20.3589134216309 20.4632186889648 20.5088405609131 20.5882301330566 20.5615386962891 20.5615386962891
18.4715251922607 18.5106163024902 18.7509498596191 18.957368850708 18.8934192657471 18.9235668182373 19.1641502380371 19.1641502380371 19.1560192108154 19.151065826416 19.1560192108154 19.3012962341309 19.1920127868652 19.3860855102539 19.4422225952148 19.7790241241455 19.7790241241455 19.7790241241455 19.8377876281738 19.7790241241455 19.88694190979 20.0112228393555 20.0249843597412 20.2065868377686 20.2065868377686 20.258918762207 20.3113613128662 20.2906894683838 20.2316131591797 20.1256122589111 20.1833477020264 20.1833477020264 20.364818572998 20.2542095184326 20.377067565918 20.3587245941162 20.3813381195068 20.540210723877 20.3885250091553 20.3851318359375 20.4649467468262 20.4850463867188 20.3589134216309 20.4632186889648 20.5208988189697 20.5208988189697 20.6034908294678 20.6901378631592
18.5668334960938 18.6579170227051 18.957368850708 18.957368850708 18.957368850708 19.015552520752 19.0817050933838 19.1610851287842 19.3485126495361 19.3041210174561 19.2503490447998 19.4877872467041 19.5845146179199 19.2961139678955 19.2961139678955 19.4853401184082 19.7790241241455 19.88694190979 19.88694190979 19.88694190979 19.88694190979 19.88694190979 20.1104469299316 20.2088298797607 20.1718864440918 20.3113613128662 20.3113613128662 20.2906894683838 20.310604095459 20.3666381835938 20.288631439209 20.1833477020264 20.2542095184326 20.2542095184326 20.4110774993896 20.3587245941162 20.3813381195068 20.3813381195068 20.4811458587646 20.5142440795898 20.5043544769287 20.5238037109375 20.5236015319824 20.4689273834229 20.5208988189697 20.6034908294678 20.6034908294678 20.6596508026123
18.602466583252 18.653205871582 18.8472576141357 18.9021492004395 18.9235668182373 18.9722728729248 19.2522373199463 19.3272857666016 19.3091983795166 19.4438343048096 19.501184463501 19.4405307769775 19.2477607727051 19.3063354492188 19.2961139678955 19.4853401184082 19.5351104736328 19.5938892364502 19.7405071258545 19.8215503692627 19.8726291656494 19.8726291656494 19.8726291656494 19.9184741973877 20.2704277038574 20.3225555419922 20.2237949371338 20.2906894683838 20.3666381835938 20.3666381835938 20.3666381835938 20.4268627166748 20.3958034515381 20.449592590332 20.3197212219238 20.4246387481689 20.3813381195068 20.3813381195068 20.4811458587646 20.4811458587646 20.5434875488281 20.5085735321045 20.6186809539795 20.5141792297363 20.6676349639893 20.5734176635742 20.6596508026123 20.6596508026123
18.7046031951904 18.7089977264404 18.653205871582 18.9021492004395 18.9021492004395 18.9021492004395 19.2522373199463 19.3091983795166 19.3091983795166 19.3579406738281 19.501184463501 19.6000995635986 19.5472831726074 19.4853401184082 19.4853401184082 19.3714733123779 19.5181903839111 19.5938892364502 19.676965713501 19.8726291656494 19.8726291656494 19.8726291656494 19.8726291656494 19.8726291656494 20.1484127044678 20.3743324279785 20.3743324279785 20.3014831542969 20.3666381835938 20.3666381835938 20.4268627166748 20.4268627166748 20.4324626922607 20.4593887329102 20.5598182678223 20.3197212219238 20.3197212219238 20.3379402160645 20.5075225830078 20.3858852386475 20.3499794006348 20.4279003143311 20.5864200592041 20.6766395568848 20.7498550415039 20.6550483703613 20.6957664489746 20.5362873077393
18.7615604400635 18.7615604400635 18.9021492004395 18.9021492004395 18.9021492004395 18.8939666748047 18.9021492004395 19.3091983795166 19.3091983795166 19.3091983795166 19.3579406738281 19.6000995635986 19.6000995635986 19.6000995635986 19.5977954864502 19.676965713501 19.676965713501 19.676965713501 19.676965713501 19.7291469573975 19.8726291656494 19.8726291656494 19.8726291656494 20.1723041534424 20.2704277038574 20.3743324279785 20.3743324279785 20.3225555419922 20.3767681121826 20.3164806365967 20.5254192352295 20.4268627166748 20.4593887329102 20.4593887329102 20.4593887329102 20.3956604003906 20.3893966674805 20.3893966674805 20.3666381835938 20.4415378570557 20.3858852386475 20.522159576416 20.522159576416 20.6367588043213 20.5915489196777 20.6772441864014 20.580867767334 20.6706390380859
18.6634883880615 18.8110027313232 18.8205280303955 18.8110027313232 18.9021492004395 18.949125289917 18.999059677124 19.0985069274902 19.3579406738281 19.3579406738281 19.458402633667 19.458402633667 19.6000995635986 19.6000995635986 19.6000995635986 19.6508769989014 19.6940135955811 19.676965713501 19.676965713501 19.7291469573975 19.7291469573975 19.7291469573975 19.936450958252 20.3612804412842 20.229549407959 20.3743324279785 20.3743324279785 20.4302997589111 20.3767681121826 20.4366874694824 20.3767681121826 20.3767681121826 20.4962825775146 20.4593887329102 20.4962825775146 20.5642757415771 20.2349243164062 20.4876384735107 20.4912624359131 20.4780387878418 20.4439144134521 20.522159576416 20.522159576416 20.6367588043213 20.5915489196777 20.6772441864014 20.6772441864014 20.6644496917725
18.7615604400635 18.8110027313232 18.8110027313232 18.7852840423584 18.8698444366455 18.9517955780029 19.054838180542 19.2093505859375 19.3579406738281 19.458402633667 19.48464012146 19.393159866333 19.4526290893555 19.6000995635986 19.7140331268311 19.8548412322998 19.9060039520264 19.8145694732666 19.7479362487793 19.8107776641846 20.1489601135254 20.0048294067383 20.0578174591064 20.229549407959 20.229549407959 20.3743324279785 20.4302997589111 20.4302997589111 20.4275779724121 20.4366874694824 20.4366874694824 20.4868011474609 20.4461040496826 20.4461040496826 20.6641712188721 20.5271606445312 20.5184955596924 20.4461460113525 20.3224143981934 20.2849063873291 20.6141586303711 20.522159576416 20.6044960021973 20.6367588043213 20.5915489196777 20.6772441864014 20.6772441864014 20.7670021057129
