Demos/Rbased/CrashCourse/data/climate_processing/PresentLayers/Pyxidanthera_brevifolia/bio_15.asc
NCOLS 275 
NROWS 194 
XLLCORNER -80.3749999998233 
YLLCORNER 33.9 
CELLSIZE 0.00833333333316008 
NODATA_value -9999 
[rows 42 to 62 of 194, columns 96 to 143 of 275]
17.4645729064941 17.5685424804688 17.5685424804688 17.8951873779297 17.8951873779297 17.822286605835 17.6930809020996 17.6930809020996 17.887866973877 17.763277053833 17.9731559753418 17.7342853546143 17.6397895812988 17.9037265777588 17.731330871582 17.9430828094482 18.0021743774414 17.9430828094482 17.9566345214844 17.8467674255371 17.8467674255371 17.8467674255371 17.7710304260254 17.7366275787354 18.0256366729736 17.9580554962158 18.1980094909668 18.1980094909668 18.1680603027344 18.1680603027344 18.1680603027344 18.1548175811768 17.9403400421143 17.9403400421143 17.9403400421143 17.9715900421143 18.0876865386963 17.9477214813232 17.9477214813232 17.9477214813232 17.9477214813232 17.9179840087891 18.0279731750488 18.0422611236572 18.1480674743652 18.1331996917725 18.1107711791992 18.1480674743652
17.5938625335693 17.7108325958252 17.8951873779297 18.0195617675781 17.8951873779297 17.8727893829346 17.6590366363525 17.7812118530273 17.9828491210938 18.0712375640869 17.9828491210938 17.9037265777588 17.8217830657959 18.017406463623 18.1674003601074 18.0021743774414 18.0021743774414 17.9527435302734 17.9430828094482 18.0099792480469 18.0099792480469 18.0099792480469 17.8927574157715 17.8267822265625 18.0709857940674 18.2415752410889 18.0562152862549 18.1548175811768 18.2108535766602 18.2463226318359 18.1548175811768 18.116231918335 17.9403400421143 17.9403400421143 18.176887512207 18.1414546966553 17.9353561401367 18.1571025848389 18.1571025848389 18.1028900146484 18.1809711456299 18.1809711456299 18.092945098877 18.1996784210205 18.1331996917725 18.1107711791992 18.1480674743652 18.1480674743652
17.7414455413818 17.7414455413818 17.9631366729736 18.0195617675781 17.8951873779297 18.0672702789307 18.0422840118408 18.0422840118408 18.1221675872803 18.0712375640869 18.1221675872803 17.9915142059326 17.9037265777588 17.9037265777588 18.0279731750488 18.1177997589111 18.3401184082031 18.1177997589111 18.1177997589111 18.1177997589111 18.1075458526611 18.12424659729 17.9605331420898 18.0515537261963 18.0256366729736 18.0709857940674 18.2754898071289 18.2754898071289 18.3696384429932 18.3696384429932 18.466251373291 17.9959487915039 18.0971298217773 18.325511932373 18.2356739044189 18.2356739044189 18.1028900146484 18.1571025848389 18.1241970062256 17.9883270263672 18.0206928253174 18.1809711456299 18.2314682006836 18.3543357849121 18.2070560455322 18.4383182525635 18.3154373168945 18.3099269866943
17.8828430175781 17.8828430175781 18.0429096221924 18.2046566009521 18.0672702789307 18.1818313598633 17.9915142059326 18.1818313598633 18.2910423278809 18.2910423278809 18.2910423278809 18.1025829315186 18.1698360443115 18.1957683563232 18.1177997589111 18.1177997589111 18.1177997589111 18.4330215454102 18.295747756958 18.1719436645508 18.0968132019043 17.833122253418 18.105806350708 18.2320194244385 18.3186073303223 18.2415752410889 18.3286628723145 18.3286628723145 18.3286628723145 18.3286628723145 18.466251373291 18.3024368286133 18.4817676544189 18.3942012786865 18.3726634979248 18.4456844329834 18.3137111663818 18.2689533233643 18.0569229125977 18.1753044128418 18.1753044128418 18.2338008880615 18.228889465332 18.228889465332 18.228889465332 18.1698360443115 18.1550426483154 18.3203506469727
18.1624565124512 18.1372966766357 18.0672702789307 18.2046566009521 18.0672702789307 18.1818313598633 18.1315612792969 18.1315612792969 18.2910423278809 18.2910423278809 18.2415752410889 18.1025829315186 18.1957683563232 18.1957683563232 18.4232330322266 18.4232330322266 18.3401184082031 18.5682849884033 18.1719436645508 18.2565231323242 18.2597179412842 17.9585914611816 18.0529804229736 18.105806350708 18.2320194244385 18.4028854370117 18.4480953216553 18.383882522583 18.4506053924561 18.4125099182129 18.4817676544189 18.4817676544189 18.4480953216553 18.4125099182129 18.5325260162354 18.44677734375 18.3137111663818 18.2828521728516 18.2828521728516 18.2828521728516 18.3882827758789 18.3538932800293 18.30344581604 18.3761348724365 18.3761348724365 18.173059463501 18.2806072235107 18.1550426483154
18.3789615631104 18.2416858673096 18.2168865203857 18.3789615631104 18.2416858673096 18.3024368286133 18.3024368286133 18.4126472473145 18.3056182861328 18.4126472473145 18.2158851623535 18.3343982696533 18.2415752410889 18.4232330322266 18.4232330322266 18.4232330322266 18.549783706665 18.5595245361328 18.2926483154297 18.4198017120361 18.2597179412842 18.3004035949707 18.2217235565186 18.2544288635254 18.2217235565186 18.3458347320557 18.2906608581543 18.4114189147949 18.6283664703369 18.4309177398682 18.4673404693604 18.3450412750244 18.4673404693604 18.4309177398682 18.5015964508057 18.4671516418457 18.5892791748047 18.2828521728516 18.5595245361328 18.6089649200439 18.3834190368652 18.3834190368652 18.3834190368652 18.5934410095215 18.3317737579346 18.3894309997559 18.2806072235107 18.3894309997559
18.5204544067383 18.1859035491943 18.2908496856689 18.3058242797852 18.3789615631104 18.3283996582031 18.3283996582031 18.5992565155029 18.4126472473145 18.4126472473145 18.4389419555664 18.5287570953369 18.5551471710205 18.5163879394531 18.3450412750244 18.549783706665 18.6428413391113 18.475980758667 18.3249607086182 18.4198017120361 18.4198017120361 18.3004035949707 18.3555316925049 18.3723373413086 18.4012832641602 18.4730319976807 18.4114189147949 18.5066471099854 18.6283664703369 18.6283664703369 18.593692779541 18.6476917266846 18.6138172149658 18.4997291564941 18.4997291564941 18.6034355163574 18.5892791748047 18.5956516265869 18.437032699585 18.6428413391113 18.6428413391113 18.3834190368652 18.3834190368652 18.6454257965088 18.6183547973633 18.3882827758789 18.3538932800293 18.3636016845703
18.6961364746094 18.3103179931641 18.3103179931641 18.3903064727783 18.4285354614258 18.5113716125488 18.4628067016602 18.4628067016602 18.4126472473145 18.4389419555664 18.4389419555664 18.4281177520752 18.4649391174316 18.5163879394531 18.7203121185303 18.7429027557373 18.5985374450684 18.4923496246338 18.5854969024658 18.4610748291016 18.3882827758789 18.4748821258545 18.514274597168 18.4730319976807 18.4087734222412 18.4012832641602 18.5744438171387 18.5744438171387 18.6729640960693 18.8019466400146 18.6476917266846 18.6476917266846 18.6138172149658 18.7810344696045 18.7149524688721 18.5956516265869 18.5956516265869 18.5956516265869 18.662239074707 18.6317176818848 18.5599746704102 18.5405597686768 18.3834190368652 18.6428413391113 18.5982799530029 18.5473461151123 18.4243659973145 18.5982799530029
18.6961364746094 18.3103179931641 18.3955535888672 18.3955535888672 18.4755992889404 18.8263168334961 18.878511428833 18.7236843109131 18.6020030975342 18.6370220184326 18.6370220184326 18.6534519195557 18.5163879394531 18.7203121185303 18.7203121185303 18.6149368286133 18.5985374450684 18.5985374450684 18.6149368286133 18.6983642578125 18.5854969024658 18.696891784668 18.7188777923584 18.5744438171387 18.6917495727539 18.6688995361328 18.6249904632568 18.5875606536865 18.6906890869141 18.6366024017334 18.6678733825684 18.6138172149658 18.7154808044434 18.9688739776611 18.7154808044434 18.7175769805908 18.7175769805908 18.7175769805908 18.8455257415771 18.6918849945068 18.5326766967773 18.5975112915039 18.6633853912354 18.6428413391113 18.729398727417 18.7041778564453 18.5195999145508 18.582670211792
18.8434791564941 18.4875221252441 18.5840854644775 18.6101169586182 18.4321575164795 18.5546741485596 18.8309555053711 18.859920501709 18.6020030975342 18.6534519195557 18.6106128692627 18.6534519195557 18.7415637969971 18.7203121185303 18.7732353210449 18.8686256408691 18.7854022979736 18.6149368286133 18.790864944458 18.6983642578125 18.790864944458 18.790864944458 18.8721160888672 18.7089653015137 18.7939987182617 18.7871952056885 18.7682723999023 18.5934429168701 18.6678733825684 18.777473449707 18.777473449707 18.9122219085693 18.777473449707 18.9916877746582 18.7154808044434 18.8781318664551 18.8781318664551 18.8116798400879 18.9317283630371 18.7949352264404 18.7539348602295 18.50998878479 18.668176651001 18.869197845459 18.9733047485352 18.8067169189453 18.6307907104492 18.790168762207
18.8739833831787 18.7511501312256 18.8721160888672 18.8721160888672 18.8721160888672 18.8721160888672 18.859920501709 18.859920501709 18.7236843109131 18.6534519195557 18.6534519195557 18.9447727203369 18.9447727203369 19.0603199005127 18.9007110595703 18.8686256408691 18.7854022979736 18.7854022979736 18.8686256408691 18.9114303588867 18.9114303588867 18.9603729248047 18.8721160888672 18.8448390960693 18.7939987182617 18.6726989746094 18.6402931213379 18.7589340209961 18.8528919219971 18.8528919219971 18.8425254821777 18.777473449707 18.9122219085693 19.1548709869385 18.9603729248047 18.8781318664551 18.8781318664551 18.9038772583008 18.9078216552734 18.8195819854736 18.831958770752 18.7996997833252 18.9371223449707 18.9209632873535 18.9371223449707 18.6429481506348 18.7862224578857 18.7858085632324
18.8739833831787 18.9209632873535 18.8721160888672 18.8721160888672 19.0359668731689 19.0359668731689 19.0359668731689 19.0272083282471 19.1200408935547 19.1200408935547 18.8282604217529 19.1185111999512 19.1029605865479 18.9007110595703 18.9007110595703 18.7854022979736 18.8698406219482 18.8698406219482 18.8686256408691 19.1011714935303 18.9603729248047 18.9217700958252 19.066255569458 19.0955581665039 18.9605197906494 18.933032989502 18.7137336730957 18.9231185913086 18.8528919219971 18.8528919219971 18.9417095184326 18.9736289978027 18.8781318664551 18.9937381744385 19.2495574951172 19.0596733093262 18.9038772583008 18.9797782897949 19.1927185058594 19.0146579742432 18.9580879211426 18.8000335693359 19.0954742431641 18.9887599945068 19.0539131164551 18.8009090423584 18.8660354614258 18.790168762207
19.0996723175049 19.1738567352295 19.1258907318115 19.1258907318115 19.0272083282471 19.0272083282471 19.0272083282471 19.0272083282471 19.1216201782227 19.1216201782227 19.2256813049316 19.2763919830322 19.2763919830322 19.0742321014404 19.0411109924316 19.0112285614014 18.9706878662109 19.0534400939941 18.9208526611328 19.0619335174561 19.0619335174561 19.066255569458 19.207893371582 19.0955581665039 18.923547744751 18.923547744751 18.7647914886475 18.7080974578857 19.0174522399902 19.0295886993408 19.1326313018799 19.0477638244629 19.0728302001953 19.0937595367432 19.2495574951172 19.2495574951172 18.9797782897949 19.0146579742432 19.1927185058594 19.1011714935303 18.9580879211426 18.9580879211426 19.0954742431641 19.2341823577881 19.1777591705322 18.9486541748047 18.9377174377441 18.9285011291504
19.0506629943848 19.0248737335205 19.0506629943848 19.0506629943848 19.100170135498 19.1326313018799 19.3455371856689 19.3455371856689 19.055549621582 19.2256813049316 19.2763919830322 19.2591304779053 19.2435703277588 19.232873916626 19.0411109924316 19.0943717956543 19.0534400939941 19.1738128662109 19.233736038208 19.0917282104492 19.1165828704834 19.2636089324951 19.2267227172852 19.058967590332 19.058967590332 19.058967590332 18.923547744751 18.8257255554199 18.9441318511963 18.9844856262207 19.0081081390381 19.106029510498 19.0943717956543 19.2562980651855 19.3558692932129 19.2495574951172 19.0691471099854 19.1775932312012 19.1927185058594 19.1927185058594 18.9939765930176 19.0954742431641 19.1822776794434 19.3357276916504 19.3357276916504 19.196325302124 18.9423446655273 18.9285011291504
19.0065326690674 19.0065326690674 19.0850048065186 19.2126522064209 19.2126522064209 19.2126522064209 18.9886989593506 19.0990543365479 19.3010749816895 19.3222980499268 19.408203125 19.408203125 19.2435703277588 19.2435703277588 19.232873916626 19.3198890686035 19.1956996917725 19.3710670471191 19.3710670471191 19.2871265411377 19.2871265411377 19.2267227172852 19.2267227172852 19.2497253417969 19.1723575592041 19.2990322113037 19.0815296173096 19.039722442627 19.0208988189697 19.0208988189697 19.0081081390381 19.2584762573242 19.0943717956543 19.1209030151367 19.2850589752197 19.4873790740967 19.5161685943604 19.4873790740967 19.3532867431641 19.3664207458496 19.3085746765137 19.3085746765137 19.3357276916504 19.2021427154541 19.3198890686035 19.196325302124 18.9675197601318 18.9285011291504
19.3140621185303 19.1339492797852 19.1339492797852 19.1664714813232 19.1664714813232 19.1664714813232 19.1664714813232 19.2497253417969 19.3010749816895 19.3222980499268 19.408203125 19.408203125 19.408203125 19.408203125 19.3335933685303 19.4982376098633 19.4243392944336 19.3710670471191 19.4243392944336 19.2871265411377 19.2862663269043 19.2267227172852 19.3694000244141 19.3409614562988 19.3409614562988 19.467679977417 19.3694000244141 19.2174663543701 19.2294216156006 19.1940155029297 19.0350723266602 19.0780735015869 19.2311973571777 19.2584762573242 19.2584762573242 19.0943717956543 19.4873790740967 19.5161685943604 19.5161685943604 19.3664207458496 19.3664207458496 19.3428611755371 19.479772567749 19.2021427154541 19.3198890686035 19.3198890686035 19.3083419799805 19.1845264434814
19.3140621185303 19.2830753326416 19.2673149108887 19.346227645874 19.1664714813232 19.1664714813232 19.2497253417969 19.2497253417969 19.4999103546143 19.4999103546143 19.408203125 19.408203125 19.408203125 19.408203125 19.5092258453369 19.4982376098633 19.4591503143311 19.5962810516357 19.5962810516357 19.4598255157471 19.3966674804688 19.4201030731201 19.3409614562988 19.378023147583 19.4936065673828 19.467679977417 19.3374862670898 19.3637275695801 19.4338111877441 19.2294216156006 19.1084098815918 19.201322555542 19.1333770751953 19.2867851257324 19.2584762573242 19.2584762573242 19.7347240447998 19.5161685943604 19.5161685943604 19.365198135376 19.4498958587646 19.4961185455322 19.3803577423096 19.3497104644775 19.479772567749 19.5195636749268 19.467679977417 19.467679977417
19.2359752655029 19.2937698364258 19.2673149108887 19.346227645874 19.4658641815186 19.4999103546143 19.4999103546143 19.4999103546143 19.4999103546143 19.5855808258057 19.5855808258057 19.5855808258057 19.6374397277832 19.4613132476807 19.4982376098633 19.4953346252441 19.5376224517822 19.6222515106201 19.5962810516357 19.4239978790283 19.4201030731201 19.4239978790283 19.2516059875488 19.403564453125 19.3409614562988 19.3374862670898 19.3925952911377 19.3925952911377 19.4653816223145 19.5574378967285 19.5517444610596 19.2003917694092 19.4515419006348 19.2584762573242 19.4782257080078 19.7347373962402 19.7347373962402 19.7143592834473 19.4966602325439 19.4966602325439 19.4498958587646 19.3803577423096 19.4814319610596 19.4498958587646 19.479772567749 19.467679977417 19.467679977417 19.467679977417
19.4195499420166 19.4491596221924 19.346227645874 19.346227645874 19.346227645874 19.6794967651367 19.6794967651367 19.7029514312744 19.730001449585 19.7029514312744 19.6374397277832 19.5974082946777 19.5974082946777 19.5974082946777 19.6876258850098 19.5376224517822 19.5376224517822 19.7836112976074 19.6222515106201 19.5608139038086 19.4239978790283 19.5871238708496 19.7119064331055 19.5117416381836 19.5069561004639 19.5608291625977 19.5608291625977 19.4889755249023 19.4630718231201 19.5517444610596 19.2003917694092 19.2983589172363 19.6120510101318 19.5574378967285 19.6008586883545 19.4561920166016 19.7438430786133 19.7438430786133 19.7438430786133 19.6613864898682 19.4966602325439 19.4814319610596 19.4814319610596 19.479772567749 19.479772567749 19.5195636749268 19.467679977417 19.5422286987305
19.4491596221924 19.4633712768555 19.5278968811035 19.5278968811035 19.5711250305176 19.6528091430664 19.6794967651367 19.4789199829102 19.4368629455566 19.5425968170166 19.5425968170166 19.6243000030518 19.5974082946777 19.5974082946777 19.5974082946777 19.7703075408936 19.7703075408936 19.9176864624023 19.8689117431641 19.9506912231445 19.6816921234131 19.7965049743652 19.6816921234131 19.6339340209961 19.6575946807861 19.5608291625977 19.5608291625977 19.7165393829346 19.7165393829346 19.746129989624 19.717700958252 19.5852432250977 19.4277362823486 19.4561080932617 19.4561080932617 19.4561080932617 19.6212329864502 19.7438430786133 19.7143592834473 19.7143592834473 19.6613864898682 19.6788158416748 19.6788158416748 19.6111946105957 19.6800880432129 19.467679977417 19.5422286987305 19.5422286987305
19.6455268859863 19.6914958953857 19.4973163604736 19.7524127960205 19.5762004852295 19.6013050079346 19.7652225494385 19.6168594360352 19.720100402832 19.5425968170166 19.6243000030518 19.7752685546875 19.7752685546875 19.8563938140869 19.8563938140869 19.7703075408936 19.7966823577881 19.7612457275391 19.7612457275391 20.1019763946533 19.9169368743896 19.9169368743896 19.7965049743652 19.6575946807861 19.5608291625977 19.5608291625977 19.6846199035645 19.7165393829346 19.6891479492188 19.746129989624 19.7787208557129 19.7787208557129 19.7551250457764 19.7551250457764 19.5888805389404 19.5888805389404 19.6755638122559 19.9086608886719 19.8916168212891 19.727294921875 19.727294921875 19.727294921875 19.8238525390625 19.8430595397949 19.7558574676514 19.7558574676514 19.7558574676514 19.5422286987305
