Demos/Rbased/CrashCourse/data/climate_processing/PresentLayers/Pyxidanthera_brevifolia/bio_15.asc
NCOLS 275 
NROWS 194 
XLLCORNER -80.3749999998233 
YLLCORNER 33.9 
CELLSIZE 0.00833333333316008 
NODATA_value -9999 
[rows 42 to 62 of 194, columns 48 to 95 of 275]
-9999 -9999 -9999 -9999 -9999 -9999 -9999 -9999 -9999 -9999 -9999 -9999 -9999 -9999 -9999 -9999 -9999 16.8705558776855 16.9224395751953 16.9473190307617 17.1847496032715 17.1847496032715 16.9574718475342 16.9574718475342 17.1307525634766 17.1070690155029 17.1070690155029 17.0089168548584 16.861270904541 16.861270904541 16.861270904541 16.861270904541 16.861270904541 17.2055892944336 17.3093528747559 17.1672115325928 17.3167953491211 17.3167953491211 17.3167953491211 17.3167953491211 17.5000915527344 17.5000915527344 17.8047561645508 17.8047561645508 17.5995674133301 17.7108325958252 17.7108325958252 17.5685424804688
-9999 -9999 -9999 -9999 -9999 -9999 -9999 -9999 -9999 -9999 -9999 -9999 -9999 -9999 -9999 -9999 17.2896766662598 17.0780601501465 17.0924625396729 17.0924625396729 17.4002742767334 17.438081741333 17.477258682251 17.1962337493896 17.1070690155029 17.0162220001221 17.0089168548584 17.0089168548584 17.0089168548584 17.0089168548584 17.0350608825684 17.1178092956543 17.1178092956543 17.2494297027588 17.4691524505615 17.4830169677734 17.3410682678223 17.4247436523438 17.4247436523438 17.3628826141357 17.3628826141357 17.5000915527344 17.6508903503418 17.8172550201416 17.8047561645508 17.8047561645508 17.7108325958252 17.5584697723389
-9999 -9999 -9999 -9999 -9999 -9999 -9999 -9999 -9999 -9999 -9999 -9999 -9999 -9999 -9999 17.2139301300049 17.2639579772949 17.1177825927734 17.0924625396729 17.1072788238525 17.2032985687256 17.438081741333 17.1307525634766 17.1307525634766 17.2682495117188 17.1811561584473 17.1816997528076 17.36181640625 17.3890514373779 17.1816997528076 17.0350608825684 17.1178092956543 17.1178092956543 17.2640838623047 17.4096412658691 17.4691524505615 17.5790386199951 17.8014488220215 17.5992965698242 17.5992965698242 17.6792793273926 17.7161464691162 17.7213191986084 17.9002418518066 17.9923706054688 17.9792919158936 17.8828430175781 17.8828430175781
-9999 -9999 -9999 -9999 -9999 -9999 -9999 -9999 -9999 -9999 -9999 -9999 -9999 -9999 17.2070751190186 17.0924625396729 17.0924625396729 17.0924625396729 17.2823619842529 17.3362464904785 17.438081741333 17.4550628662109 17.2823619842529 17.2823619842529 17.2823619842529 17.36181640625 17.3065032958984 17.4041023254395 17.1816997528076 17.3569049835205 17.3569049835205 17.3569049835205 17.4376029968262 17.4376029968262 17.4376029968262 17.5829238891602 17.5992965698242 17.7561683654785 17.815601348877 17.670539855957 17.7161464691162 17.6994972229004 17.7161464691162 17.7213191986084 17.9923706054688 17.9923706054688 17.9595508575439 17.9878616333008
-9999 -9999 -9999 -9999 -9999 -9999 -9999 -9999 -9999 -9999 -9999 -9999 -9999 17.4460201263428 17.2433071136475 16.9880638122559 17.2823619842529 17.2823619842529 17.5117931365967 17.438081741333 17.7303028106689 17.5869693756104 17.4550628662109 17.3890514373779 17.3890514373779 17.4600391387939 17.6321754455566 17.5788955688477 17.3569049835205 17.4348297119141 17.3569049835205 17.4376029968262 17.5156097412109 17.5156097412109 17.5829238891602 17.5829238891602 17.5992965698242 17.7412986755371 17.8394985198975 17.9928741455078 17.8916778564453 17.8841590881348 17.8916778564453 17.8975105285645 18.0531024932861 18.0396633148193 18.007495880127 18.1180362701416
-9999 -9999 -9999 -9999 -9999 -9999 -9999 -9999 -9999 -9999 -9999 -9999 17.4460201263428 17.2070751190186 17.209789276123 17.3529605865479 17.5508689880371 17.6146469116211 17.6146469116211 17.7810249328613 17.4550628662109 17.5634269714355 17.6089000701904 17.5785846710205 17.6079444885254 17.6321754455566 17.7100524902344 17.5788955688477 17.5788955688477 17.4348297119141 17.6121730804443 17.613468170166 17.691291809082 17.691291809082 17.7585487365723 17.7585487365723 17.7761726379395 17.7919387817383 18.1611137390137 17.9928741455078 17.8916778564453 17.8975105285645 17.8975105285645 17.8975105285645 18.0531024932861 18.2158203125 18.2158203125 18.4045448303223
-9999 -9999 -9999 -9999 -9999 -9999 -9999 -9999 -9999 -9999 -9999 17.5343818664551 17.3783264160156 17.3607749938965 17.4148254394531 17.4548816680908 17.5945205688477 17.7810249328613 17.806848526001 17.6665897369385 17.6043930053711 17.5634269714355 17.7262706756592 17.6089000701904 17.6321754455566 17.6321754455566 17.9025211334229 17.9025211334229 17.9025211334229 17.6121730804443 17.691291809082 17.7342853546143 17.691291809082 17.7342853546143 17.7342853546143 17.8017692565918 17.9784317016602 17.9784317016602 18.0149440765381 18.2394638061523 18.4628067016602 18.2957706451416 18.0759410858154 18.1583080291748 18.1583080291748 18.329496383667 18.3582992553711 18.4358425140381
-9999 -9999 -9999 -9999 -9999 -9999 -9999 -9999 -9999 -9999 17.5343818664551 17.5206851959229 17.3607749938965 17.4548816680908 17.5874519348145 17.7025146484375 17.7856597900391 17.9400882720947 18.0554695129395 17.5884418487549 17.6335277557373 17.6089000701904 17.6089000701904 17.8115768432617 17.8115768432617 17.9016857147217 17.9016857147217 17.9025211334229 17.9025211334229 17.6121730804443 17.9110088348389 17.8692283630371 18.1463985443115 17.9535160064697 17.9110088348389 17.9959487915039 17.9784317016602 17.9784317016602 18.0149440765381 18.3596115112305 18.4182929992676 18.4628067016602 18.1719436645508 18.1719436645508 18.1583080291748 18.3137111663818 18.4773941040039 18.5829410552979
-9999 -9999 -9999 -9999 -9999 -9999 -9999 -9999 -9999 17.7294578552246 17.7530899047852 17.8257369995117 17.8192043304443 17.8192043304443 17.743631362915 17.7025146484375 17.9400882720947 18.0755996704102 17.9944038391113 18.0728378295898 18.0728378295898 18.1697845458984 18.2328853607178 17.8914737701416 17.9280090332031 17.9025211334229 18.0793514251709 17.7893848419189 17.8663196563721 17.8692283630371 17.8692283630371 17.8866710662842 18.1463985443115 18.1908359527588 18.1908359527588 18.2410411834717 18.1439037322998 18.1572761535645 18.1262874603271 18.1262874603271 18.4954242706299 18.4628067016602 18.5357875823975 18.5357875823975 18.5357875823975 18.5086116790771 18.6186676025391 18.5829410552979
-9999 -9999 -9999 -9999 -9999 -9999 -9999 -9999 18.1124801635742 17.7758769989014 17.7884426116943 17.7884426116943 17.7639293670654 17.7639293670654 17.7856597900391 17.9400882720947 18.1181602478027 18.1181602478027 18.0728378295898 18.1897201538086 18.1697845458984 18.0222301483154 17.812183380127 18.0793514251709 17.8443164825439 18.0793514251709 17.9535160064697 17.9364242553711 17.955286026001 18.0808944702148 18.2614192962646 18.2534599304199 18.4028644561768 18.4480953216553 18.4480953216553 18.4632129669189 18.1572761535645 18.1572761535645 18.1572761535645 18.1262874603271 18.1262874603271 18.4162902832031 18.6425514221191 18.7154235839844 18.7154235839844 18.7154235839844 18.7154235839844 18.7634716033936
-9999 -9999 -9999 -9999 -9999 -9999 -9999 18.1124801635742 18.0482597351074 18.1023788452148 18.0573425292969 17.7639293670654 17.7639293670654 18.0980644226074 18.178918838501 18.355001449585 18.0125350952148 18.1897201538086 18.1710739135742 18.1710739135742 17.8554134368896 18.0081005096436 18.0081005096436 18.0081005096436 17.8812294006348 17.9383964538574 18.1290893554688 18.2591781616211 18.2614192962646 18.2614192962646 18.2614192962646 18.337230682373 18.3708171844482 18.4480953216553 18.4480953216553 18.4632129669189 18.4700584411621 18.5212898254395 18.5212898254395 18.4700584411621 18.386510848999 18.6010913848877 18.6774826049805 18.576343536377 18.7716941833496 18.796667098999 18.7154235839844 18.7634716033936
-9999 -9999 -9999 -9999 -9999 -9999 18.074369430542 18.1399402618408 18.1213836669922 18.1386089324951 18.1386089324951 18.0110721588135 18.2333507537842 18.1985988616943 18.2743358612061 18.2354526519775 18.2527866363525 18.1271514892578 17.8937511444092 18.0081005096436 18.0081005096436 18.0081005096436 17.8629951477051 18.0417423248291 18.1544418334961 18.1544418334961 18.1688785552979 18.2591781616211 18.2614192962646 18.3343982696533 18.3343982696533 18.5579929351807 18.6322154998779 18.6321258544922 18.707971572876 18.7233219146729 18.7233219146729 18.7559432983398 18.7302417755127 18.4700584411621 18.6022567749023 18.4587306976318 18.6448173522949 18.7250385284424 18.7512035369873 18.825569152832 19.0223407745361 18.8739833831787
-9999 -9999 -9999 -9999 -9999 18.1605949401855 18.1681976318359 18.1213836669922 18.1511840820312 18.3982849121094 18.3340339660645 18.3144245147705 18.3751850128174 18.3180637359619 18.1868343353271 18.1674003601074 18.1461658477783 18.1897201538086 18.2467250823975 18.0081005096436 18.0081005096436 18.0604782104492 18.2591781616211 18.2591781616211 18.2591781616211 18.1740207672119 18.3675746917725 18.4440155029297 18.4440155029297 18.5183029174805 18.777473449707 18.582670211792 18.6322154998779 18.6321258544922 18.6321258544922 18.7493896484375 18.7233219146729 18.7335529327393 18.6536312103271 18.7303733825684 18.6389026641846 18.7539348602295 18.923547744751 18.7512035369873 18.7430648803711 18.7512035369873 18.825569152832 18.9729347229004
-9999 -9999 -9999 -9999 18.178918838501 18.178918838501 18.1931533813477 18.1931533813477 18.18381690979 18.3340339660645 18.4269542694092 18.3982849121094 18.355001449585 18.3395462036133 18.0477352142334 18.0073585510254 18.1606140136719 18.3268871307373 18.2200260162354 18.3361339569092 18.1866035461426 18.3004035949707 18.4077224731445 18.5134582519531 18.3797512054443 18.4410858154297 18.3675746917725 18.3675746917725 18.4298667907715 18.5239315032959 18.5183029174805 18.777473449707 18.962516784668 19.036506652832 18.9685516357422 18.9326190948486 18.9061374664307 18.7335529327393 18.7335529327393 18.7335529327393 18.8532695770264 18.9326190948486 18.9326190948486 18.9322967529297 19.1271228790283 19.0065326690674 19.0065326690674 19.0065326690674
-9999 -9999 -9999 18.178918838501 17.8767871856689 18.0847721099854 18.1931533813477 18.0847721099854 18.0847721099854 18.4393920898438 18.3349800109863 18.5521583557129 18.3751850128174 18.3395462036133 18.1606140136719 18.4583606719971 18.1606140136719 18.4552192687988 18.4378852844238 18.6406059265137 18.3361339569092 18.5134582519531 18.5134582519531 18.6945991516113 18.3797512054443 18.668176651001 18.5147953033447 18.7352828979492 18.7398548126221 18.8198280334473 18.8198280334473 18.9729347229004 18.9828052520752 18.962516784668 18.9685516357422 18.9326190948486 18.9061374664307 18.9398078918457 19.0081634521484 18.9823894500732 18.8113136291504 18.9769439697266 19.0081634521484 19.0808124542236 19.1536617279053 18.9322967529297 19.0065326690674 19.0065326690674
-9999 -9999 17.985725402832 17.985725402832 18.1680603027344 18.1208076477051 18.1582908630371 18.2140407562256 18.3882904052734 18.4393920898438 18.3349800109863 18.509822845459 18.6649208068848 18.192195892334 18.3712749481201 18.3648281097412 18.4583606719971 18.4432315826416 18.623197555542 18.6610870361328 18.4680614471436 18.6610870361328 18.8419818878174 18.668176651001 18.668176651001 18.8777408599854 18.9228801727295 18.6735095977783 18.9533710479736 18.8495998382568 18.8991222381592 18.962516784668 18.9828052520752 18.9828052520752 19.2609081268311 19.2609081268311 19.2685127258301 19.2685127258301 18.9188442230225 19.1676845550537 19.3362445831299 19.1608924865723 19.1938762664795 19.3103694915771 19.3093948364258 19.1894454956055 19.1894454956055 19.3041000366211
-9999 17.9392910003662 18.0125350952148 18.152042388916 18.0179100036621 18.152042388916 18.2404537200928 18.3499984741211 18.4611911773682 18.6633014678955 18.6633014678955 18.6633014678955 18.6237945556641 18.5212554931641 18.5165328979492 18.4771347045898 18.5204544067383 18.7601280212402 18.9400978088379 18.7732353210449 18.8419818878174 18.954288482666 18.6945991516113 18.8777408599854 18.8994770050049 18.8805122375488 18.9003238677979 19.0823268890381 19.1478939056396 19.1469097137451 19.0860748291016 19.1702289581299 19.1702289581299 19.2609081268311 19.2609081268311 19.2897186279297 19.2897186279297 19.2343406677246 19.1472759246826 19.1676845550537 19.3571224212646 19.4380359649658 19.4287567138672 19.2358303070068 19.1153411865234 19.1153411865234 19.1894454956055 19.2359752655029
18.1709060668945 18.152042388916 17.9865341186523 18.1439037322998 18.2141437530518 18.1580677032471 18.288480758667 18.7497272491455 18.706823348999 18.7161464691162 18.7373905181885 18.6237945556641 18.6237945556641 18.740701675415 18.7180023193359 18.6511917114258 18.7824649810791 18.8432636260986 18.8034324645996 18.9857749938965 18.9255123138428 18.9909744262695 18.8419818878174 19.0248737335205 18.8994770050049 19.0454559326172 19.0823268890381 19.1375846862793 19.1755084991455 19.1478939056396 19.1469097137451 19.1702289581299 19.1702289581299 19.44700050354 19.4768943786621 19.44700050354 19.44700050354 19.4552230834961 19.544246673584 19.544246673584 19.4380359649658 19.5158443450928 19.3002605438232 19.4201030731201 19.4935474395752 19.1894454956055 19.3583087921143 19.3093948364258
18.2661094665527 17.9909954071045 17.9909954071045 18.152042388916 18.2158203125 18.3843803405762 18.4715251922607 18.706823348999 18.6585521697998 18.7226333618164 18.6313133239746 18.5934410095215 18.3700675964355 18.5934410095215 18.7634716033936 18.7824649810791 18.8065757751465 18.8065757751465 18.988166809082 19.0359668731689 18.7828521728516 18.8177337646484 18.8532409667969 18.8623275756836 19.0454559326172 19.0734043121338 19.0880870819092 19.1755084991455 19.1302680969238 19.332878112793 19.332878112793 19.3594665527344 19.5693092346191 19.5693092346191 19.4768943786621 19.44700050354 19.4552230834961 19.6249580383301 19.5996971130371 19.5996971130371 19.6249580383301 19.5158443450928 19.5620021820068 19.5893611907959 19.7649364471436 19.7649364471436 19.7649364471436 19.5388565063477
18.228889465332 18.1914882659912 18.236988067627 18.320592880249 18.5787601470947 18.5787601470947 18.2890720367432 18.7497272491455 18.7321224212646 18.7226333618164 18.9181709289551 18.6108474731445 18.6309623718262 18.5961933135986 18.7472229003906 18.8432636260986 19.1160945892334 18.988166809082 18.988166809082 19.2168102264404 18.9657039642334 18.9123687744141 19.0350723266602 19.0350723266602 19.0963382720947 19.1822776794434 19.1822776794434 19.3178329467773 19.3555679321289 19.2964267730713 19.332878112793 19.4690284729004 19.5693092346191 19.6573581695557 19.6348762512207 19.7467727661133 19.5580348968506 19.5996971130371 19.6249580383301 19.8136520385742 19.7748355865479 19.774959564209 19.6908226013184 19.5620021820068 19.6348762512207 19.7649364471436 19.7649364471436 19.5388565063477
17.9909954071045 18.2548351287842 18.3099269866943 18.4774742126465 18.6010761260986 18.5787601470947 18.7754192352295 18.7321224212646 18.7321224212646 18.8352584838867 18.9379196166992 18.9181709289551 18.9544563293457 18.8067169189453 18.8067169189453 19.0906677246094 19.1160945892334 19.0620498657227 19.2168102264404 19.1729068756104 19.1729068756104 19.1729068756104 19.0963382720947 19.0823268890381 19.1106376647949 19.3420944213867 19.5166416168213 19.44140625 19.3555679321289 19.4492378234863 19.6755447387695 19.8227195739746 19.7385711669922 19.6573581695557 19.7467727661133 19.8438816070557 19.7467727661133 19.7467727661133 19.6347579956055 19.6681671142578 19.5490474700928 19.6288242340088 19.7704524993896 19.7472076416016 19.5199699401855 19.604944229126 19.604944229126 19.621410369873
