Demos/Rbased/CrashCourse/data/climate_processing/PresentLayers/Pyxidanthera_brevifolia/bio_8.asc
NCOLS 215 
NROWS 157 
XLLCORNER -80.4833333333333 
YLLCORNER 34.2333333333333 
CELLSIZE 0.00833333333333336 
NODATA_value -9999 
[rows 66 to 87 of 157, columns 100 to 149 of 215]
25.3500003814697 25.3666667938232 25.3666667938232 25.3500003814697 25.3333339691162 25.3166675567627 25.3166675567627 25.3333339691162 25.3166675567627 25.3333339691162 25.3333339691162 25.3666667938232 25.4166660308838 25.4166660308838 25.4333324432373 25.466667175293 25.4333324432373 25.4333324432373 25.466667175293 25.4333324432373 25.3999996185303 25.3833332061768 25.4166660308838 25.4166660308838 25.4166660308838 25.3500003814697 25.3500003814697 25.3500003814697 25.3333339691162 25.3500003814697 25.3333339691162 25.3000011444092 25.2333335876465 25.1666679382324 25.216667175293 25.2333335876465 25.2666664123535 25.25 25.2333335876465 25.2000007629395 25.2333335876465 25.283332824707 25.2666664123535 25.283332824707 25.283332824707 25.283332824707 25.2666664123535 25.283332824707 25.3333339691162 25.3333339691162
25.3833332061768 25.3833332061768 25.3999996185303 25.3666667938232 25.3500003814697 25.3500003814697 25.3500003814697 25.3500003814697 25.3500003814697 25.4333324432373 25.3833332061768 25.3500003814697 25.3666667938232 25.3999996185303 25.4333324432373 25.466667175293 25.4333324432373 25.4333324432373 25.4333324432373 25.3999996185303 25.4333324432373 25.4333324432373 25.4166660308838 25.3833332061768 25.3666667938232 25.3666667938232 25.3500003814697 25.3500003814697 25.3666667938232 25.3333339691162 25.3166675567627 25.3166675567627 25.283332824707 25.216667175293 25.25 25.25 25.25 25.2333335876465 25.2000007629395 25.1833324432373 25.2333335876465 25.283332824707 25.3500003814697 25.3166656494141 25.3500003814697 25.3500003814697 25.3500003814697 25.3500003814697 25.3500003814697 25.3999996185303
25.3999996185303 25.4166660308838 25.3999996185303 25.4166660308838 25.3833332061768 25.4166660308838 25.3833332061768 25.4166660308838 25.4499988555908 25.3833332061768 25.3333339691162 25.3500003814697 25.4166660308838 25.3999996185303 25.4499988555908 25.466667175293 25.4333324432373 25.466667175293 25.4499988555908 25.4166660308838 25.4166660308838 25.3666667938232 25.3833332061768 25.3666667938232 25.3999996185303 25.4166660308838 25.4166660308838 25.3999996185303 25.3500003814697 25.3166675567627 25.3166675567627 25.3000011444092 25.3166675567627 25.2999992370605 25.2999992370605 25.216667175293 25.2000007629395 25.1833343505859 25.2000007629395 25.2333335876465 25.2666664123535 25.2999992370605 25.3833332061768 25.3833332061768 25.3666667938232 25.3666667938232 25.3666667938232 25.3666667938232 25.3999996185303 25.4500007629395
25.466667175293 25.5 25.5166664123535 25.4833335876465 25.4333324432373 25.466667175293 25.4499988555908 25.4333324432373 25.4833335876465 25.4333324432373 25.4166660308838 25.3999996185303 25.4166660308838 25.4166660308838 25.466667175293 25.466667175293 25.4833335876465 25.4499988555908 25.4833335876465 25.4166660308838 25.4166660308838 25.3666667938232 25.3666667938232 25.3999996185303 25.4166660308838 25.4166660308838 25.3666667938232 25.3500003814697 25.3166675567627 25.3500003814697 25.3333339691162 25.3166675567627 25.3166675567627 25.3166675567627 25.2999992370605 25.216667175293 25.1499996185303 25.1833343505859 25.2333335876465 25.25 25.283332824707 25.3166656494141 25.3833332061768 25.3833332061768 25.3999996185303 25.3666667938232 25.3666667938232 25.3833332061768 25.4333343505859 25.466667175293
25.4166660308838 25.4333324432373 25.466667175293 25.5166664123535 25.466667175293 25.4499988555908 25.5 25.5 25.4499988555908 25.3666667938232 25.3666667938232 25.3666667938232 25.3999996185303 25.4166660308838 25.4833335876465 25.4499988555908 25.4833335876465 25.4833335876465 25.4833335876465 25.4166660308838 25.3666667938232 25.3666667938232 25.3500003814697 25.3500003814697 25.3666667938232 25.3666667938232 25.3666667938232 25.3166675567627 25.3166675567627 25.3500003814697 25.3333339691162 25.3333339691162 25.3333339691162 25.3166675567627 25.3166675567627 25.2333335876465 25.216667175293 25.216667175293 25.2666664123535 25.2999992370605 25.3166656494141 25.3500003814697 25.3999996185303 25.3999996185303 25.3999996185303 25.3999996185303 25.3999996185303 25.3833332061768 25.4166660308838 25.466667175293
25.466667175293 25.4500007629395 25.4333324432373 25.4333324432373 25.4166660308838 25.4499988555908 25.4499988555908 25.4833335876465 25.4499988555908 25.3333339691162 25.3666667938232 25.4166660308838 25.4166660308838 25.3999996185303 25.4499988555908 25.4333324432373 25.3999996185303 25.4499988555908 25.466667175293 25.4333324432373 25.3999996185303 25.3999996185303 25.3500003814697 25.3333339691162 25.3333339691162 25.3333339691162 25.283332824707 25.2999992370605 25.3333339691162 25.3333339691162 25.2999992370605 25.3333339691162 25.3500003814697 25.3333339691162 25.3333339691162 25.2999992370605 25.2333335876465 25.2333335876465 25.2999992370605 25.3166656494141 25.3333339691162 25.3666667938232 25.3999996185303 25.3999996185303 25.3999996185303 25.3999996185303 25.3999996185303 25.3999996185303 25.4166660308838 25.466667175293
25.4166660308838 25.3833332061768 25.4333324432373 25.4333324432373 25.4166660308838 25.4499988555908 25.4833335876465 25.4833335876465 25.466667175293 25.3999996185303 25.3666667938232 25.4499988555908 25.4333324432373 25.3666667938232 25.3666667938232 25.4166660308838 25.3999996185303 25.3999996185303 25.3999996185303 25.4333324432373 25.3999996185303 25.3833332061768 25.3833332061768 25.3666667938232 25.3333339691162 25.3333339691162 25.3166675567627 25.3166675567627 25.3333339691162 25.3333339691162 25.2999992370605 25.3333339691162 25.3500003814697 25.3500003814697 25.3166675567627 25.3166675567627 25.2333335876465 25.2333335876465 25.2999992370605 25.3166656494141 25.3333339691162 25.3500003814697 25.3999996185303 25.3999996185303 25.3999996185303 25.3999996185303 25.3999996185303 25.3999996185303 25.4166660308838 25.466667175293
25.3833332061768 25.3833332061768 25.4333324432373 25.4499988555908 25.5166664123535 25.4499988555908 25.466667175293 25.466667175293 25.466667175293 25.466667175293 25.3833332061768 25.4499988555908 25.3833332061768 25.3333339691162 25.3333339691162 25.3999996185303 25.3500003814697 25.3333339691162 25.3666667938232 25.3999996185303 25.3833332061768 25.3833332061768 25.3666667938232 25.3333339691162 25.3333339691162 25.3666667938232 25.3666667938232 25.3333339691162 25.3500003814697 25.3666667938232 25.3666667938232 25.3999996185303 25.3833332061768 25.3500003814697 25.3333339691162 25.3166675567627 25.25 25.2333335876465 25.2999992370605 25.3166656494141 25.3333339691162 25.3500003814697 25.3833332061768 25.3999996185303 25.3999996185303 25.3999996185303 25.3999996185303 25.3999996185303 25.4166660308838 25.466667175293
25.3666667938232 25.3833332061768 25.3833332061768 25.3999996185303 25.4499988555908 25.3999996185303 25.3999996185303 25.3833332061768 25.3999996185303 25.4333324432373 25.4333324432373 25.4166660308838 25.3333339691162 25.3333339691162 25.3333339691162 25.3500003814697 25.3333339691162 25.3333339691162 25.3333339691162 25.3666667938232 25.3500003814697 25.3500003814697 25.3500003814697 25.3333339691162 25.3333339691162 25.3333339691162 25.3999996185303 25.3999996185303 25.3999996185303 25.4166660308838 25.4166660308838 25.4166660308838 25.3999996185303 25.3666667938232 25.3333339691162 25.3166675567627 25.2666664123535 25.25 25.283332824707 25.3166656494141 25.3333339691162 25.3500003814697 25.3999996185303 25.3833332061768 25.3999996185303 25.3999996185303 25.3999996185303 25.3999996185303 25.4166660308838 25.4166660308838
25.4166660308838 25.3833332061768 25.3833332061768 25.3833332061768 25.3999996185303 25.3666667938232 25.3999996185303 25.4166660308838 25.4333324432373 25.466667175293 25.4833335876465 25.4333324432373 25.3833332061768 25.3333339691162 25.3333339691162 25.3500003814697 25.3666667938232 25.3333339691162 25.3333339691162 25.3666667938232 25.3666667938232 25.3833332061768 25.3666667938232 25.3666667938232 25.3833332061768 25.3500003814697 25.3999996185303 25.4166660308838 25.4166660308838 25.4166660308838 25.4166660308838 25.4166660308838 25.4166660308838 25.3833332061768 25.3500003814697 25.3333339691162 25.283332824707 25.283332824707 25.2999992370605 25.3166656494141 25.3500003814697 25.3666667938232 25.3999996185303 25.3833332061768 25.3833332061768 25.3999996185303 25.3999996185303 25.3999996185303 25.4166660308838 25.4500007629395
25.4333324432373 25.4333324432373 25.3833332061768 25.4333324432373 25.4333324432373 25.3999996185303 25.3999996185303 25.3999996185303 25.4166660308838 25.4499988555908 25.4833335876465 25.4499988555908 25.4166660308838 25.3500003814697 25.3333339691162 25.3500003814697 25.4166660308838 25.3666667938232 25.3333339691162 25.3500003814697 25.3833332061768 25.3999996185303 25.3833332061768 25.3833332061768 25.3833332061768 25.3833332061768 25.3833332061768 25.4166660308838 25.4166660308838 25.4166660308838 25.4166660308838 25.4166660308838 25.4166660308838 25.3999996185303 25.3666667938232 25.3666667938232 25.3333339691162 25.3166675567627 25.3166656494141 25.3500003814697 25.3500003814697 25.3666667938232 25.3833332061768 25.3999996185303 25.4166679382324 25.4166679382324 25.4333343505859 25.3999996185303 25.4333324432373 25.4500007629395
25.4333324432373 25.4333324432373 25.4333324432373 25.4500007629395 25.4333324432373 25.4499988555908 25.4499988555908 25.466667175293 25.5 25.4833335876465 25.5 25.4833335876465 25.4833335876465 25.4166660308838 25.3500003814697 25.3333339691162 25.4166660308838 25.3666667938232 25.3333339691162 25.3333339691162 25.3500003814697 25.3999996185303 25.4333324432373 25.3999996185303 25.3833332061768 25.3833332061768 25.3833332061768 25.3833332061768 25.4166660308838 25.4166660308838 25.4166660308838 25.4333324432373 25.4166660308838 25.3999996185303 25.3833332061768 25.3666667938232 25.3666667938232 25.3500003814697 25.3500003814697 25.3666667938232 25.3666667938232 25.3666667938232 25.3833332061768 25.3999996185303 25.4333343505859 25.4333343505859 25.4333343505859 25.4333343505859 25.4500007629395 25.4500007629395
25.5 25.466667175293 25.4500007629395 25.466667175293 25.4333324432373 25.466667175293 25.466667175293 25.4833335876465 25.466667175293 25.4499988555908 25.466667175293 25.5166664123535 25.5 25.4499988555908 25.4333324432373 25.4333324432373 25.3833332061768 25.3833332061768 25.4166660308838 25.3666667938232 25.3500003814697 25.3833332061768 25.3999996185303 25.3999996185303 25.3999996185303 25.3833332061768 25.3833332061768 25.3833332061768 25.3999996185303 25.4166660308838 25.4166660308838 25.4333324432373 25.4166660308838 25.4166660308838 25.3999996185303 25.3833332061768 25.3666667938232 25.3666667938232 25.3500003814697 25.3666667938232 25.3666667938232 25.3666667938232 25.3666667938232 25.3999996185303 25.3999996185303 25.4333343505859 25.4333343505859 25.4333343505859 25.4500007629395 25.4500007629395
25.466667175293 25.5 25.5 25.466667175293 25.4333324432373 25.4333324432373 25.3999996185303 25.4166660308838 25.4499988555908 25.4499988555908 25.4333324432373 25.4499988555908 25.5166664123535 25.5166664123535 25.5 25.4833335876465 25.4166660308838 25.3500003814697 25.3833332061768 25.4166660308838 25.3833332061768 25.3833332061768 25.3833332061768 25.3999996185303 25.3999996185303 25.3833332061768 25.3833332061768 25.3833332061768 25.3833332061768 25.3999996185303 25.4166660308838 25.4333324432373 25.4166660308838 25.4166660308838 25.4166660308838 25.4166660308838 25.4166660308838 25.4166660308838 25.3833332061768 25.3666667938232 25.3666667938232 25.3666667938232 25.3666667938232 25.4166660308838 25.4166660308838 25.4333343505859 25.4333343505859 25.4333343505859 25.4500007629395 25.4500007629395
25.5 25.466667175293 25.5 25.5 25.4500007629395 25.4333324432373 25.4333324432373 25.4499988555908 25.5 25.4499988555908 25.4499988555908 25.4166660308838 25.466667175293 25.4833335876465 25.533332824707 25.5166664123535 25.4499988555908 25.4166660308838 25.4166660308838 25.4499988555908 25.4333324432373 25.3999996185303 25.3999996185303 25.3999996185303 25.3999996185303 25.3999996185303 25.3999996185303 25.3833332061768 25.3833332061768 25.3999996185303 25.4333324432373 25.4333324432373 25.4166660308838 25.4166660308838 25.4166660308838 25.4333324432373 25.4333324432373 25.4333324432373 25.4166660308838 25.4166660308838 25.4166660308838 25.4166660308838 25.4333324432373 25.4500007629395 25.4500007629395 25.4500007629395 25.4333343505859 25.4500007629395 25.4500007629395 25.4500007629395
25.5166664123535 25.5 25.5 25.4500007629395 25.4333324432373 25.4333324432373 25.4333324432373 25.4499988555908 25.5166664123535 25.5166664123535 25.4499988555908 25.4499988555908 25.4499988555908 25.5 25.533332824707 25.533332824707 25.4499988555908 25.466667175293 25.466667175293 25.466667175293 25.466667175293 25.466667175293 25.4333343505859 25.4333343505859 25.4333343505859 25.4166660308838 25.466667175293 25.3833332061768 25.3999996185303 25.3999996185303 25.4166660308838 25.4500007629395 25.4166660308838 25.4499988555908 25.4333324432373 25.466667175293 25.4833335876465 25.4833335876465 25.4499988555908 25.466667175293 25.466667175293 25.4500007629395 25.4500007629395 25.4500007629395 25.4500007629395 25.4500007629395 25.466667175293 25.466667175293 25.466667175293 25.4833335876465
25.4333324432373 25.4500007629395 25.5 25.5 25.4333324432373 25.4500007629395 25.4333324432373 25.4833335876465 25.5166664123535 25.5166664123535 25.5166664123535 25.5166664123535 25.5166664123535 25.533332824707 25.5833320617676 25.533332824707 25.5 25.5 25.4833335876465 25.4833335876465 25.5 25.4833335876465 25.4833335876465 25.466667175293 25.466667175293 25.466667175293 25.4833335876465 25.4500007629395 25.3999996185303 25.4166660308838 25.3999996185303 25.4166660308838 25.466667175293 25.466667175293 25.466667175293 25.5166664123535 25.5166664123535 25.5166664123535 25.466667175293 25.4833335876465 25.466667175293 25.466667175293 25.466667175293 25.466667175293 25.4500007629395 25.4833335876465 25.4833335876465 25.4833335876465 25.466667175293 25.4833335876465
25.3999996185303 25.4333324432373 25.4500007629395 25.5 25.5 25.4500007629395 25.4333324432373 25.4333324432373 25.5 25.5499992370605 25.5499992370605 25.5666656494141 25.5499992370605 25.5833320617676 25.6000003814697 25.5666656494141 25.5666656494141 25.5166664123535 25.533332824707 25.533332824707 25.533332824707 25.533332824707 25.5 25.5 25.4833335876465 25.4833335876465 25.5 25.4833335876465 25.4500007629395 25.4500007629395 25.4166660308838 25.3999996185303 25.466667175293 25.466667175293 25.5 25.5166664123535 25.5666656494141 25.533332824707 25.533332824707 25.5166664123535 25.5166664123535 25.5166664123535 25.5166664123535 25.5166664123535 25.5166664123535 25.5 25.5 25.5 25.4833335876465 25.5166664123535
25.3999996185303 25.4333324432373 25.4833335876465 25.5 25.466667175293 25.4333324432373 25.4333324432373 25.4333324432373 25.4500007629395 25.5 25.5499992370605 25.5666656494141 25.5833320617676 25.6000003814697 25.6000003814697 25.6000003814697 25.5666656494141 25.5499992370605 25.5499992370605 25.5499992370605 25.5499992370605 25.5499992370605 25.5499992370605 25.533332824707 25.5166664123535 25.5166664123535 25.533332824707 25.533332824707 25.4833335876465 25.4500007629395 25.4166660308838 25.4166660308838 25.4833335876465 25.4833335876465 25.5166664123535 25.5666656494141 25.6166667938232 25.6000003814697 25.5499992370605 25.5666656494141 25.5666656494141 25.5499992370605 25.533332824707 25.533332824707 25.533332824707 25.5166664123535 25.5166664123535 25.5166664123535 25.5166664123535 25.533332824707
25.4333324432373 25.4333324432373 25.4500007629395 25.5 25.5 25.4500007629395 25.4333324432373 25.466667175293 25.5 25.5 25.5166664123535 25.5666656494141 25.6000003814697 25.6000003814697 25.6000003814697 25.5833339691162 25.5833339691162 25.5833339691162 25.6000003814697 25.6000003814697 25.6000003814697 25.6000003814697 25.5833339691162 25.6000003814697 25.5666656494141 25.5833339691162 25.5833339691162 25.5666656494141 25.5 25.4833335876465 25.466667175293 25.4333324432373 25.4833335876465 25.5 25.533332824707 25.6000003814697 25.6166667938232 25.6166667938232 25.6000003814697 25.5833320617676 25.5833320617676 25.5666656494141 25.5666656494141 25.5499992370605 25.5499992370605 25.533332824707 25.533332824707 25.5166664123535 25.5166664123535 25.533332824707
25.466667175293 25.4500007629395 25.466667175293 25.5166664123535 25.5166664123535 25.466667175293 25.4833335876465 25.5166664123535 25.5499992370605 25.5666656494141 25.5666656494141 25.5666656494141 25.5666656494141 25.5666656494141 25.6000003814697 25.5666656494141 25.5833339691162 25.6000003814697 25.6166667938232 25.6166667938232 25.6499996185303 25.6166667938232 25.6166667938232 25.6166667938232 25.6166667938232 25.6499996185303 25.6166667938232 25.6000003814697 25.5666656494141 25.5166664123535 25.4833335876465 25.4833335876465 25.533332824707 25.5166664123535 25.5666656494141 25.6166667938232 25.6166667938232 25.6166667938232 25.6166667938232 25.6000003814697 25.5833320617676 25.5833320617676 25.5833320617676 25.5833320617676 25.5666656494141 25.5666656494141 25.5666656494141 25.5166664123535 25.5666656494141 25.5666656494141
25.4333324432373 25.466667175293 25.5166664123535 25.5499992370605 25.5499992370605 25.4833335876465 25.5 25.5499992370605 25.5666656494141 25.5833320617676 25.5833320617676 25.5666656494141 25.5666656494141 25.5666656494141 25.6000003814697 25.5833339691162 25.5833339691162 25.6000003814697 25.6333332061768 25.6499996185303 25.7000007629395 25.6833343505859 25.6833343505859 25.6833343505859 25.6666660308838 25.6833343505859 25.6833343505859 25.6833343505859 25.6166667938232 25.5833339691162 25.5499992370605 25.5499992370605 25.5666656494141 25.5833339691162 25.5666656494141 25.6166667938232 25.6166667938232 25.6166667938232 25.6166667938232 25.6000003814697 25.5833320617676 25.5833320617676 25.5833320617676 25.5833320617676 25.5833320617676 25.5666656494141 25.5666656494141 25.5666656494141 25.5666656494141 25.5833339691162
