Demos/Rbased/CrashCourse/data/climate_processing/PresentLayers/Pyxidanthera_brevifolia/bio_3.asc
NCOLS 275 
NROWS 194 
XLLCORNER -80.3749999998233 
YLLCORNER 33.9 
CELLSIZE 0.00833333333316008 
NODATA_value -9999 
[rows 66 to 87 of 194, columns 192 to 239 of 275]
38.9570541381836 38.9230766296387 39.0256385803223 39.0769233703613 38.9743576049805 39.0512809753418 39.0512809753418 39.0512809753418 39.0256423950195 39.0769233703613 39.1282043457031 39.1794853210449 39.1794853210449 39.1794853210449 39.1794853210449 39.2051277160645 39.2746887207031 39.2746887207031 39.3518486022949 39.2564086914062 39.3518486022949 39.3004112243652 39.3261299133301 39.2746887207031 39.3004112243652 39.4032897949219 39.230770111084 39.230770111084 39.2051277160645 39.2051277160645 -9999 -9999 -9999 -9999 -9999 -9999 -9999 -9999 -9999 -9999 -9999 -9999 -9999 -9999 -9999 -9999 -9999 -9999
39.1538467407227 39.0769233703613 39.0081787109375 39.0512809753418 39 39.0512809753418 39.1025619506836 39.1538467407227 39.0769233703613 39.1025657653809 39.1538467407227 39.1538467407227 39.1538467407227 39.1538467407227 39.1282043457031 39.1794853210449 39.2746887207031 39.2232513427734 39.2489700317383 39.377571105957 39.429012298584 39.4032897949219 39.4032897949219 39.3004112243652 39.3704872131348 39.377571105957 39.4032897949219 39.230770111084 39.230770111084 39.230770111084 39.2564086914062 -9999 -9999 -9999 -9999 -9999 -9999 -9999 -9999 -9999 -9999 -9999 -9999 -9999 -9999 -9999 -9999 -9999
39.1538467407227 39.2232513427734 39.0512809753418 39.0769233703613 39.1025619506836 39.1538467407227 39.1794853210449 39.1538467407227 39.1794853210449 39.1794853210449 39.1794853210449 39.1538467407227 39.2746925354004 39.3004150390625 39.3004150390625 39.230770111084 39.3962860107422 39.3004112243652 39.3261299133301 39.3004112243652 39.3261299133301 39.429012298584 39.4804534912109 39.4032897949219 39.4032897949219 39.4032897949219 39.4032897949219 39.4032897949219 39.2564086914062 39.2820510864258 39.2820510864258 -9999 -9999 -9999 -9999 -9999 -9999 -9999 -9999 -9999 -9999 -9999 -9999 -9999 -9999 -9999 -9999 -9999
39.2051277160645 39.2746887207031 39.1794853210449 39.1538429260254 39.1538467407227 39.2051277160645 39.2051277160645 39.1794853210449 39.230770111084 39.230770111084 39.1794853210449 39.1794853210449 39.3004112243652 39.3261337280273 39.3261337280273 39.3775749206543 39.4736862182617 39.4736862182617 39.4478874206543 39.4994850158691 39.447883605957 39.447883605957 39.5061721801758 39.4804534912109 39.4032897949219 39.377571105957 39.4032897949219 39.4804534912109 39.307689666748 39.2820510864258 39.377571105957 -9999 -9999 -9999 -9999 -9999 -9999 -9999 -9999 -9999 -9999 -9999 -9999 -9999 -9999 -9999 -9999 -9999
39.2564125061035 39.2051277160645 39.3004112243652 39.2820510864258 39.1538467407227 39.2051277160645 39.2307662963867 39.2307662963867 39.2051277160645 39.2051277160645 39.2307662963867 39.307689666748 39.4032936096191 39.4032936096191 39.3775749206543 39.377571105957 39.4994850158691 39.4736862182617 39.4736862182617 39.4994850158691 39.4994850158691 39.4736862182617 39.4736862182617 39.4804534912109 39.5061721801758 39.429012298584 39.429012298584 39.429012298584 39.4547309875488 39.377571105957 39.429012298584 39.4032897949219 -9999 -9999 -9999 -9999 -9999 -9999 -9999 -9999 -9999 -9999 -9999 -9999 -9999 -9999 -9999 -9999
39.3846168518066 39.3518524169922 39.377571105957 39.2564086914062 39.307689666748 39.2820510864258 39.2564086914062 39.2307662963867 39.307689666748 39.2564086914062 39.4032936096191 39.4032936096191 39.4547348022461 39.4804534912109 39.429012298584 39.4547348022461 39.5768852233887 39.5768852233887 39.5510864257812 39.5252838134766 39.5252838134766 39.4736862182617 39.4994850158691 39.5252838134766 39.4804534912109 39.4804534912109 39.4804534912109 39.4547309875488 39.461540222168 39.461540222168 39.4032897949219 39.4547309875488 -9999 -9999 -9999 -9999 -9999 -9999 -9999 -9999 -9999 -9999 -9999 -9999 -9999 -9999 -9999 -9999
39.3846168518066 39.4547309875488 39.377571105957 39.307689666748 39.3589744567871 39.3333320617676 39.307689666748 39.3333320617676 39.307689666748 39.377571105957 39.4032936096191 39.4547348022461 39.4804534912109 39.5061721801758 39.4547348022461 39.4547348022461 39.4547348022461 39.5768852233887 39.6026840209961 39.5768852233887 39.4994850158691 39.4994850158691 39.4994850158691 39.4736862182617 39.4547309875488 39.5061721801758 39.5061721801758 39.5318908691406 39.5318908691406 39.4358978271484 39.5061721801758 39.4032897949219 39.429012298584 -9999 -9999 -9999 -9999 -9999 -9999 -9999 -9999 -9999 -9999 -9999 -9999 -9999 -9999 -9999
39.3846168518066 39.4102592468262 39.4102592468262 39.3846130371094 39.4102554321289 39.4358978271484 39.3846130371094 39.4102554321289 39.3846130371094 39.3589744567871 39.5061721801758 39.5318946838379 39.4804534912109 39.5061721801758 39.506175994873 39.5318946838379 39.4547348022461 39.429012298584 39.6284828186035 39.6026840209961 39.551082611084 39.5252838134766 39.5576133728027 39.429012298584 39.4804534912109 39.4804534912109 39.5576133728027 39.5576133728027 39.5576133728027 39.5318908691406 39.4804534912109 39.4547309875488 39.5510864257812 -9999 -9999 -9999 -9999 -9999 -9999 -9999 -9999 -9999 -9999 -9999 -9999 -9999 -9999 -9999
39.461540222168 39.4871826171875 39.5128211975098 39.5576133728027 39.4358978271484 39.4358978271484 39.4358978271484 39.4615364074707 39.3846130371094 39.4804534912109 39.5061721801758 39.5061721801758 39.5318946838379 39.5576133728027 39.5576133728027 39.5318946838379 39.5318946838379 39.506175994873 39.5318946838379 39.6284828186035 39.5768852233887 39.5576133728027 39.4804534912109 39.5061721801758 39.5061721801758 39.5061721801758 39.5576133728027 39.5576133728027 39.6284828186035 39.6284828186035 39.5061721801758 39.5576133728027 39.5768852233887 39.5510864257812 -9999 -9999 -9999 -9999 -9999 -9999 -9999 -9999 -9999 -9999 -9999 -9999 -9999 -9999
39.5641021728516 39.5128211975098 39.5897445678711 39.4615364074707 39.4871788024902 39.5576133728027 39.5833320617676 39.4102554321289 39.4102554321289 39.4102554321289 39.5061721801758 39.5061721801758 39.5061721801758 39.5318946838379 39.5833358764648 39.506175994873 39.5318946838379 39.5576133728027 39.5318946838379 39.5576133728027 39.6026840209961 39.5576133728027 39.5318908691406 39.5576133728027 39.5576133728027 39.5833320617676 39.5576133728027 39.6284828186035 39.6284828186035 39.6800804138184 39.705883026123 39.6542816162109 39.5061721801758 39.429012298584 -9999 -9999 -9999 -9999 -9999 -9999 -9999 -9999 -9999 -9999 -9999 -9999 -9999 -9999
39.442741394043 39.442741394043 39.5897445678711 39.6862144470215 39.6090545654297 39.5833320617676 39.6090507507324 39.5318908691406 39.5576133728027 39.5833320617676 39.5061721801758 39.5061721801758 39.5576133728027 39.5576133728027 39.5061721801758 39.5833358764648 39.5833358764648 39.5833358764648 39.5576133728027 39.6090545654297 39.5061721801758 39.6347732543945 39.5833320617676 39.5318908691406 39.5833320617676 39.5833320617676 39.6800804138184 39.6542816162109 39.6800804138184 39.705883026123 39.705883026123 39.6347732543945 39.705883026123 39.4804534912109 39.4804534912109 -9999 -9999 -9999 -9999 -9999 -9999 -9999 -9999 -9999 -9999 -9999 -9999 -9999
39.5897445678711 39.6153869628906 39.6153869628906 39.5897445678711 39.6604919433594 39.6862144470215 39.6862144470215 39.6862144470215 39.5576133728027 39.6347732543945 39.5833320617676 39.6542816162109 39.6542816162109 39.6800842285156 39.705883026123 39.6542854309082 39.506175994873 39.5318946838379 39.5576133728027 39.6800842285156 39.6284828186035 39.6090507507324 39.5833320617676 39.5318908691406 39.6090545654297 39.705883026123 39.6542816162109 39.6800804138184 39.6800804138184 39.705883026123 39.7574806213379 39.6604957580566 39.6604957580566 39.6800804138184 39.4547309875488 -9999 -9999 -9999 -9999 -9999 -9999 -9999 -9999 -9999 -9999 -9999 -9999 -9999
39.6666679382324 39.692310333252 39.6666679382324 39.6666679382324 39.7890930175781 39.6862144470215 39.7119331359863 39.7119331359863 39.7119331359863 39.5833320617676 39.5576133728027 39.5768852233887 39.6284828186035 39.6542816162109 39.7316818237305 39.705883026123 39.705883026123 39.7316818237305 39.7316818237305 39.6800842285156 39.705883026123 39.6090507507324 39.6090545654297 39.6090545654297 39.6090545654297 39.7316818237305 39.7832794189453 39.7316818237305 39.705883026123 39.7316818237305 39.7316818237305 39.7574806213379 39.80908203125 39.7574806213379 39.7832832336426 39.7256736755371 -9999 -9999 -9999 -9999 -9999 -9999 -9999 -9999 -9999 -9999 -9999 -9999
39.6666679382324 39.7435913085938 39.7692337036133 39.7435913085938 39.8148155212402 39.80908203125 39.7574806213379 39.7574806213379 39.7316818237305 39.7316818237305 39.705883026123 39.6026840209961 39.6284828186035 39.6542816162109 39.6542816162109 39.705883026123 39.7774353027344 39.7774353027344 39.8033142089844 39.7774353027344 39.7574806213379 39.6604919433594 39.6347732543945 39.6347732543945 39.6604919433594 39.7832794189453 39.7832794189453 39.7574806213379 39.8606796264648 39.8606796264648 39.80908203125 39.80908203125 39.8864822387695 39.7376556396484 39.7574806213379 39.6542816162109 -9999 -9999 -9999 -9999 -9999 -9999 -9999 -9999 -9999 -9999 -9999 -9999
39.7633743286133 39.7633743286133 39.7435913085938 39.8405380249023 39.8348808288574 39.7832794189453 39.7574806213379 39.7316818237305 39.7316818237305 39.705883026123 39.7774314880371 39.7256736755371 39.6997909545898 39.7515525817871 39.7515525817871 39.8033103942871 39.8291931152344 39.8291931152344 39.705883026123 39.7832832336426 39.8348808288574 39.7832794189453 39.7119331359863 39.7376556396484 39.7119331359863 39.80908203125 39.8864822387695 39.912281036377 39.9380798339844 39.9380798339844 39.9380798339844 39.9380798339844 39.8864822387695 39.8864822387695 39.8864822387695 39.705883026123 39.7774353027344 -9999 -9999 -9999 -9999 -9999 -9999 -9999 -9999 -9999 -9999 -9999
39.8606796264648 39.8405342102051 39.891975402832 39.8405380249023 39.8348808288574 39.7832794189453 39.7316818237305 39.8291931152344 39.8809509277344 39.8291931152344 39.7515525817871 39.7256736755371 39.7256736755371 39.7256736755371 39.7256736755371 39.7774314880371 39.7774314880371 39.7774314880371 39.8291931152344 39.8291931152344 39.7832832336426 39.80908203125 39.7119331359863 39.7890930175781 39.8148155212402 39.80908203125 39.9380798339844 39.9638786315918 39.9638786315918 39.9638786315918 39.9638786315918 39.9380798339844 39.8606796264648 39.8348808288574 39.9585914611816 39.9585914611816 39.9068298339844 -9999 -9999 -9999 -9999 -9999 -9999 -9999 -9999 -9999 -9999 -9999
39.8864784240723 39.912281036377 39.9380798339844 39.8662567138672 39.80908203125 39.7574806213379 39.9068336486816 39.9327125549316 39.9585914611816 39.9068336486816 39.8291931152344 39.8753890991211 39.8234672546387 39.8494262695312 39.8753890991211 39.8753890991211 39.8753890991211 39.8753890991211 39.9532699584961 39.8550720214844 39.8550720214844 39.80908203125 39.8606796264648 39.8148155212402 39.8405342102051 39.912281036377 39.9896812438965 39.9638786315918 39.9638786315918 39.9638786315918 39.9638786315918 39.9380798339844 39.9068336486816 39.8809509277344 39.9585914611816 39.9844703674316 39.9844703674316 39.9585914611816 -9999 -9999 -9999 -9999 -9999 -9999 -9999 -9999 -9999 -9999
39.9380798339844 39.9380798339844 39.9380798339844 39.891975402832 39.8148155212402 39.8606834411621 39.9327125549316 39.9327125549316 39.9585914611816 39.9585914611816 39.8550720214844 39.7774314880371 39.9013481140137 39.9013481140137 39.9013481140137 39.9273109436035 39.9013481140137 39.8033103942871 39.8809509277344 39.8809509277344 39.9327125549316 39.7832832336426 39.912281036377 39.8864822387695 39.8864822387695 39.8864822387695 39.9638786315918 40.0154800415039 39.9896812438965 39.9380798339844 39.9380798339844 39.8606796264648 39.8809509277344 39.8809509277344 39.9327125549316 39.9844703674316 40.0362319946289 40.0879936218262 -9999 -9999 -9999 -9999 -9999 -9999 -9999 -9999 -9999 -9999
39.8148155212402 39.9638786315918 39.9380798339844 39.8148155212402 39.8405380249023 39.9844703674316 39.9585914611816 39.9327125549316 39.9327125549316 39.9068336486816 39.8291931152344 39.8291931152344 39.7774314880371 39.8291931152344 39.8550720214844 39.8550720214844 39.8291931152344 39.8809509277344 39.9327125549316 39.9585914611816 39.9327125549316 39.8606796264648 39.8864822387695 39.9638786315918 39.9896812438965 39.9638786315918 39.9380798339844 39.912281036377 39.912281036377 39.8864822387695 39.8606796264648 39.9068298339844 39.9068336486816 39.9068298339844 39.9327125549316 39.9844703674316 40.0621109008789 40.0621109008789 40.0879898071289 -9999 -9999 -9999 -9999 -9999 -9999 -9999 -9999 -9999
39.912281036377 39.912281036377 39.8864822387695 39.8864822387695 39.9380836486816 39.9896812438965 39.9896812438965 39.9585914611816 39.9585914611816 39.9585914611816 40.0103530883789 39.9327125549316 39.8550720214844 39.8809509277344 39.8809509277344 39.8809509277344 39.9068336486816 39.9327125549316 39.9844703674316 39.9585914611816 40.0103530883789 39.8348808288574 39.8864822387695 39.912281036377 39.912281036377 39.9638786315918 39.9638786315918 39.9638786315918 40.0621109008789 40.0362319946289 39.9844703674316 39.9844703674316 39.9068298339844 39.9585914611816 39.9844703674316 40.0103530883789 40.1138725280762 40.0621109008789 40.0879898071289 -9999 -9999 -9999 -9999 -9999 -9999 -9999 -9999 -9999
39.891975402832 39.9380798339844 39.912281036377 39.8606796264648 39.9896812438965 40.0154800415039 40.067081451416 40.0154800415039 40.0103530883789 39.9844703674316 40.0362319946289 39.9585914611816 39.9585914611816 39.9327125549316 39.9068336486816 39.9844703674316 39.9585914611816 39.9585914611816 39.9585914611816 40.0103530883789 40.0362319946289 40.0362319946289 40.0103530883789 39.912281036377 39.912281036377 39.9585952758789 40.0830764770508 40.1349945068359 40.1609573364258 39.9844703674316 40.0571136474609 39.9844703674316 39.9844703674316 40.0362319946289 40.0621109008789 40.0879936218262 40.0879936218262 40.0621109008789 39.9638824462891 40.1138725280762 -9999 -9999 -9999 -9999 -9999 -9999 -9999 -9999
40.0154800415039 40.0621109008789 40.0621109008789 39.9896812438965 39.9638824462891 40.0928802490234 40.067081451416 40.0154800415039 40.0412826538086 39.9638824462891 39.9638824462891 40.0103530883789 40.0362319946289 40.0103530883789 39.9844703674316 40.0879898071289 40.0103530883789 40.0103530883789 40.0103530883789 39.9844703674316 39.9844703674316 39.9844703674316 39.9844703674316 39.9585914611816 40.0362319946289 40.0103530883789 40.0311546325684 39.9532737731934 40.0051956176758 40.0311546325684 40.0830764770508 39.9585914611816 39.9844703674316 40.0621109008789 40.0879936218262 40.0879936218262 40.0621109008789 40.0621109008789 40.1138725280762 40.1656303405762 -9999 -9999 -9999 -9999 -9999 -9999 -9999 -9999
