Demos/Rbased/CrashCourse/data/climate_processing/PresentLayers/Pyxidanthera_brevifolia/bio_18.asc
NCOLS 206 
NROWS 160 
XLLCORNER -80.3750000001568 
YLLCORNER 34.1833333333017 
CELLSIZE 0.00833333333316143 
NODATA_value -9999 
[rows 80 to 119 of 160, columns 0 to 89 of 206]
-9999 -9999 -9999 -9999 -9999 -9999 -9999 -9999 -9999 -9999 -9999 -9999 -9999 -9999 -9999 -9999 -9999 -9999 -9999 -9999 -9999 -9999 -9999 -9999 -9999 359 360 360 360 360 361 361 362 363 364 364 364 363 364 365 365 365 366 366 366 366 366 367 367 367 367 368 369 368 368 368 368 372 372 374 374 375 375 375 373 374 375 374 377 377 377 376 377 377 379 379 380 380 380 382 382 382 382 384 383 383 383 383 382 382
-9999 -9999 -9999 -9999 -9999 -9999 -9999 -9999 -9999 -9999 -9999 -9999 -9999 -9999 -9999 -9999 -9999 -9999 -9999 -9999 -9999 -9999 -9999 -9999 357 358 360 360 360 360 360 361 362 364 364 364 364 364 365 365 365 365 365 366 366 366 366 366 367 369 369 369 370 370 368 368 369 371 373 374 374 374 375 375 375 375 376 376 376 376 377 377 378 379 379 379 381 381 381 381 381 382 382 382 382 383 382 382 382 380
-9999 -9999 -9999 -9999 -9999 -9999 -9999 -9999 -9999 -9999 -9999 -9999 -9999 -9999 -9999 -9999 -9999 -9999 -9999 -9999 -9999 -9999 -9999 356 357 358 360 360 360 360 360 361 362 363 364 364 364 364 365 365 365 366 365 366 367 367 367 369 369 367 367 367 370 370 370 367 369 371 373 375 375 375 376 375 375 375 376 376 376 376 377 377 378 379 379 380 380 381 381 381 381 381 381 381 381 382 381 381 381 381
-9999 -9999 -9999 -9999 -9999 -9999 -9999 -9999 -9999 -9999 -9999 -9999 -9999 -9999 -9999 -9999 -9999 -9999 -9999 -9999 -9999 -9999 356 356 356 358 358 360 360 360 360 360 362 363 362 364 364 364 364 366 366 366 366 367 367 368 368 368 367 367 368 367 367 369 369 367 370 372 373 372 373 375 375 375 374 375 375 375 376 376 377 378 378 379 379 379 379 380 380 380 380 380 380 380 380 381 381 380 380 380
-9999 -9999 -9999 -9999 -9999 -9999 -9999 -9999 -9999 -9999 -9999 -9999 -9999 -9999 -9999 -9999 -9999 -9999 -9999 -9999 -9999 356 356 356 356 358 358 358 360 360 360 361 362 363 363 362 364 365 365 364 366 366 366 366 366 368 368 368 369 369 369 369 369 367 367 370 370 371 371 371 371 373 374 374 374 374 374 376 377 376 376 379 379 377 377 379 379 379 379 379 379 379 380 379 379 379 380 380 380 378
-9999 -9999 -9999 -9999 -9999 -9999 -9999 -9999 -9999 -9999 -9999 -9999 -9999 -9999 -9999 -9999 -9999 -9999 -9999 -9999 356 357 356 356 356 358 358 358 358 360 360 361 362 363 363 363 364 365 365 365 365 366 366 366 366 366 368 368 368 369 369 368 367 369 369 370 373 373 373 374 374 374 373 374 375 375 375 376 376 375 375 378 377 376 376 378 379 379 379 379 378 379 380 379 378 378 380 380 379 379
-9999 -9999 -9999 -9999 -9999 -9999 -9999 -9999 -9999 -9999 -9999 -9999 -9999 -9999 -9999 -9999 -9999 -9999 -9999 357 357 357 357 357 357 357 358 358 358 359 360 361 362 363 363 362 365 365 365 365 366 366 367 367 367 367 367 368 368 368 368 367 367 368 369 372 373 373 373 374 374 374 374 374 374 375 375 375 376 374 375 377 375 375 377 379 379 378 378 378 378 378 378 378 377 378 379 379 379 378
-9999 -9999 -9999 -9999 -9999 -9999 -9999 -9999 -9999 -9999 -9999 -9999 -9999 -9999 -9999 -9999 -9999 -9999 357 357 357 357 357 357 357 358 358 358 358 358 360 361 361 362 363 362 363 364 365 365 365 365 367 367 367 367 369 367 368 369 369 368 367 369 371 372 372 373 373 373 375 374 373 373 373 374 374 375 375 374 374 374 375 375 376 377 377 377 377 377 377 377 377 377 377 377 378 378 378 378
-9999 -9999 -9999 -9999 -9999 -9999 -9999 -9999 -9999 -9999 -9999 -9999 -9999 -9999 -9999 -9999 -9999 357 357 357 357 358 359 357 359 359 359 360 360 360 360 361 361 361 363 362 363 364 365 365 365 365 365 367 367 367 368 367 367 369 369 368 368 368 371 371 372 372 372 373 373 372 372 373 373 373 374 374 374 375 376 377 377 377 377 377 378 378 378 378 378 376 376 376 376 376 377 377 377 377
-9999 -9999 -9999 -9999 -9999 -9999 -9999 -9999 -9999 -9999 -9999 -9999 -9999 -9999 -9999 -9999 356 357 357 357 357 357 358 357 357 359 360 360 360 360 361 360 361 361 364 364 362 364 365 365 366 365 366 365 367 367 367 367 367 367 369 369 368 368 369 371 373 372 372 372 372 372 374 375 376 375 374 375 375 376 376 376 376 377 377 377 377 377 377 377 377 376 376 376 375 376 377 377 377 376
-9999 -9999 -9999 -9999 -9999 -9999 -9999 -9999 -9999 -9999 -9999 -9999 -9999 -9999 -9999 356 356 356 357 357 357 357 357 357 357 357 360 360 360 360 360 360 361 362 364 364 361 364 364 365 365 367 367 367 367 368 368 368 368 369 369 368 369 369 369 369 372 373 373 371 373 375 375 375 376 376 375 375 375 375 375 375 376 376 376 377 377 377 377 376 377 377 377 375 375 375 376 376 376 376
-9999 -9999 -9999 -9999 -9999 -9999 -9999 -9999 -9999 -9999 -9999 -9999 -9999 -9999 356 356 356 356 357 357 357 357 357 359 359 360 359 359 360 360 361 360 360 361 362 363 364 364 364 364 365 365 367 367 368 368 368 368 368 370 370 369 368 369 369 369 370 372 371 372 374 374 374 375 376 376 375 374 374 374 375 375 375 375 376 376 376 376 376 376 376 377 377 375 374 374 375 375 375 375
-9999 -9999 -9999 -9999 -9999 -9999 -9999 -9999 -9999 -9999 -9999 -9999 -9999 356 356 356 357 358 357 357 358 358 359 360 359 360 360 360 360 360 363 362 362 361 361 362 362 364 364 364 364 364 367 367 367 368 368 368 370 370 369 371 370 370 370 370 370 370 370 372 373 373 374 375 375 375 375 375 374 374 374 375 374 375 375 375 375 375 375 375 377 377 377 376 374 374 375 375 375 374
-9999 -9999 -9999 -9999 -9999 -9999 -9999 -9999 -9999 -9999 -9999 -9999 356 356 356 357 357 356 357 359 359 359 359 360 360 360 360 360 361 363 363 362 363 363 363 363 362 362 364 364 364 365 367 367 367 367 368 368 368 370 370 370 370 370 371 371 371 371 371 371 373 373 373 374 374 374 375 375 375 373 374 374 374 374 375 375 375 375 375 376 376 376 376 376 374 373 374 374 374 374
-9999 -9999 -9999 -9999 -9999 -9999 -9999 -9999 -9999 -9999 -9999 356 357 358 358 359 359 357 359 359 359 359 359 359 359 360 361 361 361 361 361 361 362 363 363 363 363 362 363 363 364 365 366 365 367 367 367 370 370 369 370 370 370 370 370 371 371 371 371 371 372 373 373 373 373 374 374 374 374 373 374 375 375 375 375 377 375 374 374 376 376 375 375 375 375 373 373 374 374 373
-9999 -9999 -9999 -9999 -9999 -9999 -9999 -9999 -9999 -9999 356 356 356 357 358 359 359 359 359 360 359 359 359 359 361 361 361 361 361 361 361 363 363 363 363 363 363 363 363 363 363 365 365 366 367 366 367 368 370 370 370 370 370 370 370 370 371 372 371 371 372 372 372 373 373 373 373 374 373 374 374 374 375 375 376 376 375 374 374 375 375 375 375 375 375 373 373 373 373 373
-9999 -9999 -9999 -9999 -9999 -9999 -9999 -9999 -9999 358 357 356 356 357 357 358 359 359 359 362 360 362 362 361 362 361 361 361 362 362 362 363 363 363 364 364 364 363 363 363 363 363 364 365 366 366 367 368 369 369 369 370 370 370 370 370 370 371 372 371 372 372 372 372 372 373 373 373 373 374 374 374 374 374 376 376 375 373 373 375 375 375 374 374 374 374 373 373 372 372
-9999 -9999 -9999 -9999 -9999 -9999 -9999 -9999 356 357 357 358 358 358 357 357 358 359 359 360 360 360 360 361 361 361 361 361 362 362 362 362 363 363 364 364 364 364 364 363 364 364 364 364 366 366 367 368 369 369 369 369 369 370 371 372 372 372 372 372 372 371 372 372 372 372 372 372 373 373 374 374 374 374 374 374 374 374 373 375 374 374 374 374 374 373 373 373 373 372
-9999 -9999 -9999 -9999 -9999 -9999 -9999 355 355 357 357 358 358 358 358 357 357 358 359 360 361 360 360 360 360 360 360 361 361 362 362 362 362 362 364 364 364 364 364 364 364 364 364 364 365 366 367 367 369 369 369 369 369 370 372 372 372 372 372 372 372 372 372 372 372 372 372 372 372 373 373 373 373 375 373 373 373 374 375 375 374 374 373 373 373 373 373 373 373 373
-9999 -9999 -9999 -9999 -9999 -9999 355 355 355 356 356 357 357 358 358 359 358 358 360 360 360 360 360 360 360 360 360 360 361 361 361 362 362 362 363 363 363 364 364 364 365 364 364 364 364 365 367 367 367 368 370 370 370 370 371 372 372 372 372 372 372 372 372 372 372 373 372 372 372 372 372 373 373 373 373 373 374 374 374 374 374 373 373 373 373 373 373 373 373 372
-9999 -9999 -9999 -9999 -9999 355 356 355 355 355 355 356 357 357 358 358 358 358 359 360 360 360 360 360 360 360 360 360 362 362 362 363 363 363 362 362 363 363 363 364 365 365 366 365 365 366 366 367 367 367 368 370 370 370 371 371 371 372 372 371 372 372 372 372 372 372 372 372 372 372 372 372 374 373 373 374 374 374 374 374 374 374 373 374 373 373 373 372 372 372
-9999 -9999 -9999 -9999 355 355 356 357 357 357 357 357 357 357 357 357 358 358 358 360 360 360 360 360 360 360 360 360 360 361 363 363 363 363 363 363 363 363 363 363 364 364 365 365 366 367 367 367 367 367 367 368 369 370 370 370 371 371 371 371 372 372 372 372 372 372 372 372 372 373 372 373 372 372 372 374 374 374 374 374 374 374 374 373 372 372 372 372 372 372
-9999 -9999 -9999 -9999 356 356 356 357 357 357 358 358 358 358 358 358 358 358 360 359 360 360 360 360 361 360 361 361 360 360 361 361 361 361 363 363 363 363 363 363 363 363 364 366 366 366 368 369 367 367 368 369 369 369 369 369 369 370 371 371 371 371 371 372 372 372 372 372 372 372 372 373 373 373 372 372 373 373 373 373 373 373 373 373 373 372 373 373 372 372
-9999 -9999 -9999 355 356 356 355 356 356 357 359 360 359 358 358 360 360 360 360 361 360 360 360 361 360 360 360 360 362 363 363 362 360 360 362 362 363 363 363 363 365 366 365 366 366 366 366 366 366 369 369 369 369 369 369 369 369 371 371 371 371 371 371 371 371 372 372 372 372 372 372 372 373 373 373 372 374 373 373 373 373 373 373 373 373 373 373 373 373 374
-9999 -9999 -9999 355 355 355 355 356 357 358 358 359 359 359 359 361 360 360 361 361 362 360 360 360 361 362 362 362 362 362 362 362 362 362 362 363 363 363 364 365 366 365 365 366 367 366 366 367 368 369 369 372 371 370 371 371 372 371 371 372 371 371 371 371 371 371 371 371 371 372 372 372 372 372 372 372 374 374 374 374 373 373 373 373 373 373 373 373 373 374
-9999 -9999 -9999 355 355 355 355 356 356 357 357 358 359 361 360 361 360 360 359 360 361 360 360 360 362 362 362 361 362 362 362 362 362 362 363 364 363 363 365 365 365 365 365 367 368 366 367 368 369 369 371 371 371 371 371 371 369 370 372 371 371 371 371 371 371 371 371 371 371 371 372 372 372 372 372 372 372 374 374 374 374 374 373 372 373 373 373 373 374 374
-9999 -9999 356 355 354 354 355 356 356 357 358 359 359 359 359 359 359 359 359 359 359 360 360 360 362 362 362 362 362 362 362 362 362 364 364 363 362 364 365 365 366 367 367 368 368 368 368 368 370 368 368 368 369 370 370 369 371 372 372 371 371 370 370 370 371 371 371 371 371 371 371 371 372 372 372 372 372 373 373 373 373 373 372 372 374 374 373 373 374 374
-9999 -9999 355 355 354 355 355 356 356 357 358 359 359 359 359 359 359 360 360 362 362 361 360 360 362 362 362 362 362 362 362 362 362 364 362 362 363 365 365 367 366 366 366 367 368 368 368 368 368 368 368 368 368 368 368 370 371 371 372 371 371 371 371 371 370 370 372 371 371 371 371 371 371 372 372 372 373 373 373 373 373 373 373 373 373 373 373 373 375 374
-9999 -9999 354 354 354 354 355 356 356 357 359 359 359 359 359 361 362 362 362 362 362 362 362 362 362 362 362 362 362 362 362 362 363 362 362 363 363 365 366 366 365 366 366 366 366 368 368 368 368 368 368 368 369 369 370 370 371 373 372 371 371 370 370 371 371 371 371 370 371 371 371 371 371 371 371 371 371 372 373 373 373 373 373 373 373 373 373 374 375 375
-9999 -9999 354 354 354 355 356 356 356 358 359 359 358 359 359 359 362 363 362 362 362 362 362 362 361 362 363 363 362 363 362 362 362 363 363 363 365 366 366 366 367 367 368 367 366 366 367 367 367 368 368 369 369 369 371 369 371 371 371 371 370 370 370 370 371 371 371 371 371 370 371 372 372 372 371 371 371 372 373 373 373 373 373 373 373 373 373 374 374 374
-9999 -9999 354 355 356 356 356 357 359 359 359 358 359 359 360 362 362 362 362 362 362 362 362 362 361 362 362 364 364 363 363 364 364 363 364 364 366 367 367 366 366 366 366 366 366 366 366 366 367 369 369 369 369 370 371 370 372 370 370 369 369 369 369 370 371 371 371 371 371 371 371 371 372 372 372 372 373 373 373 374 373 373 373 373 373 373 373 374 374 374
-9999 354 354 356 356 356 356 356 356 356 356 358 359 359 362 361 359 362 361 362 363 362 362 362 361 362 362 364 364 363 364 364 364 364 366 366 366 366 366 366 366 366 366 366 366 366 367 367 368 369 369 369 369 370 370 370 372 372 370 370 369 369 369 369 369 370 371 371 371 371 371 371 371 372 372 372 373 373 373 373 373 374 374 374 374 374 373 374 374 376
-9999 354 354 356 356 356 356 356 356 356 358 359 360 362 361 361 359 361 361 362 362 362 361 361 361 361 363 364 364 364 365 366 366 366 367 366 365 365 365 365 365 365 365 366 366 367 368 368 368 369 370 369 369 370 371 371 371 371 370 371 370 369 369 369 369 370 371 371 371 371 371 371 371 371 372 372 373 373 373 373 373 374 374 374 374 374 375 375 375 375
-9999 354 356 356 356 356 356 356 356 357 359 359 361 361 359 359 359 359 361 362 362 362 361 361 361 362 363 364 364 364 364 364 364 364 365 365 365 365 365 365 365 365 365 368 368 368 368 368 368 368 369 369 371 371 371 371 371 371 371 371 371 369 369 369 369 369 370 371 371 371 371 371 371 371 372 373 373 373 373 373 373 373 374 374 374 374 375 375 375 375
-9999 354 354 355 356 356 356 357 359 359 359 359 361 361 361 361 361 360 361 361 361 364 363 361 361 363 364 364 365 364 364 364 364 364 364 364 365 365 365 365 365 365 368 368 368 368 368 368 368 371 371 371 370 371 371 371 369 371 371 371 371 369 369 369 369 369 370 370 370 370 371 371 371 371 371 371 373 373 373 373 373 373 373 374 374 375 375 375 375 375
-9999 354 354 356 356 356 356 359 359 359 360 361 362 362 361 361 361 361 361 361 361 361 361 361 361 364 364 365 365 365 364 365 365 365 365 365 365 365 365 365 368 367 368 368 369 371 370 370 371 371 371 369 369 370 371 370 369 370 371 371 368 368 368 369 370 371 370 370 370 370 370 371 371 371 371 371 373 374 373 373 374 374 373 373 375 375 375 375 375 375
-9999 353 353 355 356 356 356 357 359 359 360 359 360 361 362 361 361 361 361 361 361 361 361 361 361 362 364 364 365 366 366 365 365 365 366 366 365 365 367 367 368 367 368 367 368 368 368 369 370 370 370 369 369 369 370 370 369 369 370 370 369 368 369 369 369 370 370 370 371 371 371 371 372 372 372 372 372 373 374 374 374 374 374 374 376 376 376 376 376 376
-9999 353 353 356 356 356 357 359 360 359 359 359 359 361 363 361 361 362 364 364 361 361 362 362 361 362 364 365 366 366 366 366 367 365 365 365 365 367 368 367 367 366 366 367 367 367 367 367 369 369 369 369 368 369 370 370 370 369 369 369 369 369 369 369 369 369 370 371 371 371 371 371 371 372 372 372 372 372 373 374 374 374 374 374 376 376 376 376 376 376
-9999 355 355 356 356 357 359 359 359 358 359 360 361 363 363 363 364 364 362 361 361 363 363 362 362 363 365 366 366 366 365 366 366 365 365 365 367 367 367 366 367 367 366 366 367 367 367 367 368 369 368 368 369 368 370 369 369 370 369 369 370 369 369 369 369 369 369 370 371 371 371 371 371 371 372 372 372 373 373 374 374 374 374 374 376 376 376 376 376 376
-9999 356 355 356 356 357 359 358 357 358 359 360 361 361 364 364 364 362 361 361 361 361 361 362 362 363 365 365 365 364 365 365 367 367 367 367 368 367 367 367 368 367 366 365 366 366 366 367 368 368 369 369 368 368 368 369 369 369 371 370 369 369 369 369 369 369 369 370 371 371 371 371 371 371 371 372 372 372 373 373 374 374 374 375 376 376 376 376 376 376
