Demos/Rbased/CrashCourse/data/climate_processing/PresentLayers/Pyxidanthera_brevifolia/bio_9.asc
NCOLS 215 
NROWS 157 
XLLCORNER -80.4833333333333 
YLLCORNER 34.2333333333333 
CELLSIZE 0.00833333333333336 
NODATA_value -9999 
[rows 0 to 21 of 157, columns 147 to 195 of 215]
-9999 -9999 -9999 -9999 -9999 -9999 -9999 -9999 -9999 -9999 -9999 -9999 -9999 -9999 -9999 -9999 -9999 -9999 -9999 -9999 -9999 -9999 -9999 -9999 -9999 -9999 -9999 -9999 -9999 -9999 -9999 -9999 -9999 -9999 -9999 -9999 -9999 -9999 -9999 -9999 -9999 -9999 -9999 -9999 -9999 -9999 -9999 -9999 -9999
-9999 -9999 -9999 -9999 -9999 -9999 -9999 -9999 -9999 -9999 -9999 -9999 10.8166666030884 10.8166666030884 10.8000001907349 10.7833337783813 10.7666673660278 10.8000001907349 10.8333339691162 10.8333339691162 10.8333339691162 10.8333339691162 10.8166666030884 10.8333339691162 10.8500003814697 10.8500003814697 10.9333333969116 10.9333333969116 -9999 -9999 -9999 -9999 -9999 -9999 -9999 -9999 -9999 -9999 -9999 -9999 -9999 -9999 -9999 -9999 -9999 -9999 -9999 -9999 -9999
-9999 -9999 -9999 -9999 -9999 -9999 -9999 -9999 -9999 10.7833337783813 10.8500003814697 10.8500003814697 10.8500003814697 10.8166666030884 10.8500003814697 10.8500003814697 10.8500003814697 10.8500003814697 10.8500003814697 10.8333339691162 10.8333339691162 10.8333339691162 10.8166666030884 10.8333330154419 10.8833332061768 10.9000005722046 10.9333333969116 10.9000005722046 10.8999996185303 10.9166669845581 10.9333333969116 -9999 -9999 -9999 -9999 -9999 -9999 -9999 -9999 -9999 -9999 -9999 -9999 -9999 -9999 -9999 -9999 -9999 -9999
-9999 -9999 -9999 -9999 -9999 -9999 10.8000001907349 10.8000001907349 10.8333339691162 10.8000001907349 10.8666667938232 10.8666667938232 10.8666667938232 10.8666667938232 10.9000005722046 10.8666667938232 10.8500003814697 10.8500003814697 10.8000001907349 10.8666667938232 10.8666667938232 10.8500003814697 10.8500003814697 10.8166666030884 10.8833332061768 10.9166669845581 10.8833332061768 10.8833332061768 10.9166669845581 10.9500007629395 10.9333333969116 10.9333333969116 10.966667175293 10.966667175293 -9999 -9999 -9999 -9999 -9999 -9999 -9999 -9999 -9999 -9999 -9999 -9999 -9999 -9999 -9999
-9999 -9999 -9999 -9999 -9999 10.8000001907349 10.8666667938232 10.8500003814697 10.8500003814697 10.8500003814697 10.8833332061768 10.8833332061768 10.9333333969116 10.9000005722046 10.9000005722046 10.8833332061768 10.9000005722046 10.8500003814697 10.8500003814697 10.8333330154419 10.8500003814697 10.8666667938232 10.8333330154419 10.7666664123535 10.8166666030884 10.8999996185303 10.9166669845581 10.9166669845581 10.9333333969116 10.9166669845581 10.8833332061768 10.8999996185303 10.9333333969116 10.9833335876465 10.9833335876465 11.0333337783813 -9999 -9999 -9999 -9999 -9999 -9999 -9999 -9999 -9999 -9999 -9999 -9999 -9999
-9999 -9999 -9999 10.7666664123535 10.783332824707 10.8500003814697 10.8500003814697 10.8666667938232 10.9000005722046 10.9000005722046 10.9333333969116 10.9666662216187 10.9333333969116 10.9166669845581 10.9166669845581 10.9166669845581 10.8833332061768 10.8500003814697 10.8500003814697 10.8500003814697 10.8833332061768 10.8500003814697 10.8333330154419 10.8500003814697 10.8666667938232 10.9000005722046 10.9333333969116 10.966667175293 10.9499998092651 10.9166669845581 10.9499998092651 10.9833335876465 10.9833335876465 11.0333337783813 11.0333337783813 10.9833335876465 11.0333337783813 10.9833335876465 -9999 -9999 -9999 -9999 -9999 -9999 -9999 -9999 -9999 -9999 -9999
-9999 -9999 10.7833337783813 10.8000001907349 10.8000001907349 10.8500003814697 10.9500007629395 10.9500007629395 10.966667175293 10.9499998092651 10.9499998092651 10.966667175293 10.9333333969116 10.9333333969116 10.966667175293 10.9500007629395 10.9000005722046 10.8666667938232 10.8333330154419 10.8666667938232 10.9000005722046 10.8666667938232 10.8666667938232 10.8666667938232 10.9000005722046 10.9499998092651 10.9333333969116 10.9499998092651 10.9833335876465 10.9833335876465 11 11.0333337783813 11.0166673660278 11.0166673660278 10.9833335876465 10.9833335876465 11.0333337783813 11.0333337783813 10.9833335876465 -9999 -9999 -9999 -9999 -9999 -9999 -9999 -9999 -9999 -9999
10.7666664123535 10.75 10.8000001907349 10.8166666030884 10.8500003814697 10.9000005722046 10.9333333969116 10.966667175293 11 11.0333337783813 11.0333337783813 11.0500001907349 11.0166664123535 11.0166664123535 10.9499998092651 10.9499998092651 10.9166669845581 10.8833332061768 10.8666667938232 10.8833332061768 10.8999996185303 10.9166669845581 10.9166669845581 10.8999996185303 10.9333333969116 10.9166669845581 10.9333333969116 10.9833335876465 10.9499998092651 10.9499998092651 10.9833335876465 11.0166673660278 10.9833335876465 10.9333333969116 10.9333333969116 10.9333333969116 10.9833335876465 11.0166664123535 11.0166664123535 11.033332824707 11 -9999 -9999 -9999 -9999 -9999 -9999 -9999 -9999
10.8000001907349 10.8000001907349 10.8166666030884 10.8500003814697 10.8666667938232 10.9000005722046 11 11.0333337783813 11.0500001907349 11.0666666030884 11.1000003814697 11.1000003814697 11.0666666030884 11.033332824707 10.9833335876465 10.9333333969116 10.9166669845581 10.9333333969116 10.9333333969116 10.9166669845581 10.9333333969116 10.9166669845581 10.8999996185303 10.9499998092651 10.966667175293 10.9499998092651 10.9833335876465 10.9833335876465 11 11.0333337783813 11 11 10.9499998092651 10.8999996185303 10.8999996185303 10.966667175293 10.9833335876465 11 10.9666662216187 10.9833335876465 11 11 -9999 -9999 -9999 -9999 -9999 -9999 -9999
10.8333330154419 10.8333330154419 10.8666667938232 10.8500003814697 10.9333333969116 10.966667175293 11.0166673660278 11.0333337783813 11.1000003814697 11.1333332061768 11.1333332061768 11.1166667938232 11.1166667938232 11.0500001907349 11.0166664123535 10.9833335876465 10.9499998092651 10.966667175293 10.966667175293 10.9833335876465 10.9833335876465 11 10.9833335876465 10.9833335876465 10.9833335876465 10.9833335876465 11.0333337783813 11.0833330154419 11.0333337783813 11.0333337783813 11.0166664123535 10.9833335876465 10.9333333969116 10.9333333969116 10.966667175293 10.9833335876465 10.9833335876465 10.9333333969116 10.9333333969116 10.9833335876465 11 10.9166669845581 10.9499998092651 -9999 -9999 -9999 -9999 -9999 -9999
10.8333330154419 10.8666667938232 10.8666667938232 10.8833332061768 10.9166669845581 10.9333333969116 10.9833335876465 11 11.0500001907349 11.0833330154419 11.0833330154419 11.1000003814697 11.1000003814697 11.0666666030884 11.0333337783813 10.9833335876465 10.9833335876465 10.966667175293 10.9833335876465 11 11.0333337783813 11.0333337783813 11.0333337783813 11.0333337783813 10.9833335876465 10.9833335876465 10.9833335876465 11.0166664123535 11.0333337783813 10.966667175293 10.9833335876465 10.966667175293 10.9333333969116 10.9499998092651 10.9833335876465 10.9499998092651 10.9499998092651 10.9833335876465 11.0166664123535 11 10.966667175293 10.9499998092651 10.966667175293 10.966667175293 11.0333337783813 -9999 -9999 -9999 -9999
10.8666667938232 10.8833332061768 10.8833332061768 10.9166669845581 10.9166669845581 10.9166669845581 10.9499998092651 10.966667175293 10.9833335876465 11.0500001907349 11.0500001907349 11.0833330154419 11.0833330154419 11.0666666030884 11.0333337783813 11 11 11 11 11 11.0333337783813 11.0333337783813 11.0333337783813 11.0333337783813 10.9833335876465 10.966667175293 10.9833335876465 11.0166664123535 11 10.9499998092651 10.9499998092651 10.9333333969116 10.966667175293 10.966667175293 10.966667175293 10.9499998092651 10.9833335876465 11.0166664123535 11.0333337783813 10.9833335876465 10.966667175293 10.9833335876465 11.0166664123535 11.0500001907349 11.0500001907349 11.0333337783813 -9999 -9999 -9999
10.9166669845581 10.9166669845581 10.9166669845581 10.8833332061768 10.8833332061768 10.9166669845581 10.9333333969116 10.9499998092651 10.9499998092651 11 11.0333337783813 11.0666666030884 11.0333337783813 11.0500001907349 11 11 11 11.0166673660278 11 11 11.0333337783813 11.0333337783813 11.0333337783813 11.0333337783813 10.9833335876465 10.9833335876465 10.9499998092651 10.9499998092651 10.9499998092651 10.9166669845581 10.9166669845581 10.9499998092651 10.966667175293 10.9833335876465 11.0166664123535 11.0166664123535 11.0333337783813 11.0333337783813 11.0166664123535 10.9833335876465 11 11.0166664123535 11.0666666030884 11.0833330154419 11.0833330154419 11.0500001907349 11.0833330154419 -9999 -9999
10.966667175293 10.966667175293 10.9499998092651 10.9166669845581 10.9166669845581 10.9499998092651 11 10.9833335876465 10.9833335876465 10.9833335876465 11 11 11 11.0166673660278 11 11 11 11.0166673660278 11.0166673660278 11.0166664123535 11.0333337783813 11.0333337783813 11.0333337783813 11.0333337783813 11.0166664123535 11 10.9833335876465 10.966667175293 10.966667175293 10.9333333969116 10.9499998092651 10.9499998092651 10.966667175293 11 11.0166664123535 11.0333337783813 11.0333337783813 11.0666666030884 11.0166664123535 11.0166664123535 11.0333337783813 11.0666666030884 11.1000003814697 11.0833330154419 11.0666666030884 11.0666666030884 11.0666666030884 11.1000003814697 -9999
11 11 10.9499998092651 10.9499998092651 10.966667175293 11 11 11 10.9833335876465 10.966667175293 10.966667175293 10.966667175293 10.9833335876465 10.9833335876465 11.0166673660278 11.0166664123535 11.0166664123535 11.0333337783813 11.0666666030884 11.0666666030884 11.0666666030884 11.0333337783813 11.0166673660278 11.0333337783813 11.0333337783813 11.0166664123535 11.0166664123535 10.9833335876465 10.9833335876465 10.966667175293 10.9833335876465 10.9833335876465 10.9833335876465 11.0166664123535 11.0166664123535 11.0166664123535 11.0666666030884 11.0833339691162 11.1000003814697 11.1000003814697 11.1166667938232 11.1166667938232 11.1166667938232 11.1166667938232 11.1000003814697 11.1000003814697 11.1166667938232 11.1333332061768 11.1833333969116
11.0166664123535 10.9833335876465 11 10.966667175293 11.0166664123535 11 11 11.0333337783813 10.966667175293 10.966667175293 10.9499998092651 10.966667175293 10.966667175293 10.9833335876465 11.0333337783813 11.0666666030884 11.0333337783813 11.0333337783813 11.0833330154419 11.0666666030884 11.0500001907349 11.0999994277954 11.0833330154419 11.0333337783813 11.0500001907349 11.0333337783813 11.0333337783813 11.0166664123535 11.0166664123535 11.0166664123535 11 11.0333337783813 11.0166664123535 11.0166664123535 11.0500001907349 11.0666666030884 11.1000003814697 11.1166667938232 11.1166667938232 11.1166667938232 11.1166667938232 11.1166667938232 11.1000003814697 11.1166667938232 11.1166667938232 11.1166667938232 11.1166667938232 11.1666669845581 11.1999998092651
11.0166664123535 11.0166664123535 10.966667175293 10.966667175293 10.9499998092651 10.9499998092651 11 10.9833335876465 10.9499998092651 10.966667175293 10.966667175293 10.966667175293 11.0166673660278 11.0333337783813 11.0333337783813 11.0666666030884 11.1000003814697 11.1000003814697 11.0999994277954 11.0333337783813 11.0166664123535 11.0500001907349 11.0500001907349 11.0666666030884 11.0999994277954 11.0500001907349 11.0833330154419 11.0500001907349 11.0500001907349 11.0333337783813 11.0500001907349 11.0333337783813 11 11.0666666030884 11.1000003814697 11.1166667938232 11.1166667938232 11.1166667938232 11.1333332061768 11.1666660308838 11.1166667938232 11.1499996185303 11.1166667938232 11.1499996185303 11.1499996185303 11.1333332061768 11.1166667938232 11.1333332061768 11.1500005722046
11 11 10.966667175293 10.9499998092651 10.9499998092651 10.9499998092651 10.9833335876465 11 11 10.966667175293 10.966667175293 10.9499998092651 10.9833335876465 11 11.0166664123535 11.0500001907349 11.0833339691162 11.0833339691162 11.0666666030884 11.0666666030884 11.0166664123535 11.0500001907349 11.0500001907349 11.0500001907349 11.0333337783813 11.0166664123535 11.0500001907349 11.0833330154419 11.0833330154419 11.0833339691162 11.0666666030884 11.0666666030884 11.0666666030884 11.0833330154419 11.1166667938232 11.1166667938232 11.1166667938232 11.1166667938232 11.1499996185303 11.1499996185303 11.1666660308838 11.1666660308838 11.1333332061768 11.1333332061768 11.1666660308838 11.1833333969116 11.1833333969116 11.1999998092651 11.1333332061768
10.9499998092651 10.9499998092651 10.9499998092651 10.9499998092651 10.966667175293 10.9833335876465 10.9833335876465 11 11 10.9833335876465 10.9166669845581 10.9166669845581 11 11 11.0500001907349 11.0500001907349 11.0333337783813 11.0666666030884 11.0666666030884 11.0333337783813 11.0333337783813 11.0666666030884 11.0666666030884 11.0666666030884 11.0500001907349 11.0333337783813 11.0500001907349 11.0666666030884 11.0666666030884 11.1166667938232 11.1333332061768 11.0833330154419 11.0833330154419 11.1166667938232 11.1000003814697 11.1333332061768 11.1333332061768 11.1333332061768 11.1833333969116 11.1833333969116 11.1833333969116 11.1833333969116 11.1666660308838 11.1333332061768 11.1500005722046 11.1833333969116 11.1833333969116 11.1666669845581 11.1500005722046
10.9499998092651 10.9499998092651 10.9166669845581 10.9499998092651 10.9499998092651 10.9833335876465 11 10.9833335876465 10.9499998092651 10.9499998092651 10.9499998092651 10.9833335876465 11 11.0166664123535 11.0166664123535 11.0666666030884 11.0333337783813 11.0833330154419 11.0833330154419 11.0500001907349 11.0500001907349 11.0833330154419 11.0500001907349 11.0666666030884 11.0500001907349 11.0500001907349 11.0666666030884 11.0666666030884 11.0666666030884 11.0833330154419 11.1333332061768 11.1333332061768 11.1166667938232 11.0833330154419 11.1333332061768 11.1333332061768 11.1500005722046 11.1666669845581 11.1999998092651 11.1999998092651 11.1999998092651 11.1999998092651 11.1666669845581 11.1500005722046 11.1500005722046 11.1500005722046 11.1833333969116 11.1500005722046 11.1500005722046
10.9833335876465 10.966667175293 10.9499998092651 10.9499998092651 10.9499998092651 10.9499998092651 10.9499998092651 10.966667175293 10.9833335876465 11 11 11 11 11.0166664123535 11.0666666030884 11.0666666030884 11.0500001907349 11.0666666030884 11.0500001907349 11.0500001907349 11.0666666030884 11.0833330154419 11.1166667938232 11.1000003814697 11.0833330154419 11.0666666030884 11.0666666030884 11.0833330154419 11.0833330154419 11.0833330154419 11.0833330154419 11.1166667938232 11.1499996185303 11.1333332061768 11.1500005722046 11.1500005722046 11.1666669845581 11.1833333969116 11.1999998092651 11.1833333969116 11.1666669845581 11.1999998092651 11.1833333969116 11.1666669845581 11.1666669845581 11.1833333969116 11.1833333969116 11.1999998092651 11.1833333969116
10.9833335876465 10.9833335876465 10.9833335876465 10.966667175293 10.9499998092651 10.9499998092651 10.966667175293 11.0166664123535 10.9833335876465 11 11 11 11.0166664123535 11.0333337783813 11.0666666030884 11.0833330154419 11.0500001907349 11.0500001907349 11.1000003814697 11.0666666030884 11.1000003814697 11.1333332061768 11.1333332061768 11.1333332061768 11.1333332061768 11.1333332061768 11.1333332061768 11.1333332061768 11.1500005722046 11.1500005722046 11.1500005722046 11.1666669845581 11.1833333969116 11.2166662216187 11.1999998092651 11.1833333969116 11.1833333969116 11.1833333969116 11.1833333969116 11.1999998092651 11.1999998092651 11.2166662216187 11.2333326339722 11.2166662216187 11.2166662216187 11.2333326339722 11.2333326339722 11.2333326339722 11.2333326339722
