Demos/Rbased/CrashCourse/data/climate_processing/PresentLayers/Pyxidanthera_brevifolia/bio_18.asc
NCOLS 275 
NROWS 194 
XLLCORNER -80.3749999998233 
YLLCORNER 33.9 
CELLSIZE 0.00833333333316008 
NODATA_value -9999 
[rows 120 to 159 of 194, columns 0 to 90 of 275]
-9999 356 356 356 356 356 357 357 358 359 359 360 361 364 364 364 363 362 363 363 363 363 362 362 363 363 363 363 364 365 366 367 367 367 367 368 367 367 367 368 367 367 367 367 367 367 366 367 368 368 368 368 368 368 368 368 368 368 369 370 369 368 371 369 369 369 369 369 370 371 371 371 371 371 371 372 372 373 373 373 375 375 375 376 377 377 377 376 377 377 378
-9999 356 356 356 356 356 357 358 361 361 361 361 363 364 364 364 364 364 364 364 364 363 363 362 363 363 363 364 366 367 367 367 367 367 367 367 367 367 367 367 367 367 368 368 368 368 366 365 368 368 368 368 368 368 368 368 369 369 368 368 368 368 370 368 369 369 369 369 369 370 371 371 371 372 371 371 372 372 374 374 375 375 375 376 377 377 377 377 377 377 379
-9999 356 356 356 356 356 357 359 361 361 363 364 364 364 364 364 364 364 364 363 363 363 363 363 362 363 363 364 366 367 366 367 367 367 367 367 367 367 366 366 366 367 367 366 365 366 367 367 367 368 368 367 368 367 367 368 368 369 369 368 369 369 369 368 368 369 370 370 371 371 371 372 372 372 372 372 373 373 374 374 375 375 375 376 377 377 377 377 377 379 379
-9999 356 356 356 356 356 357 358 360 361 361 362 362 362 364 364 364 363 362 363 363 363 363 363 362 363 364 366 366 366 365 365 365 367 367 369 367 367 366 366 366 366 366 366 367 367 368 367 367 367 367 367 367 368 369 369 367 369 369 369 369 369 369 369 369 369 370 370 370 371 371 372 372 372 372 372 373 373 374 374 374 375 375 376 376 377 377 377 377 380 380
-9999 357 357 357 357 357 357 358 358 360 361 361 361 363 364 364 364 363 363 364 363 365 363 363 363 363 364 364 365 365 364 365 367 367 367 369 367 368 368 368 368 366 368 367 367 367 367 367 367 367 367 368 368 369 369 369 369 369 369 369 369 370 370 369 369 369 370 370 370 371 371 372 372 372 372 372 372 373 374 374 374 375 375 375 376 377 378 378 379 380 380
-9999 357 357 357 357 357 357 358 359 359 359 361 362 364 365 364 363 365 365 365 365 365 364 363 362 363 364 364 364 364 365 367 368 369 369 367 369 369 369 368 368 367 367 367 367 367 367 367 367 367 368 368 368 368 368 368 369 369 369 369 369 369 369 370 369 369 369 370 370 371 371 371 372 372 372 372 372 373 374 374 374 375 375 375 375 378 378 378 379 380 380
-9999 -9999 357 357 357 357 358 358 359 361 361 362 363 364 365 365 363 364 365 365 364 363 363 363 363 362 363 364 364 367 367 368 369 369 367 366 368 369 369 367 367 367 367 367 367 367 367 367 367 368 368 368 368 368 368 368 368 368 368 369 369 369 369 369 369 369 369 369 371 371 371 371 372 372 372 372 372 373 374 374 375 376 376 376 377 378 378 378 379 380 380
-9999 -9999 357 357 357 358 358 359 361 361 362 362 363 365 364 364 363 363 364 365 366 365 365 365 363 363 362 364 365 367 368 368 369 368 369 366 366 367 367 367 367 367 367 367 367 367 367 367 368 368 368 368 368 368 368 368 368 368 368 368 369 370 370 371 371 369 369 369 370 371 371 371 372 372 373 373 373 375 375 375 375 376 376 376 377 378 378 378 379 380 381
-9999 -9999 358 358 358 358 358 361 361 362 362 362 363 363 364 364 363 363 364 364 366 365 365 365 364 364 362 364 365 367 368 367 366 368 369 369 366 366 366 367 367 367 367 366 367 367 367 368 368 368 368 368 368 368 368 368 368 369 369 369 369 369 370 371 371 370 370 370 370 371 371 372 372 373 373 373 373 374 375 375 375 376 376 376 378 378 378 378 379 381 381
-9999 -9999 -9999 359 358 358 359 359 359 361 362 363 363 364 364 364 364 364 363 363 364 365 365 365 364 364 363 364 365 368 366 366 368 369 369 367 367 367 366 366 366 367 366 366 366 366 366 367 367 367 367 367 368 368 368 369 369 369 369 369 369 369 369 371 371 370 370 370 370 372 372 372 372 373 373 373 373 374 375 375 376 376 376 376 378 378 378 379 380 381 381
-9999 -9999 -9999 359 359 359 359 359 361 362 362 363 363 363 364 364 364 364 364 363 365 365 365 365 365 364 363 365 366 366 366 366 369 369 368 366 367 366 367 366 366 366 366 366 366 366 367 367 367 367 367 367 367 367 368 368 369 369 369 369 369 369 369 370 370 370 370 370 370 370 372 372 372 373 373 373 373 374 375 375 376 376 376 376 379 379 379 380 380 381 381
-9999 -9999 -9999 -9999 359 359 359 359 361 362 363 363 362 363 364 364 364 364 364 363 364 365 365 365 365 365 363 364 365 366 366 369 369 368 367 366 366 366 366 366 366 366 366 366 366 366 367 367 367 367 367 367 367 367 368 368 368 368 369 369 369 369 369 369 371 371 370 370 370 370 372 372 372 372 373 373 373 375 375 376 377 377 377 377 379 379 379 380 380 381 383
-9999 -9999 -9999 -9999 -9999 359 359 359 360 362 362 362 363 364 364 364 364 365 365 364 364 365 365 365 365 365 364 365 366 368 369 369 368 367 366 366 366 365 366 366 366 366 366 366 366 367 367 367 367 367 367 367 367 368 368 368 368 368 368 368 369 369 369 370 370 371 370 370 370 371 372 372 372 373 373 374 375 376 376 377 377 377 377 379 379 379 379 380 380 382 383
-9999 -9999 -9999 -9999 -9999 359 359 359 360 362 362 362 363 364 364 364 364 365 365 365 364 364 365 365 365 365 364 364 366 367 367 367 367 366 366 365 366 366 366 366 366 366 366 366 366 366 367 367 367 367 367 366 367 368 368 368 368 368 368 368 368 370 370 370 370 372 372 372 372 373 373 372 373 374 374 374 375 376 376 377 377 377 378 379 379 379 380 380 381 383 383
-9999 -9999 -9999 -9999 -9999 -9999 360 361 361 361 361 363 364 364 364 364 364 365 365 365 365 364 365 365 365 365 365 364 366 367 367 367 366 366 365 365 365 365 366 366 366 366 366 366 366 367 367 367 367 367 367 368 368 368 367 368 368 368 368 368 369 370 370 370 370 371 372 372 372 373 373 373 373 374 374 374 375 376 376 377 377 377 379 379 379 380 380 381 381 383 383
-9999 -9999 -9999 -9999 -9999 -9999 -9999 -9999 361 361 361 362 364 364 364 364 365 365 365 365 365 365 365 365 365 365 365 364 366 366 367 366 366 366 365 365 365 365 366 366 366 366 366 367 367 367 367 367 367 367 368 368 368 368 368 368 367 368 369 369 369 369 370 370 371 371 372 372 372 373 373 373 373 374 374 374 375 376 376 377 377 378 378 380 380 381 381 381 383 383 383
-9999 -9999 -9999 -9999 -9999 -9999 -9999 -9999 -9999 361 361 362 364 364 364 364 365 366 366 366 367 366 365 365 365 365 365 365 365 366 366 366 365 365 365 365 366 366 366 366 366 366 367 367 367 367 367 367 367 368 368 368 367 367 367 367 367 367 367 369 369 369 370 370 370 371 372 372 373 374 374 374 374 374 374 374 376 376 377 377 377 379 380 380 381 381 381 381 383 383 383
-9999 -9999 -9999 -9999 -9999 -9999 -9999 -9999 -9999 -9999 361 362 363 364 364 364 366 366 366 367 367 366 366 367 366 366 365 366 366 366 366 366 366 365 365 366 366 366 366 366 366 366 367 367 367 367 367 368 368 368 368 368 367 367 367 367 368 368 368 368 369 369 369 370 371 372 373 373 373 373 373 373 374 375 376 376 375 376 377 377 378 379 380 381 381 381 381 382 383 384 385
-9999 -9999 -9999 -9999 -9999 -9999 -9999 -9999 -9999 -9999 -9999 -9999 363 364 364 364 366 366 366 367 367 368 368 368 367 367 366 367 367 367 367 367 367 367 366 367 367 367 367 366 366 367 367 367 367 367 367 368 368 368 368 367 367 367 368 368 368 368 368 368 368 369 370 370 372 372 372 373 373 374 374 374 375 376 377 377 377 376 378 378 379 379 380 381 381 381 382 382 384 385 385
-9999 -9999 -9999 -9999 -9999 -9999 -9999 -9999 -9999 -9999 -9999 -9999 -9999 364 364 366 366 366 366 367 368 369 369 368 368 367 367 367 367 367 367 367 367 368 368 367 367 367 367 367 367 367 367 367 367 367 368 368 368 368 367 367 367 368 368 368 368 368 368 368 368 369 370 370 371 371 371 373 373 374 374 374 376 376 377 377 377 378 378 378 379 379 381 381 381 382 383 384 384 385 385
-9999 -9999 -9999 -9999 -9999 -9999 -9999 -9999 -9999 -9999 -9999 -9999 -9999 -9999 -9999 365 366 366 367 367 367 369 369 369 367 367 367 367 367 367 367 367 367 368 368 368 368 367 367 367 368 368 367 367 367 367 368 368 368 368 367 367 367 368 368 368 368 368 368 368 368 369 370 370 370 371 372 373 373 374 374 375 376 377 377 377 378 378 378 379 379 380 381 381 383 383 383 384 385 385 385
-9999 -9999 -9999 -9999 -9999 -9999 -9999 -9999 -9999 -9999 -9999 -9999 -9999 -9999 -9999 -9999 -9999 366 367 366 367 366 369 367 367 367 367 367 367 367 367 367 368 368 368 368 368 368 368 368 368 368 368 368 367 368 368 368 368 368 367 367 368 368 368 368 368 368 368 369 369 368 370 370 370 371 372 373 373 374 374 375 376 377 377 377 378 378 378 379 379 381 381 381 383 383 384 385 385 385 386
-9999 -9999 -9999 -9999 -9999 -9999 -9999 -9999 -9999 -9999 -9999 -9999 -9999 -9999 -9999 -9999 -9999 -9999 366 368 368 367 366 366 367 367 367 367 367 367 368 368 368 368 368 368 368 368 369 368 368 368 368 368 369 369 368 368 368 368 367 368 368 368 368 368 368 368 369 369 369 369 369 370 370 371 372 373 373 374 374 375 376 377 377 378 378 381 379 379 379 381 381 383 383 383 385 385 385 387 387
-9999 -9999 -9999 -9999 -9999 -9999 -9999 -9999 -9999 -9999 -9999 -9999 -9999 -9999 -9999 -9999 -9999 -9999 -9999 -9999 367 367 366 366 366 367 367 367 367 367 368 368 368 368 368 368 368 368 369 369 369 368 368 368 368 369 369 368 368 368 367 368 368 368 368 368 368 368 369 369 368 369 369 370 371 371 372 373 374 374 375 375 377 377 378 378 380 379 379 379 381 381 383 383 383 384 385 385 387 387 387
-9999 -9999 -9999 -9999 -9999 -9999 -9999 -9999 -9999 -9999 -9999 -9999 -9999 -9999 -9999 -9999 -9999 -9999 -9999 -9999 -9999 367 367 367 366 368 368 368 368 368 369 369 369 368 368 368 368 369 369 369 369 369 368 368 369 369 369 368 368 368 368 368 368 368 368 368 368 369 368 368 367 368 369 370 371 371 373 373 374 374 375 376 377 377 378 378 379 379 379 380 381 382 383 383 384 385 385 387 387 387 387
-9999 -9999 -9999 -9999 -9999 -9999 -9999 -9999 -9999 -9999 -9999 -9999 -9999 -9999 -9999 -9999 -9999 -9999 -9999 -9999 -9999 -9999 -9999 367 368 368 368 368 368 368 369 369 369 369 369 369 368 369 369 369 369 369 369 369 369 369 369 369 369 369 369 369 368 368 368 368 368 369 368 367 368 369 369 370 371 371 373 373 374 375 375 377 377 378 378 379 379 379 382 381 382 383 383 384 384 385 386 387 387 387 388
-9999 -9999 -9999 -9999 -9999 -9999 -9999 -9999 -9999 -9999 -9999 -9999 -9999 -9999 -9999 -9999 -9999 -9999 -9999 -9999 -9999 -9999 -9999 -9999 368 368 368 368 368 368 369 369 369 369 369 369 370 370 370 370 369 369 369 370 370 370 369 369 369 369 370 369 369 368 368 368 368 369 369 369 369 369 369 370 371 371 373 374 374 375 376 377 377 378 378 380 381 382 382 383 383 385 385 384 385 386 387 387 388 388 388
-9999 -9999 -9999 -9999 -9999 -9999 -9999 -9999 -9999 -9999 -9999 -9999 -9999 -9999 -9999 -9999 -9999 -9999 -9999 -9999 -9999 -9999 -9999 -9999 -9999 -9999 368 368 368 369 369 369 369 369 369 369 370 370 370 370 370 369 369 370 370 370 370 369 369 369 370 370 370 369 369 368 368 369 369 369 369 369 370 371 371 372 373 374 375 375 377 378 379 379 380 380 382 382 383 383 383 384 385 385 386 386 387 388 388 388 390
-9999 -9999 -9999 -9999 -9999 -9999 -9999 -9999 -9999 -9999 -9999 -9999 -9999 -9999 -9999 -9999 -9999 -9999 -9999 -9999 -9999 -9999 -9999 -9999 -9999 -9999 -9999 369 369 370 370 370 370 369 369 371 370 370 370 370 370 370 370 370 370 370 370 370 370 371 370 370 370 370 370 369 370 370 370 370 370 370 370 371 373 373 374 374 375 375 377 378 379 380 380 382 382 383 383 383 384 385 386 386 386 386 388 388 388 389 391
-9999 -9999 -9999 -9999 -9999 -9999 -9999 -9999 -9999 -9999 -9999 -9999 -9999 -9999 -9999 -9999 -9999 -9999 -9999 -9999 -9999 -9999 -9999 -9999 -9999 -9999 -9999 -9999 -9999 370 370 370 370 370 370 370 371 371 370 371 370 370 370 371 371 370 370 370 370 371 371 371 371 371 370 371 371 370 370 370 371 371 372 373 373 374 374 375 375 377 377 378 379 380 382 382 383 383 383 384 385 386 386 386 386 388 388 388 389 390 391
-9999 -9999 -9999 -9999 -9999 -9999 -9999 -9999 -9999 -9999 -9999 -9999 -9999 -9999 -9999 -9999 -9999 -9999 -9999 -9999 -9999 -9999 -9999 -9999 -9999 -9999 -9999 -9999 -9999 -9999 371 371 371 371 370 371 371 371 371 371 371 371 371 371 371 371 371 370 371 371 371 371 371 371 371 372 372 372 372 372 372 372 373 373 374 374 375 375 377 377 378 378 379 379 382 382 383 383 384 384 384 386 386 387 387 388 388 389 390 391 392
-9999 -9999 -9999 -9999 -9999 -9999 -9999 -9999 -9999 -9999 -9999 -9999 -9999 -9999 -9999 -9999 -9999 -9999 -9999 -9999 -9999 -9999 -9999 -9999 -9999 -9999 -9999 -9999 -9999 -9999 -9999 -9999 371 371 371 372 371 371 371 371 371 372 372 372 372 372 372 372 372 373 371 371 371 371 371 371 372 372 372 373 373 373 373 374 374 375 375 377 377 378 378 379 379 380 381 383 383 384 384 385 386 386 387 387 388 389 389 389 390 392 392
-9999 -9999 -9999 -9999 -9999 -9999 -9999 -9999 -9999 -9999 -9999 -9999 -9999 -9999 -9999 -9999 -9999 -9999 -9999 -9999 -9999 -9999 -9999 -9999 -9999 -9999 -9999 -9999 -9999 -9999 -9999 -9999 -9999 371 371 372 372 372 372 371 371 372 372 372 372 372 372 372 372 373 372 372 372 372 372 372 373 373 373 373 374 374 374 375 375 375 377 377 378 378 379 379 380 381 382 382 384 384 385 386 387 387 388 388 389 389 389 391 392 392 392
-9999 -9999 -9999 -9999 -9999 -9999 -9999 -9999 -9999 -9999 -9999 -9999 -9999 -9999 -9999 -9999 -9999 -9999 -9999 -9999 -9999 -9999 -9999 -9999 -9999 -9999 -9999 -9999 -9999 -9999 -9999 -9999 -9999 -9999 -9999 372 372 372 372 372 372 372 372 372 372 372 372 372 372 373 373 373 373 373 373 372 372 374 374 374 374 374 375 376 377 377 378 378 378 379 380 381 382 382 384 384 384 385 386 387 387 388 389 389 389 391 391 392 392 393 393
-9999 -9999 -9999 -9999 -9999 -9999 -9999 -9999 -9999 -9999 -9999 -9999 -9999 -9999 -9999 -9999 -9999 -9999 -9999 -9999 -9999 -9999 -9999 -9999 -9999 -9999 -9999 -9999 -9999 -9999 -9999 -9999 -9999 -9999 -9999 -9999 372 372 372 373 372 373 373 373 374 373 373 373 372 374 374 374 374 374 374 374 374 374 374 375 376 376 376 377 377 378 378 379 379 381 381 382 382 383 384 384 386 386 387 387 387 389 389 389 390 391 391 393 393 393 394
-9999 -9999 -9999 -9999 -9999 -9999 -9999 -9999 -9999 -9999 -9999 -9999 -9999 -9999 -9999 -9999 -9999 -9999 -9999 -9999 -9999 -9999 -9999 -9999 -9999 -9999 -9999 -9999 -9999 -9999 -9999 -9999 -9999 -9999 -9999 -9999 -9999 -9999 373 373 374 374 374 374 374 374 373 373 374 374 374 374 374 374 374 374 374 375 375 376 376 377 377 378 378 378 379 379 381 381 382 382 383 383 385 386 387 387 387 388 388 388 390 390 391 392 393 393 393 395 396
-9999 -9999 -9999 -9999 -9999 -9999 -9999 -9999 -9999 -9999 -9999 -9999 -9999 -9999 -9999 -9999 -9999 -9999 -9999 -9999 -9999 -9999 -9999 -9999 -9999 -9999 -9999 -9999 -9999 -9999 -9999 -9999 -9999 -9999 -9999 -9999 -9999 -9999 -9999 373 374 374 374 374 374 374 374 374 375 374 374 374 375 375 375 375 375 375 376 376 377 377 378 378 378 379 379 381 381 382 382 383 383 385 385 387 387 388 388 388 388 390 390 391 392 392 393 394 394 396 396
-9999 -9999 -9999 -9999 -9999 -9999 -9999 -9999 -9999 -9999 -9999 -9999 -9999 -9999 -9999 -9999 -9999 -9999 -9999 -9999 -9999 -9999 -9999 -9999 -9999 -9999 -9999 -9999 -9999 -9999 -9999 -9999 -9999 -9999 -9999 -9999 -9999 -9999 -9999 -9999 -9999 374 374 374 374 374 375 375 376 376 376 376 376 376 375 375 376 376 376 376 377 377 378 379 379 381 381 381 382 382 383 384 385 385 386 386 388 388 388 389 390 390 392 392 392 392 394 394 395 397 397
-9999 -9999 -9999 -9999 -9999 -9999 -9999 -9999 -9999 -9999 -9999 -9999 -9999 -9999 -9999 -9999 -9999 -9999 -9999 -9999 -9999 -9999 -9999 -9999 -9999 -9999 -9999 -9999 -9999 -9999 -9999 -9999 -9999 -9999 -9999 -9999 -9999 -9999 -9999 -9999 -9999 -9999 -9999 375 375 375 375 375 375 376 376 376 376 377 377 377 377 377 377 377 377 379 379 379 380 380 381 381 381 382 384 385 385 386 386 387 387 387 390 390 391 391 392 392 393 393 394 394 396 397 397
-9999 -9999 -9999 -9999 -9999 -9999 -9999 -9999 -9999 -9999 -9999 -9999 -9999 -9999 -9999 -9999 -9999 -9999 -9999 -9999 -9999 -9999 -9999 -9999 -9999 -9999 -9999 -9999 -9999 -9999 -9999 -9999 -9999 -9999 -9999 -9999 -9999 -9999 -9999 -9999 -9999 -9999 -9999 -9999 -9999 -9999 -9999 375 375 376 377 377 377 377 377 377 378 378 378 378 379 379 379 380 380 381 381 382 383 385 385 386 386 386 387 387 387 388 389 391 391 391 393 393 393 393 395 396 396 398 398
