Demos/Rbased/CrashCourse/data/climate_processing/PresentLayers/Pyxidanthera_brevifolia/bio_3.asc
NCOLS 206 
NROWS 160 
XLLCORNER -80.3750000001568 
YLLCORNER 34.1833333333017 
CELLSIZE 0.00833333333316143 
NODATA_value -9999 
[rows 66 to 87 of 160, columns 98 to 146 of 206]
39.4829330444336 39.3825302124023 39.4076309204102 39.3143157958984 39.2142143249512 39.3574333190918 39.3072319030762 39.3574333190918 39.3756294250488 39.3504524230957 39.3181800842285 39.2497482299805 39.2821311950684 39.3323287963867 39.3323287963867 39.3504524230957 39.3756294250488 39.3504524230957 39.4511566162109 39.4511566162109 39.4511566162109 39.4763336181641 39.4763336181641 39.5959625244141 39.437686920166 39.4308967590332 39.2857131958008 39.3546752929688 39.4817085266113 39.3546752929688 39.3363761901855 39.285717010498 39.3110466003418 39.3363723754883 39.2350578308105 39.2097282409668 39.2097282409668 39.2097282409668 39.0404014587402 38.9393920898438 38.9898948669434 38.9646453857422 38.9898948669434 38.9898948669434 38.8888854980469 38.9989852905273 39.1006088256836 38.9735794067383 38.8973579406738
39.4894905090332 39.4578323364258 39.4578323364258 39.3643684387207 39.2892913818359 39.3393402099609 39.5080337524414 39.5331344604492 39.5015106201172 39.3504524230957 39.3072319030762 39.3504524230957 39.3252754211426 39.3756294250488 39.3252754211426 39.3504524230957 39.3252754211426 39.3504524230957 39.5015106201172 39.5266876220703 39.5266876220703 39.5518608093262 39.4511566162109 39.4511566162109 39.4696960449219 39.5643348693848 39.6341438293457 39.3870315551758 39.4376907348633 39.3870315551758 39.361701965332 39.3870315551758 39.3363723754883 39.3870315551758 39.361701965332 39.3110427856445 39.260383605957 39.2603874206543 39.0656547546387 39.1414108276367 39.0656547546387 39.0151481628418 38.9646453857422 38.8888854980469 38.981761932373 39.1006088256836 39.1006088256836 39.0927619934082 38.9989852905273
39.3962097167969 39.4394416809082 39.5080337524414 39.4894905090332 39.4394416809082 39.4829330444336 39.5395393371582 39.6335372924805 39.4644660949707 39.4578323364258 39.4578323364258 39.4511566162109 39.3504524230957 39.3504524230957 39.3000984191895 39.3434371948242 39.3686866760254 39.400806427002 39.400806427002 39.4949493408203 39.5266876220703 39.6022148132324 39.5266876220703 39.5707054138184 39.6403274536133 39.5202026367188 39.5136795043945 39.5136795043945 39.564338684082 39.5136795043945 39.463020324707 39.4123611450195 39.4123611450195 39.3870315551758 39.3870315551758 39.361701965332 39.3110427856445 39.2857131958008 39.1666641235352 39.1414108276367 39.1414108276367 39.0656547546387 39.0404014587402 39.0324211120605 39.151424407959 39.176830291748 39.1260147094727 39.1006088256836 39.0752029418945
39.6457099914551 39.614616394043 39.5582313537598 39.4829330444336 39.5145149230957 39.4578323364258 39.4578323364258 39.5080337524414 39.5895919799805 39.5582313537598 39.4578323364258 39.4076309204102 39.5015106201172 39.4511566162109 39.4949493408203 39.5896682739258 39.5896682739258 39.5454521179199 39.4763336181641 39.4191932678223 39.4763336181641 39.6212120056152 39.6464653015137 39.5454521179199 39.5454521179199 39.4949493408203 39.564338684082 39.564338684082 39.6149978637695 39.5390090942383 39.5390090942383 39.463020324707 39.4123611450195 39.463020324707 39.4376907348633 39.3870315551758 39.3870315551758 39.2857131958008 39.3181800842285 39.1919174194336 39.1414108276367 39.1666641235352 39.1843948364258 39.1337356567383 39.2276420593262 39.2276420593262 39.176830291748 39.0752029418945 39.1006088256836
39.6956100463867 39.5708618164062 39.5645637512207 39.5833320617676 39.564567565918 39.5582313537598 39.5833320617676 39.5331344604492 39.6837348937988 39.7339363098145 39.658634185791 39.5582313537598 39.5266876220703 39.5707054138184 39.5202026367188 39.4696960449219 39.5454521179199 39.5454521179199 39.5202026367188 39.5202026367188 39.6212120056152 39.6212120056152 39.6717147827148 39.5959587097168 39.5454521179199 39.6656532287598 39.6149940490723 39.6149978637695 39.6149978637695 39.5390090942383 39.5896644592285 39.4883499145508 39.4883499145508 39.5136795043945 39.463020324707 39.4376907348633 39.4376907348633 39.3870315551758 39.3181800842285 39.2929267883301 39.1666641235352 39.1919174194336 39.2097244262695 39.2784538269043 39.2784538269043 39.151424407959 39.1260147094727 39.1260147094727 39.2201843261719
39.7205581665039 39.5895881652832 39.5895881652832 39.658634185791 39.7088356018066 39.658634185791 39.658634185791 39.7088356018066 39.7590370178223 39.7339363098145 39.6837348937988 39.6525650024414 39.6464653015137 39.6212120056152 39.5959587097168 39.6464614868164 39.6212120056152 39.6464614868164 39.6273918151855 39.6525688171387 39.6525688171387 39.6464614868164 39.6717147827148 39.6464653015137 39.6464614868164 39.7163124084473 39.640323638916 39.5390090942383 39.640323638916 39.5390090942383 39.6149940490723 39.4696960449219 39.5390090942383 39.5136795043945 39.5136795043945 39.463020324707 39.5136795043945 39.4376907348633 39.4376907348633 39.3181800842285 39.2424240112305 39.2857131958008 39.2857131958008 39.3292694091797 39.3038635253906 39.2784576416016 39.2276420593262 39.2966384887695 39.2711524963379
39.7455101013184 39.6457099914551 39.5895881652832 39.6335334777832 39.7590370178223 39.7590370178223 39.658634185791 39.658634185791 39.7590370178223 39.8092346191406 39.7590370178223 39.6084327697754 39.6525688171387 39.6777420043945 39.6717147827148 39.6464614868164 39.6273918151855 39.6777420043945 39.6777420043945 39.7029190063477 39.7029190063477 39.6525688171387 39.6717147827148 39.6717147827148 39.6717147827148 39.7669715881348 39.6656532287598 39.6656532287598 39.6656532287598 39.640323638916 39.5959587097168 39.4949493408203 39.564338684082 39.5390090942383 39.5136795043945 39.5390090942383 39.4883499145508 39.5136795043945 39.3939361572266 39.4630165100098 39.4123573303223 39.361701965332 39.2857131958008 39.3546752929688 39.3546752929688 39.2784576416016 39.2530479431152 39.3221206665039 39.2966346740723
39.8648643493652 39.7897911071777 39.7590370178223 39.6837348937988 39.7088356018066 39.6896896362305 39.6837348937988 39.6335334777832 39.658634185791 39.7841377258301 39.8092384338379 39.8539772033691 39.778450012207 39.7532730102539 39.6777420043945 39.6777420043945 39.7029190063477 39.7029190063477 39.7029190063477 39.7029190063477 39.7280960083008 39.7280960083008 39.6969680786133 39.7474746704102 39.7222213745117 39.6717147827148 39.6212120056152 39.6909828186035 39.6656532287598 39.6909828186035 39.6212120056152 39.5454521179199 39.4696960449219 39.4696960449219 39.4444427490234 39.4949493408203 39.4883499145508 39.5136795043945 39.4883460998535 39.4630165100098 39.437686920166 39.437686920166 39.4123573303223 39.4123573303223 39.3363723754883 39.3292694091797 39.3038635253906 39.4240570068359 39.3985748291016
39.7704582214355 39.79541015625 39.7647666931152 39.7590370178223 39.6837348937988 39.714714050293 39.7841377258301 39.6837348937988 39.6837348937988 39.7088356018066 39.8092384338379 39.8343391418457 39.9043312072754 39.7532730102539 39.7280960083008 39.7532730102539 39.7532730102539 39.7280960083008 39.7532730102539 39.7280960083008 39.778450012207 39.7280960083008 39.7727241516113 39.8232307434082 39.7727279663086 39.7474746704102 39.6969680786133 39.6969680786133 39.5959587097168 39.6464614868164 39.6464614868164 39.5707054138184 39.4949493408203 39.4949493408203 39.4949493408203 39.4949493408203 39.5896644592285 39.539005279541 39.4883460998535 39.4883460998535 39.437686920166 39.4630165100098 39.3870315551758 39.3870315551758 39.361701965332 39.3110427856445 39.3800811767578 39.3800811767578 39.525993347168
39.9201583862305 39.8453102111816 39.7897911071777 39.7397422790527 39.6896896362305 39.7339363098145 39.7841377258301 39.714714050293 39.8092346191406 39.6837348937988 39.7590370178223 39.8539772033691 39.9295043945312 39.8791542053223 39.8036231994629 39.778450012207 39.828800201416 39.778450012207 39.7532730102539 39.7532730102539 39.8036270141602 39.7532730102539 39.7280960083008 39.7979774475098 39.7979774475098 39.7727241516113 39.7474746704102 39.6464653015137 39.6212120056152 39.6464614868164 39.6717147827148 39.6212120056152 39.5454521179199 39.5202026367188 39.4696960449219 39.6149940490723 39.5643348693848 39.5643348693848 39.5136756896973 39.4883460998535 39.4630165100098 39.4123573303223 39.4883460998535 39.4630165100098 39.3870315551758 39.4123573303223 39.3870315551758 39.4817085266113 39.4308967590332
39.7897911071777 39.8952102661133 39.8702583312988 39.7455101013184 39.7704582214355 39.714714050293 39.6837348937988 39.7841377258301 39.7647666931152 39.8092384338379 39.8791542053223 39.8539772033691 39.9295043945312 39.9798583984375 39.8539772033691 39.828800201416 39.8539772033691 39.828800201416 39.778450012207 39.778450012207 39.828800201416 39.7532730102539 39.7532730102539 39.7280960083008 39.7280960083008 39.7280960083008 39.7280960083008 39.6969680786133 39.6717147827148 39.6717147827148 39.6717147827148 39.6464614868164 39.5959587097168 39.5454521179199 39.5707054138184 39.6656532287598 39.640323638916 39.6149940490723 39.5643348693848 39.5896644592285 39.4883460998535 39.5643348693848 39.437686920166 39.5136756896973 39.4883460998535 39.4630165100098 39.4123573303223 39.437686920166 39.4817085266113
39.7397422790527 39.7455101013184 39.7704582214355 39.8453102111816 39.79541015625 39.7897911071777 39.714714050293 39.7647666931152 39.8845405578613 39.9096412658691 39.9546813964844 39.9546813964844 39.9043312072754 39.9546813964844 39.9295043945312 39.8791542053223 39.8539772033691 39.828800201416 39.8036231994629 39.828800201416 39.828800201416 39.7532730102539 39.7532730102539 39.7532730102539 39.7280960083008 39.7280960083008 39.7029190063477 39.7727241516113 39.7727241516113 39.7222213745117 39.7474746704102 39.7727241516113 39.6717147827148 39.6717147827148 39.7669677734375 39.741641998291 39.6149940490723 39.6656532287598 39.6149940490723 39.6149940490723 39.5896644592285 39.6149940490723 39.4883460998535 39.4883460998535 39.5136756896973 39.5896644592285 39.4630165100098 39.4630165100098 39.5325202941895
39.7397422790527 39.7647666931152 39.7455101013184 39.9149131774902 39.9149131774902 39.8845405578613 39.8594398498535 39.8343391418457 39.8343391418457 39.8845405578613 39.7841377258301 39.9043312072754 39.9043312072754 39.9295082092285 39.9295082092285 39.7841377258301 39.828800201416 39.778450012207 39.8036231994629 39.8036270141602 39.8539772033691 39.7532730102539 39.8036270141602 39.7280960083008 39.8036270141602 39.778450012207 39.7532730102539 39.6525688171387 39.6273918151855 39.6022148132324 39.6969680786133 39.6969680786133 39.7669677734375 39.7669677734375 39.7163124084473 39.7163124084473 39.6909828186035 39.6656532287598 39.6909828186035 39.6909828186035 39.640323638916 39.539005279541 39.539005279541 39.5896644592285 39.5136756896973 39.5833320617676 39.5833320617676 39.5833320617676 39.5325202941895
39.9399375915527 39.9149131774902 39.9649658203125 39.8702583312988 39.9649658203125 39.8398399353027 39.8398399353027 39.9096412658691 39.9096412658691 39.9096412658691 39.9096412658691 39.8845405578613 39.8845405578613 39.8594398498535 39.8092384338379 39.9295082092285 40 39.7280960083008 39.8232307434082 39.8737373352051 39.8232307434082 39.9747467041016 39.8737373352051 39.8989906311035 39.7532768249512 39.7532730102539 39.7532730102539 39.7474746704102 39.797981262207 39.7474746704102 39.7727279663086 39.797981262207 39.797981262207 39.7922973632812 39.7669677734375 39.741641998291 39.7163124084473 39.6909828186035 39.7416381835938 39.6909828186035 39.7103652954102 39.6909828186035 39.6849594116211 39.6849594116211 39.7103652954102 39.6849594116211 39.6595497131348 39.6087379455566 39.6595497131348
39.9201622009277 39.9649658203125 39.9201622009277 39.8453102111816 39.8898887634277 39.8898887634277 39.8148155212402 39.8648643493652 39.8398399353027 39.9849395751953 40.0100402832031 40.0302124023438 39.9546852111816 39.9798622131348 39.9295082092285 39.9546852111816 39.9043312072754 40 39.9747467041016 39.8484840393066 39.8484840393066 39.924243927002 39.8989906311035 39.8288040161133 39.8288040161133 39.8539810180664 39.778450012207 39.7532730102539 39.8232307434082 39.8232307434082 39.797981262207 39.8232307434082 39.797981262207 39.7474746704102 39.7222213745117 39.7222213745117 39.842960357666 39.8882102966309 39.7923011779785 39.8373985290527 39.7865829467773 39.7163124084473 39.6656532287598 39.6656532287598 39.7103652954102 39.6849594116211 39.7103652954102 39.7357711791992 39.7103652954102
39.989990234375 39.8453102111816 39.9149169921875 39.9149169921875 39.79541015625 39.9347381591797 39.9347381591797 39.9598388671875 39.9347381591797 39.9849395751953 39.9347381591797 39.9096374511719 39.9546852111816 39.9043312072754 39.8791542053223 39.9798622131348 39.9798622131348 39.8791542053223 39.9494972229004 39.924243927002 39.9494934082031 39.8539810180664 39.8539810180664 39.8288040161133 39.8539810180664 39.7088356018066 39.8036270141602 39.728099822998 39.7280960083008 39.7280960083008 39.8737373352051 39.8989906311035 39.8484840393066 39.797981262207 39.7727279663086 39.8176307678223 39.8176307678223 39.8176307678223 39.7669715881348 39.6909828186035 39.6909828186035 39.7163124084473 39.7163124084473 39.7163124084473 39.6656532287598 39.7357711791992 39.7103652954102 39.7611770629883 39.7865829467773
40.0351409912109 39.93994140625 39.9649658203125 39.9649658203125 39.9849395751953 39.9598388671875 39.8845367431641 39.9096374511719 39.8845367431641 39.9598388671875 39.8845367431641 39.9096374511719 39.9347381591797 39.8845367431641 39.9096374511719 39.9347381591797 39.9096374511719 39.9546852111816 39.8539810180664 39.9494972229004 39.9494972229004 39.8791580200195 39.9043312072754 39.8288040161133 39.7339363098145 39.7339363098145 39.7088356018066 39.778450012207 39.7532730102539 39.8036270141602 39.7532730102539 39.7280960083008 39.9189453125 39.8936157226562 39.9189453125 39.842960357666 39.8176307678223 39.7923011779785 39.7669715881348 39.7923011779785 39.7923011779785 39.7669715881348 39.7923011779785 39.7669715881348 39.817626953125 39.7923011779785 39.741641998291 39.8628044128418 39.9082565307617
40.0351409912109 40.0602416992188 40.0602416992188 39.93994140625 40.0100402832031 39.9849395751953 39.9347381591797 39.9347381591797 39.9598388671875 39.9598388671875 40.0553855895996 39.9598388671875 39.9598388671875 39.9849395751953 39.9149169921875 39.9096374511719 39.9096374511719 39.9096374511719 39.9043312072754 39.9043312072754 39.9043312072754 39.9546852111816 39.8288040161133 39.8288040161133 39.7841339111328 39.7841339111328 39.7841339111328 39.7841339111328 39.8288040161133 39.7532730102539 39.778450012207 39.8484840393066 39.8484840393066 39.9696044921875 39.9949340820312 39.9949340820312 39.8682861328125 39.9442749023438 39.8936157226562 39.8936157226562 39.8682861328125 39.8682861328125 39.8429565429688 39.7923011779785 39.7923011779785 39.8429565429688 39.939022064209 39.8628044128418 39.9136161804199
40.0602416992188 40.0351409912109 40.0602416992188 39.9149169921875 39.9849395751953 39.9096374511719 39.8594360351562 39.9347381591797 39.8845405578613 39.9598388671875 39.9598388671875 39.9347381591797 39.9096374511719 39.8845405578613 39.9598388671875 39.9598388671875 39.9849395751953 40.0302124023438 39.8594360351562 40.0050354003906 40.0050354003906 39.9546852111816 39.8845367431641 39.8791542053223 39.9295043945312 39.9043312072754 39.8791542053223 39.8539772033691 39.9494972229004 39.778450012207 39.778450012207 39.9494972229004 39.924243927002 39.924243927002 39.9949340820312 39.9949340820312 39.9696044921875 39.9949340820312 39.9696044921875 39.9442749023438 39.8936157226562 39.9189453125 39.8936157226562 39.8936157226562 39.817626953125 39.8882102966309 39.9136161804199 39.9644317626953 39.9644317626953
40.0602416992188 40.0351409912109 40.0602416992188 39.889892578125 39.9598388671875 39.9096412658691 39.9598388671875 39.9347381591797 39.9347381591797 39.8648643493652 39.8648643493652 39.9598388671875 39.9598388671875 39.9347381591797 39.9347381591797 39.9096374511719 39.9347381591797 39.9849395751953 40.0100402832031 40.0302124023438 39.8594360351562 40.0302124023438 39.9546813964844 39.8343353271484 39.9043312072754 39.9043312072754 39.9043312072754 39.9546813964844 39.9295043945312 39.9494972229004 39.924243927002 39.9747467041016 39.9494972229004 39.9494972229004 39.8989906311035 39.9949340820312 39.9949340820312 39.9696044921875 39.9949340820312 39.9696044921875 39.9696044921875 39.9442749023438 39.9442749023438 39.9696044921875 40.0152435302734 39.939022064209 39.9898376464844 39.9898376464844 39.9898376464844
40.0400428771973 40.0351409912109 40.0100402832031 39.9849395751953 39.9849395751953 39.9347381591797 39.9598388671875 39.9347381591797 39.9598388671875 39.9347381591797 39.9347381591797 39.9598388671875 39.9347381591797 39.8398399353027 39.8398399353027 39.8898887634277 39.9347381591797 39.9347381591797 39.9849395751953 40.0100402832031 40.0805625915527 40.0805625915527 39.9798583984375 39.9546813964844 39.9546813964844 39.9295043945312 39.9295043945312 39.9295043945312 39.9295043945312 39.9747505187988 40 39.9494972229004 39.8989906311035 39.924243927002 39.924243927002 39.8989906311035 39.9696044921875 40.020263671875 40.020263671875 39.9949340820312 40.0455932617188 40.020263671875 40.1676826477051 40.116870880127 40.0660552978516 40.0660552978516 40.0660552978516 40.0660552978516 40.0406494140625
40.0400428771973 40.1057395935059 40.1057395935059 40.0351409912109 40.0100402832031 39.9096412658691 39.9347381591797 39.9849395751953 39.8845367431641 39.9096374511719 39.9096374511719 39.8648643493652 39.8398399353027 39.8398399353027 39.9149169921875 39.79541015625 39.9149131774902 39.9149131774902 39.9096374511719 40.0100402832031 40.0351409912109 39.9849395751953 39.9798583984375 39.9798583984375 39.9295043945312 39.9043312072754 39.9546813964844 39.9546813964844 39.9546813964844 40 40 40 39.9494972229004 39.924243927002 39.9494972229004 39.9494972229004 39.9494972229004 40 40.0455932617188 39.9494934082031 40.0709190368652 40.0709190368652 40.1676826477051 40.1676826477051 40.142276763916 40.142276763916 40.116870880127 40.0406494140625 40.0660552978516
