Demos/Rbased/CrashCourse/data/climate_processing/PresentLayers/Pyxidanthera_brevifolia/bio_3.asc
NCOLS 206 
NROWS 160 
XLLCORNER -80.3750000001568 
YLLCORNER 34.1833333333017 
CELLSIZE 0.00833333333316143 
NODATA_value -9999 
[rows 88 to 109 of 160, columns 0 to 48 of 206]
-9999 -9999 -9999 -9999 -9999 -9999 -9999 -9999 -9999 -9999 -9999 -9999 -9999 -9999 -9999 -9999 -9999 39.2022361755371 39.151424407959 39.1337394714355 39.2350540161133 39.2350578308105 39.1666641235352 39.3181838989258 39.2929267883301 39.2929267883301 39.2245712280273 39.2245712280273 39.5202026367188 39.4191932678223 39.400806427002 39.5015106201172 39.4511604309082 39.4191932678223 39.3939399719238 39.3756294250488 39.3252792358398 39.3939399719238 39.3434371948242 39.3686866760254 39.343433380127 39.4259834289551 39.4763374328613 39.4511604309082 39.4259834289551 39.5770416259766 39.4829330444336 39.5833320617676 39.664665222168
-9999 -9999 -9999 -9999 -9999 -9999 -9999 -9999 -9999 -9999 -9999 -9999 -9999 -9999 -9999 -9999 39.176830291748 39.1260185241699 39.2276420593262 39.2097244262695 39.2171745300293 39.2171745300293 39.1843948364258 39.2676773071289 39.343433380127 39.343433380127 39.2929306030273 39.3870315551758 39.2676773071289 39.3001022338867 39.3001022338867 39.432731628418 39.4076309204102 39.400806427002 39.3686866760254 39.3252792358398 39.432731628418 39.3252792358398 39.3939399719238 39.3252792358398 39.2929306030273 39.4259834289551 39.4511604309082 39.5518646240234 39.5770416259766 39.4578323364258 39.6084327697754 39.614616394043 39.714714050293
-9999 -9999 -9999 -9999 -9999 -9999 -9999 -9999 -9999 -9999 -9999 -9999 -9999 -9999 -9999 39.260383605957 39.260383605957 39.260383605957 39.2171745300293 39.2424240112305 39.2424240112305 39.2749252319336 39.2749252319336 39.3001022338867 39.3756294250488 39.400806427002 39.3504524230957 39.3252792358398 39.3756294250488 39.432731628418 39.4076309204102 39.432731628418 39.4076309204102 39.3504524230957 39.3939399719238 39.3939399719238 39.3574295043945 39.400806427002 39.3252792358398 39.350456237793 39.4191932678223 39.4444427490234 39.4444427490234 39.5266876220703 39.5266876220703 39.5080299377441 39.5833320617676 39.5266876220703 39.5833320617676
-9999 -9999 -9999 -9999 -9999 -9999 -9999 -9999 -9999 -9999 -9999 -9999 -9999 -9999 39.1590690612793 39.1666679382324 39.2097244262695 39.2171745300293 39.1666679382324 39.2857131958008 39.2424240112305 39.2929306030273 39.2424240112305 39.1919174194336 39.2749252319336 39.2749252319336 39.3574295043945 39.3825302124023 39.3574295043945 39.3001022338867 39.2749252319336 39.5266876220703 39.5080337524414 39.432731628418 39.3323287963867 39.4259834289551 39.3323287963867 39.4763374328613 39.4511604309082 39.5015106201172 39.5015106201172 39.5518646240234 39.5202026367188 39.4511604309082 39.5015106201172 39.5266876220703 39.533130645752 39.3574295043945 39.5080299377441
-9999 -9999 -9999 -9999 -9999 -9999 -9999 -9999 -9999 -9999 -9999 -9999 -9999 39.1006126403809 39.1337394714355 39.1590690612793 39.083080291748 39.1084098815918 39.260383605957 39.3110427856445 39.2857131958008 39.2424240112305 39.2097282409668 39.184398651123 39.2424240112305 39.3686866760254 39.3939399719238 39.1742210388184 39.1742210388184 39.1742210388184 39.1742210388184 39.3252792358398 39.3504524230957 39.4829330444336 39.5582313537598 39.4394378662109 39.4394416809082 39.3323287963867 39.4259834289551 39.3825302124023 39.3825302124023 39.4076309204102 39.5770416259766 39.5266876220703 39.5266876220703 39.5015106201172 39.5015106201172 39.4511604309082 39.4511604309082
-9999 -9999 -9999 -9999 -9999 -9999 -9999 -9999 -9999 -9999 -9999 -9999 39.1006126403809 39.0070915222168 39.0070915222168 39.0577507019043 39.083080291748 39.2350578308105 39.2097282409668 39.1337394714355 39.2276420593262 39.2350540161133 39.2097244262695 39.2350540161133 39.2424240112305 39.3363723754883 39.260383605957 39.2929306030273 39.3363723754883 39.3363723754883 39.343433380127 39.4444465637207 39.4444465637207 39.3756294250488 39.2821273803711 39.4076309204102 39.4394378662109 39.4644660949707 39.5080299377441 39.4578285217285 39.5080299377441 39.5015106201172 39.5015106201172 39.6525688171387 39.5770416259766 39.5266876220703 39.5015106201172 39.5015106201172 39.5582313537598
-9999 -9999 -9999 -9999 -9999 -9999 -9999 -9999 -9999 -9999 -9999 39.1084098815918 39.0577507019043 39.0752029418945 39.0752029418945 39.2022361755371 39.0070915222168 39.184398651123 39.184398651123 39.0324211120605 39.1006088256836 39.184398651123 39.2097244262695 39.3110427856445 39.3363723754883 39.260383605957 39.2857131958008 39.3110427856445 39.361701965332 39.3686866760254 39.4191932678223 39.3252754211426 39.3756294250488 39.4763336181641 39.4763336181641 39.4763336181641 39.533130645752 39.658634185791 39.5833320617676 39.5833320617676 39.6525688171387 39.6273918151855 39.6717185974121 39.7029190063477 39.6777420043945 39.7029190063477 39.533130645752 39.5266876220703 39.5582313537598
-9999 -9999 -9999 -9999 -9999 -9999 -9999 -9999 -9999 -9999 39.0324211120605 39.1084098815918 39.1337394714355 39.0577507019043 39.0577507019043 39.083080291748 39.0070915222168 39.0404052734375 39.0324211120605 39.0752029418945 38.981761932373 39.1337394714355 39.1590690612793 39.1590690612793 39.2603874206543 39.3292694091797 39.3363723754883 39.3870315551758 39.3686866760254 39.3686866760254 39.4444465637207 39.343433380127 39.343433380127 39.3939399719238 39.4696998596191 39.4511566162109 39.6273918151855 39.533130645752 39.5833320617676 39.7590370178223 39.6084327697754 39.6084327697754 39.7029190063477 39.7029190063477 39.722225189209 39.7029190063477 39.6777420043945 39.5266876220703 39.5266876220703
-9999 -9999 -9999 -9999 -9999 -9999 -9999 -9999 -9999 38.9311065673828 39.0577507019043 39.1084098815918 39.0404052734375 39.0656585693359 39.0656585693359 39.0577507019043 39.0070915222168 39.1084098815918 38.981761932373 38.9481735229492 38.9564323425293 39.0497970581055 39.0752029418945 39.2784538269043 39.176830291748 39.3110427856445 39.3363723754883 39.3363723754883 39.3363723754883 39.4376907348633 39.4123611450195 39.4376907348633 39.4376907348633 39.3686866760254 39.3686866760254 39.4191932678223 39.5015106201172 39.5331344604492 39.6084327697754 39.658634185791 39.7590370178223 39.7841377258301 39.7841377258301 39.6837348937988 39.7280960083008 39.7280960083008 39.7029190063477 39.7029190063477 39.5959625244141
-9999 -9999 -9999 -9999 -9999 -9999 -9999 -9999 39.0324211120605 39.0577507019043 39.0324211120605 38.981761932373 39.0324211120605 39.083080291748 39.0656585693359 39.0909118652344 39.0909118652344 39.0909118652344 39.0656585693359 39.1084098815918 39.1084098815918 39.1337394714355 39.1337394714355 39.2350578308105 39.2603874206543 39.2857131958008 39.3870315551758 39.3870315551758 39.463020324707 39.5643348693848 39.5136795043945 39.343433380127 39.3181838989258 39.4949493408203 39.4696960449219 39.4191932678223 39.4511566162109 39.526683807373 39.6525688171387 39.658634185791 39.7088356018066 39.7088356018066 39.8092384338379 39.7590370178223 39.6837348937988 39.6084327697754 39.7029190063477 39.6273918151855 39.5454559326172
-9999 -9999 -9999 -9999 -9999 -9999 -9999 39.159065246582 39.083080291748 39.0324211120605 39.0324211120605 39.0070915222168 39.0070915222168 39.1006126403809 39.0070915222168 39.0656585693359 39.2424240112305 39.2171745300293 39.1590690612793 39.1590690612793 39.0070915222168 39.176830291748 39.361701965332 39.3870315551758 39.260383605957 39.4123611450195 39.539005279541 39.463020324707 39.4444465637207 39.4191932678223 39.3434371948242 39.3939399719238 39.4949493408203 39.4259796142578 39.4511566162109 39.4511566162109 39.526683807373 39.4763336181641 39.6273918151855 39.6525688171387 39.6525688171387 39.658634185791 39.7590370178223 39.7590370178223 39.7590370178223 39.7088356018066 39.7029190063477 39.7029190063477 39.6525688171387
-9999 -9999 -9999 -9999 -9999 -9999 39.1084098815918 39.1161613464355 39.1161613464355 39.1161613464355 39.141414642334 39.1161613464355 39.1161613464355 38.9898986816406 38.981761932373 39.0577507019043 39.260383605957 39.2424240112305 39.1590690612793 39.1590690612793 39.1337394714355 39.2530479431152 39.184398651123 39.3870315551758 39.3181838989258 39.3434371948242 39.4191932678223 39.5136795043945 39.3939399719238 39.5202026367188 39.4696960449219 39.4949493408203 39.4259796142578 39.6464653015137 39.5770378112793 39.6273918151855 39.6273918151855 39.6525688171387 39.6525688171387 39.5518608093262 39.5707092285156 39.6525688171387 39.6335334777832 39.7339363098145 39.8539772033691 39.7590370178223 39.7339363098145 39.7841377258301 39.7339363098145
-9999 -9999 -9999 -9999 -9999 39.1260185241699 39.1006126403809 38.9898986816406 39.0909080505371 39.0735168457031 39.217170715332 39.1919212341309 39.1666679382324 39.141414642334 39.1590690612793 39.1590690612793 39.1590690612793 39.141414642334 39.2350540161133 39.260383605957 39.2097282409668 39.2530479431152 39.2350540161133 39.3870315551758 39.2929306030273 39.4123611450195 39.3434371948242 39.4883499145508 39.4376907348633 39.3686866760254 39.4696960449219 39.4696960449219 39.5201988220215 39.5959587097168 39.6777458190918 39.6777458190918 39.7280960083008 39.778450012207 39.7532730102539 39.6525688171387 39.5518608093262 39.6525688171387 39.6525688171387 39.8539772033691 39.8539772033691 39.828800201416 39.828800201416 39.8092346191406 39.8343353271484
-9999 -9999 -9999 -9999 39.0577507019043 39.0577507019043 38.981761932373 38.981761932373 39.0324211120605 39.0151519775391 38.9393920898438 39.0151519775391 39.0909080505371 39.217170715332 39.1666679382324 39.3110427856445 39.1161613464355 39.1666679382324 39.3363723754883 39.1919212341309 39.184398651123 39.2097282409668 39.260383605957 39.2424240112305 39.4376907348633 39.4883499145508 39.5896682739258 39.4696960449219 39.4696960449219 39.4949493408203 39.4949493408203 39.5390090942383 39.5201988220215 39.5707054138184 39.5266876220703 39.6022148132324 39.6525688171387 39.7029190063477 39.7532730102539 39.7280960083008 39.7029228210449 39.7029228210449 39.778450012207 39.8036270141602 39.759033203125 39.7280960083008 39.7474746704102 39.8036270141602 39.7088356018066
-9999 -9999 -9999 -9999 39.1006126403809 39.1260185241699 39.0577507019043 39.0151519775391 39.083080291748 38.9393920898438 39.0070915222168 39.0070915222168 39.0577507019043 39.0324211120605 39.1843948364258 39.2350540161133 39.2350540161133 39.2857131958008 39.285717010498 39.285717010498 39.361701965332 39.285717010498 39.2097244262695 39.3110427856445 39.4054870605469 39.4376907348633 39.4123611450195 39.5136795043945 39.5454521179199 39.4696960449219 39.5454521179199 39.4763336181641 39.5015106201172 39.6525688171387 39.6525688171387 39.6273918151855 39.7029190063477 39.7532730102539 39.7088317871094 39.7532730102539 39.7280960083008 39.7532730102539 39.6837348937988 39.6837348937988 39.7532730102539 39.5770378112793 39.6969680786133 39.6022148132324 39.7339324951172
-9999 -9999 -9999 39.0752029418945 39.1260185241699 39.0577507019043 39.1919174194336 39.1843948364258 39.0656585693359 39.083080291748 38.9989814758301 38.948169708252 39.0243873596191 39.0577507019043 39.184398651123 39.1260185241699 39.2022361755371 39.2276420593262 39.2456665039062 39.2201843261719 39.2276420593262 39.2603874206543 39.3110427856445 39.3546752929688 39.361701965332 39.4376907348633 39.419189453125 39.419189453125 39.3686866760254 39.4883499145508 39.3686866760254 39.5015106201172 39.5582313537598 39.6084327697754 39.6084327697754 39.6335334777832 39.658634185791 39.7532730102539 39.7029190063477 39.7029190063477 39.6022148132324 39.6777458190918 39.6335334777832 39.6777458190918 39.5770416259766 39.7029190063477 39.6837348937988 39.7339324951172 39.7088356018066
-9999 -9999 -9999 39.151424407959 39.2097244262695 39.141414642334 39.2857131958008 39.1843948364258 39.1843948364258 39.083080291748 39.1084098815918 38.9564323425293 38.981761932373 38.981761932373 39.0243911743164 39.1692161560059 39.1006088256836 39.1006088256836 39.2201843261719 39.1946983337402 39.1946983337402 39.285717010498 39.4123611450195 39.361701965332 39.3110427856445 39.3363723754883 39.4123611450195 39.4123611450195 39.343433380127 39.419189453125 39.4763336181641 39.5015106201172 39.5015106201172 39.6273918151855 39.5582313537598 39.5015106201172 39.5518646240234 39.6084327697754 39.6273918151855 39.6464653015137 39.5959587097168 39.7029190063477 39.5833320617676 39.6777458190918 39.5015106201172 39.7029190063477 39.658634185791 39.6335334777832 39.7280960083008
-9999 -9999 -9999 39.2276420593262 39.2350540161133 39.2676773071289 39.1666679382324 39.2097244262695 39.1666679382324 39.1666679382324 39.141414642334 39.159065246582 38.9564361572266 38.8973579406738 39.0243911743164 39.0752029418945 39.2276420593262 39.1590690612793 39.2097244262695 39.2276420593262 39.2022361755371 39.2603874206543 39.3686866760254 39.3870315551758 39.3110427856445 39.285717010498 39.2929267883301 39.3939361572266 39.4949493408203 39.3939361572266 39.419189453125 39.419189453125 39.6464653015137 39.6969680786133 39.4763336181641 39.5454521179199 39.5266876220703 39.5833320617676 39.5266876220703 39.5959587097168 39.5770416259766 39.5770378112793 39.6273918151855 39.5707054138184 39.5707054138184 39.533130645752 39.7280960083008 39.6777458190918 39.5707054138184
-9999 -9999 39.2201843261719 39.1843948364258 39.343433380127 39.3181838989258 39.2857131958008 39.217170715332 39.2929306030273 39.1161613464355 39.2097244262695 39.083080291748 38.9311065673828 39.2022323608398 39.1337394714355 39.2350578308105 39.1161613464355 39.1919174194336 39.2424240112305 39.2424240112305 39.1919174194336 39.3110427856445 39.2676734924316 39.2676734924316 39.3110427856445 39.3870315551758 39.3870315551758 39.3181800842285 39.3110427856445 39.3870315551758 39.3686866760254 39.4696960449219 39.6212120056152 39.5896644592285 39.6149940490723 39.5959587097168 39.5770378112793 39.6969718933105 39.4511566162109 39.4259834289551 39.4949493408203 39.4696960449219 39.4763336181641 39.4949493408203 39.5015106201172 39.5770416259766 39.6212120056152 39.6212120056152 39.4949493408203
-9999 -9999 39.2022361755371 39.3110427856445 39.3181800842285 39.3686866760254 39.2929306030273 39.3181838989258 39.1919174194336 39.2350540161133 39.2097244262695 39.0752029418945 39.0070915222168 39.2276420593262 39.0324211120605 39.1084098815918 39.1337394714355 39.1337394714355 39.184398651123 39.2022361755371 39.184398651123 39.1919174194336 39.2676734924316 39.3939361572266 39.2676734924316 39.3110427856445 39.3363723754883 39.285717010498 39.343433380127 39.4949493408203 39.5707092285156 39.5959587097168 39.4444427490234 39.4123573303223 39.5454559326172 39.5518608093262 39.6464653015137 39.5707092285156 39.4696960449219 39.3870315551758 39.5896644592285 39.5959587097168 39.6212120056152 39.5959587097168 39.6149940490723 39.6149940490723 39.5959587097168 39.5959587097168 39.741641998291
-9999 -9999 39.3110427856445 39.343433380127 39.4191932678223 39.4191932678223 39.4191932678223 39.3686866760254 39.3181838989258 39.260383605957 39.2350540161133 39.159065246582 39.1590690612793 39.2276420593262 39.1514205932617 39.0752029418945 38.948169708252 39.0243911743164 39.083080291748 39.1768264770508 39.1514205932617 39.1084098815918 39.3110427856445 39.2424201965332 39.343433380127 39.2350578308105 39.3292655944824 39.3110427856445 39.4883460998535 39.4444427490234 39.4191932678223 39.4191932678223 39.539005279541 39.6464653015137 39.5770378112793 39.5518608093262 39.5959587097168 39.5202026367188 39.2929267883301 39.5136756896973 39.5959587097168 39.5454559326172 39.5518608093262 39.6273918151855 39.6464653015137 39.5454559326172 39.6212120056152 39.6464653015137 39.7163124084473
-9999 -9999 39.3939399719238 39.4191932678223 39.4630165100098 39.4630165100098 39.3939399719238 39.3181838989258 39.3870315551758 39.361701965332 39.2276420593262 39.2097244262695 39.2424240112305 39.2857131958008 39.1666641235352 39.184398651123 38.948169708252 38.9908256530762 39.0324211120605 39.141414642334 39.141414642334 39.1666641235352 39.1919174194336 39.2424201965332 39.539005279541 39.2676734924316 39.285717010498 39.2350578308105 39.4123573303223 39.3870277404785 39.3939399719238 39.6149940490723 39.5707054138184 39.5454521179199 39.5707054138184 39.5202026367188 39.5896644592285 39.4123573303223 39.4123573303223 39.4883460998535 39.4630165100098 39.6149940490723 39.4630165100098 39.5202026367188 39.6777420043945 39.6525650024414 39.6969718933105 39.7474746704102 39.7727279663086
