Demos/Rbased/CrashCourse/data/climate_processing/PresentLayers/Pyxidanthera_brevifolia/bio_15.asc
NCOLS 215 
NROWS 157 
XLLCORNER -80.4833333333333 
YLLCORNER 34.2333333333333 
CELLSIZE 0.00833333333333336 
NODATA_value -9999 
[rows 63 to 83 of 157, columns 144 to 191 of 215]
19.4561920166016 19.7438430786133 19.7438430786133 19.7438430786133 19.6613864898682 19.4966602325439 19.4814319610596 19.4814319610596 19.479772567749 19.479772567749 19.5195636749268 19.467679977417 19.5422286987305 19.5422286987305 19.6616153717041 19.6374397277832 19.7637023925781 19.6066036224365 19.699743270874 19.6980953216553 19.6980953216553 19.572078704834 19.5744438171387 19.6180896759033 19.7255992889404 19.7255992889404 19.7691612243652 19.775728225708 19.8646984100342 19.8214912414551 19.8214912414551 19.9960079193115 20.0090885162354 20.0090885162354 20.1212024688721 20.1212024688721 20.137674331665 20.1494407653809 20.011926651001 20.0307884216309 20.0520038604736 20.1602935791016 20.1602935791016 20.3090419769287 20.3322677612305 20.3322677612305 20.3322677612305 20.5492668151855
19.4561080932617 19.6212329864502 19.7438430786133 19.7143592834473 19.7143592834473 19.6613864898682 19.6788158416748 19.6788158416748 19.6111946105957 19.6800880432129 19.467679977417 19.5422286987305 19.5422286987305 19.5350494384766 19.6616153717041 19.7637023925781 19.8665466308594 19.8665466308594 19.902759552002 19.7410259246826 19.902759552002 19.9041481018066 19.6180896759033 19.6180896759033 19.7255992889404 19.7255992889404 19.8646984100342 19.8646984100342 19.8646984100342 19.8574848175049 19.9506912231445 20.0095462799072 20.1617584228516 20.1617584228516 20.2655849456787 20.2722053527832 20.1494407653809 20.2878913879395 20.3008232116699 20.1494407653809 20.2029991149902 20.3090419769287 20.3090419769287 20.3090419769287 20.3322677612305 20.3322677612305 20.3843688964844 20.6861133575439
19.5888805389404 19.6755638122559 19.9086608886719 19.8916168212891 19.727294921875 19.727294921875 19.727294921875 19.8238525390625 19.8430595397949 19.7558574676514 19.7558574676514 19.7558574676514 19.5422286987305 19.6616153717041 19.6616153717041 19.7637023925781 19.8665466308594 19.8634757995605 19.902759552002 19.986930847168 19.9462261199951 19.9479312896729 19.9009742736816 19.9009742736816 19.9395942687988 19.8211898803711 19.8211898803711 19.9938678741455 19.9938678741455 19.8574848175049 19.997501373291 20.0028991699219 20.1617584228516 20.1617584228516 20.2722053527832 20.2878913879395 20.4317035675049 20.2878913879395 20.4819316864014 20.3514575958252 20.3455429077148 20.3455429077148 20.3455429077148 20.3455429077148 20.3322677612305 20.3843688964844 20.4934940338135 20.6086978912354
19.7978649139404 19.8294506072998 19.9104480743408 19.8916168212891 19.9865665435791 19.9865665435791 19.8238525390625 19.81103515625 20.0109996795654 20.0321369171143 19.9597797393799 19.8815612792969 19.8735694885254 19.8227195739746 19.6616153717041 19.7645988464355 19.8665466308594 20.0344772338867 20.0344772338867 20.0344772338867 20.0344772338867 19.9479312896729 19.9479312896729 20.0443668365479 20.0948314666748 20.2289791107178 19.9762496948242 20.1485977172852 20.041166305542 19.997501373291 19.997501373291 20.0454177856445 20.1127681732178 20.2722053527832 20.2933044433594 20.4191665649414 20.4191665649414 20.5205001831055 20.4819316864014 20.5413722991943 20.5027713775635 20.3608684539795 20.3455429077148 20.4957847595215 20.5176601409912 20.4934940338135 20.6239643096924 20.8868007659912
20.0937252044678 19.96364402771 19.9461975097656 19.8916168212891 19.8916168212891 19.9865665435791 19.9865665435791 19.9732208251953 20.0109996795654 20.0109996795654 20.1196689605713 20.0321369171143 20.0544109344482 19.8227195739746 19.8227195739746 20.0256690979004 20.0219764709473 19.8634757995605 19.9462261199951 20.0344772338867 20.1626625061035 20.1647720336914 20.0364208221436 20.0443668365479 20.1007556915283 20.2289791107178 20.2719688415527 20.1485977172852 20.3190784454346 20.1509170532227 20.1990280151367 20.1990280151367 20.4197216033936 20.2722053527832 20.4329624176025 20.4329624176025 20.280876159668 20.280876159668 20.4329624176025 20.5205001831055 20.6483116149902 20.4431953430176 20.4431953430176 20.5480365753174 20.570182800293 20.570182800293 20.7736015319824 20.7812595367432
20.1294498443604 20.1115169525146 20.1115169525146 19.9461975097656 19.8916168212891 19.9865665435791 19.9732208251953 20.0982799530029 20.1336784362793 20.1732006072998 20.0109996795654 20.1716327667236 20.1132526397705 20.1132526397705 20.1511669158936 20.1932430267334 20.191593170166 20.1331748962402 20.1626625061035 20.1331748962402 20.0850868225098 20.1647720336914 20.1647720336914 20.1410160064697 20.27463722229 20.2289791107178 20.2212944030762 20.2646026611328 20.3190784454346 20.329797744751 20.2066822052002 20.2066822052002 20.3063907623291 20.4117946624756 20.4329624176025 20.4329624176025 20.4329624176025 20.4329624176025 20.5638790130615 20.6222743988037 20.6483116149902 20.8520431518555 20.963171005249 20.963171005249 20.7580299377441 20.8089599609375 20.921350479126 20.7812595367432
20.1115169525146 20.1115169525146 20.1115169525146 20.1115169525146 20.1115169525146 19.9732208251953 19.9732208251953 20.0982799530029 20.0982799530029 20.1732006072998 20.1648445129395 20.1648445129395 20.0357971191406 19.8735694885254 19.9687423706055 19.9687423706055 19.9687423706055 20.0219764709473 20.1932926177979 20.1945705413818 20.3223552703857 20.1357269287109 20.1177501678467 20.1647720336914 20.27463722229 20.2289791107178 20.2719688415527 20.2212944030762 20.3190784454346 20.4344959259033 20.2066822052002 20.4344959259033 20.3120212554932 20.5562648773193 20.5712642669678 20.6222743988037 20.6222743988037 20.7124214172363 20.683765411377 20.8404731750488 20.8404731750488 20.8229598999023 20.9348526000977 20.9348526000977 20.9348526000977 20.9348526000977 20.963171005249 21.0459022521973
20.1115169525146 20.1115169525146 20.1115169525146 20.1115169525146 20.1115169525146 20.3141555786133 20.2978172302246 20.1336784362793 20.0982799530029 20.125 20.1648445129395 20.1648445129395 20.1648445129395 20.1287536621094 20.1287536621094 20.1287536621094 20.1287536621094 19.9687423706055 20.1553745269775 20.0667324066162 20.1945705413818 20.3223552703857 20.3223552703857 20.3223552703857 20.214017868042 20.3190784454346 20.3190784454346 20.3190784454346 20.329797744751 20.5650768280029 20.5650768280029 20.5364017486572 20.5650768280029 20.6721534729004 20.5712642669678 20.6222743988037 20.6222743988037 20.6222743988037 20.6222743988037 20.7438697814941 20.7518539428711 20.8594627380371 20.9492053985596 20.9996280670166 20.9996280670166 20.963171005249 21.0668334960938 21.21999168396
20.2789726257324 20.2789726257324 20.1115169525146 20.2359485626221 20.2223567962646 20.3501758575439 20.3501758575439 20.3501758575439 20.3405055999756 20.3809089660645 20.1648445129395 20.1648445129395 20.262487411499 20.1287536621094 20.1287536621094 20.1287536621094 20.1287536621094 20.1278324127197 20.3638935089111 20.2048435211182 20.3223552703857 20.4167175292969 20.4212436676025 20.4212436676025 20.4299163818359 20.4778308868408 20.4758605957031 20.6064128875732 20.6165103912354 20.6165103912354 20.7202301025391 20.5832824707031 20.4735488891602 20.4735488891602 20.5787811279297 20.7094974517822 20.7094974517822 20.7094974517822 20.8334655761719 20.8817024230957 20.8955230712891 20.8955230712891 20.8955230712891 21.0030212402344 21.1009063720703 21.1009063720703 21.1245918273926 21.21999168396
20.2789726257324 20.2789726257324 20.2789726257324 20.2223567962646 20.2223567962646 20.3501758575439 20.3501758575439 20.3501758575439 20.3809089660645 20.3809089660645 20.3809089660645 20.3286800384521 20.257698059082 20.257698059082 20.1287536621094 20.1287536621094 20.1287536621094 20.2172527313232 20.2621116638184 20.3545703887939 20.5817260742188 20.5782680511475 20.4212436676025 20.4212436676025 20.4212436676025 20.4212436676025 20.4297580718994 20.478271484375 20.4778308868408 20.5220737457275 20.5832824707031 20.5962104797363 20.4735488891602 20.4735488891602 20.5787811279297 20.5787811279297 20.7094974517822 20.8334655761719 20.8334655761719 20.8334655761719 20.8859977722168 20.9339065551758 20.8955230712891 21.0030212402344 21.0030212402344 21.0030212402344 21.2038097381592 21.3647708892822
20.2789726257324 20.40283203125 20.3887214660645 20.3887214660645 20.5152950286865 20.3501758575439 20.3501758575439 20.3405055999756 20.3809089660645 20.3809089660645 20.3809089660645 20.3809089660645 20.4193458557129 20.4193458557129 20.257698059082 20.257698059082 20.2172527313232 20.2172527313232 20.2621116638184 20.4914093017578 20.5817260742188 20.6251220703125 20.5782680511475 20.5782680511475 20.5782680511475 20.5782680511475 20.5860691070557 20.478271484375 20.478271484375 20.5826206207275 20.5826206207275 20.6391086578369 20.5962104797363 20.6049194335938 20.7094974517822 20.7094974517822 20.7094974517822 20.8334655761719 20.8334655761719 20.8334655761719 20.8334655761719 21.0387992858887 21.0387992858887 21.1941299438477 21.1566467285156 21.2660827636719 21.2660827636719 21.3556632995605
20.4586524963379 20.40283203125 20.3887214660645 20.424732208252 20.5152950286865 20.5152950286865 20.555643081665 20.3809089660645 20.3809089660645 20.3809089660645 20.3809089660645 20.470272064209 20.470272064209 20.470272064209 20.4193458557129 20.506591796875 20.6337909698486 20.3902645111084 20.3809089660645 20.4804573059082 20.5847949981689 20.5847949981689 20.6251220703125 20.5782680511475 20.5782680511475 20.5860691070557 20.5860691070557 20.6347694396973 20.6347694396973 20.7375297546387 20.7489261627197 20.7489261627197 20.8793296813965 20.8817024230957 20.8645095825195 20.8645095825195 20.9705772399902 20.9861145019531 20.9861145019531 21.0387992858887 21.0387992858887 21.0387992858887 21.0387992858887 21.1463794708252 21.2547950744629 21.2547950744629 21.2547950744629 21.3556632995605
20.4879150390625 20.6113758087158 20.4441337585449 20.4789772033691 20.5152950286865 20.5152950286865 20.5457305908203 20.5457305908203 20.5457305908203 20.5457305908203 20.3755836486816 20.470272064209 20.470272064209 20.470272064209 20.5587615966797 20.6337909698486 20.6781253814697 20.6781253814697 20.5413856506348 20.6415710449219 20.5847949981689 20.5847949981689 20.6251220703125 20.6251220703125 20.5860691070557 20.5860691070557 20.6347694396973 20.6347694396973 20.7375297546387 20.7375297546387 20.8793296813965 20.8793296813965 20.8793296813965 20.8793296813965 20.9833869934082 20.8645095825195 20.9861145019531 20.9861145019531 21.0387992858887 21.0387992858887 21.0387992858887 21.0387992858887 21.0387992858887 21.1463794708252 21.2547950744629 21.4079322814941 21.4079322814941 21.4977970123291
20.7427291870117 20.7427291870117 20.6113758087158 20.6992626190186 20.5701580047607 20.505069732666 20.5457305908203 20.5457305908203 20.5457305908203 20.5457305908203 20.5398101806641 20.470272064209 20.470272064209 20.6857261657715 20.6842937469482 20.6842937469482 20.6684284210205 20.6781253814697 20.6684284210205 20.6415710449219 20.7427291870117 20.7427291870117 20.7427291870117 20.6251220703125 20.6324424743652 20.6814022064209 20.6347694396973 20.7375297546387 20.8678283691406 20.8793296813965 20.8793296813965 20.8793296813965 20.8793296813965 20.8793296813965 20.8793296813965 21.1029853820801 20.9819450378418 20.9861145019531 20.9861145019531 21.0387992858887 21.0387992858887 21.0387992858887 21.1938533782959 21.4079322814941 21.4079322814941 21.4079322814941 21.4079322814941 21.4079322814941
20.7427291870117 20.7427291870117 20.7790203094482 20.7361793518066 20.7249927520752 20.559513092041 20.559513092041 20.5457305908203 20.6337909698486 20.5398101806641 20.5398101806641 20.7212371826172 20.8476409912109 20.8476409912109 20.6842937469482 20.7289047241211 20.7187900543213 20.6684284210205 20.7684917449951 20.7684917449951 20.7427291870117 20.7427291870117 20.7427291870117 20.7490482330322 20.7899360656738 20.6814022064209 20.7653846740723 20.8678283691406 20.8678283691406 20.8793296813965 20.8793296813965 20.8793296813965 20.8793296813965 20.8793296813965 20.9833869934082 21.1029853820801 21.1029853820801 21.0351963043213 21.1890449523926 21.1494636535645 21.1494636535645 21.1938533782959 21.1938533782959 21.4079322814941 21.4079322814941 21.4079322814941 21.4079322814941 21.4079322814941
20.7427291870117 20.7427291870117 20.8669509887695 20.7361793518066 20.7249927520752 20.7249927520752 20.7661933898926 20.7661933898926 20.5941028594971 20.6281147003174 20.754768371582 20.7599086761475 20.8476409912109 20.8455867767334 20.8455867767334 20.8797607421875 20.7187900543213 20.8291664123535 20.8690395355225 20.7684917449951 20.8690395355225 20.7427291870117 20.7490482330322 20.7490482330322 20.7490482330322 20.9288368225098 21.0691184997559 21.0691184997559 21.0794086456299 21.0351963043213 21.0351963043213 21.0351963043213 21.0351963043213 21.0351963043213 21.1389389038086 21.2562313079834 21.2562313079834 21.3092460632324 21.3092460632324 21.1890449523926 21.1494636535645 21.1494636535645 21.1494636535645 21.3636341094971 21.4538249969482 21.3636341094971 21.518741607666 21.6087512969971
20.9479389190674 20.9479389190674 20.8669509887695 20.8559703826904 20.7249927520752 20.7249927520752 20.7661933898926 20.7661933898926 20.7592525482178 20.6863842010498 20.8476409912109 20.8476409912109 20.8476409912109 20.8346309661865 20.8346309661865 20.8797607421875 20.8797607421875 20.8815517425537 20.8175430297852 20.8690395355225 20.7684917449951 20.8690395355225 20.7490482330322 20.7490482330322 20.9288368225098 20.9288368225098 21.0286140441895 21.0386085510254 21.0794086456299 21.0351963043213 21.0351963043213 21.0351963043213 21.0351963043213 21.0351963043213 21.0497932434082 21.2562313079834 21.2562313079834 21.2562313079834 21.3092460632324 21.1890449523926 21.1890449523926 21.1890449523926 21.1890449523926 21.4538249969482 21.6087512969971 21.6087512969971 21.6087512969971 21.6087512969971
20.9479389190674 20.9479389190674 21.0228633880615 20.8559703826904 20.8559703826904 20.7249927520752 20.7661933898926 20.7592525482178 20.7592525482178 20.8500137329102 20.9763355255127 20.8476409912109 20.8455867767334 20.8455867767334 20.8904151916504 20.8797607421875 20.8815517425537 20.9763355255127 20.9763355255127 20.9763355255127 20.8690395355225 20.8754920959473 20.8754920959473 20.8797607421875 20.9288368225098 20.9288368225098 21.0386085510254 21.0386085510254 21.0386085510254 21.0386085510254 21.0386085510254 21.0386085510254 21.0351963043213 21.0497932434082 21.1524810791016 21.3092460632324 21.3092460632324 21.3092460632324 21.3092460632324 21.3092460632324 21.1890449523926 21.3450889587402 21.6735858917236 21.6467437744141 21.6467437744141 21.6467437744141 21.7394943237305 21.7394943237305
21.0047492980957 21.0903568267822 21.0228633880615 21.0228633880615 20.8559703826904 20.8559703826904 20.8541355133057 20.8474369049072 20.9734497070312 21.0639667510986 21.0639667510986 21.0608539581299 20.898588180542 20.8455867767334 20.8797607421875 20.8797607421875 20.8815517425537 20.9763355255127 20.9763355255127 20.9763355255127 20.9763355255127 21.2112865447998 21.1637935638428 21.2126789093018 21.0878620147705 21.1861038208008 21.0386085510254 21.0386085510254 21.0386085510254 21.0386085510254 21.0386085510254 21.0386085510254 21.052417755127 21.1540241241455 21.1114044189453 21.3092460632324 21.3092460632324 21.3995761871338 21.4648342132568 21.4648342132568 21.4648342132568 21.3450889587402 21.6714305877686 21.7774620056152 21.6467437744141 21.6467437744141 21.6467437744141 21.9330348968506
21.0903568267822 21.0784339904785 21.0784339904785 21.0784339904785 21.0228633880615 21.1103782653809 20.9776973724365 20.9734497070312 20.9734497070312 21.0639667510986 21.0639667510986 21.0608539581299 21.0489635467529 21.0489635467529 20.8797607421875 20.8797607421875 20.8815517425537 20.9763355255127 20.9763355255127 20.9763355255127 20.9814472198486 21.1114044189453 21.2112865447998 21.2126789093018 21.3106651306152 21.3200645446777 21.195384979248 21.195384979248 21.195384979248 21.195384979248 21.195384979248 21.2084503173828 21.2084503173828 21.3085346221924 21.3085346221924 21.2669086456299 21.4241390228271 21.4241390228271 21.6859588623047 21.6458969116211 21.6458969116211 21.5280342102051 21.6595554351807 21.8952255249023 21.7774620056152 21.8924427032471 21.8924427032471 21.8924427032471
21.0903568267822 21.0784339904785 21.0784339904785 21.0784339904785 21.1660289764404 21.1511573791504 21.1440677642822 21.1029853820801 21.0639667510986 21.0639667510986 21.0639667510986 21.0608539581299 21.0489635467529 21.0489635467529 21.0945682525635 21.0439777374268 20.9763355255127 20.9763355255127 21.1061630249023 21.1061630249023 21.1114044189453 21.1114044189453 21.1114044189453 21.2604236602783 21.2126789093018 21.3200645446777 21.3200645446777 21.195384979248 21.195384979248 21.195384979248 21.2084503173828 21.2084503173828 21.3085346221924 21.3085346221924 21.3085346221924 21.3625984191895 21.4660549163818 21.555980682373 21.555980682373 21.6458969116211 21.6458969116211 21.7494239807129 21.7494239807129 22.0100994110107 22.0100994110107 21.8924427032471 21.8924427032471 21.8924427032471
