Demos/Rbased/CrashCourse/data/climate_processing/PresentLayers/Pyxidanthera_brevifolia/bio_9.asc
NCOLS 275 
NROWS 194 
XLLCORNER -80.3749999998233 
YLLCORNER 33.9 
CELLSIZE 0.00833333333316008 
NODATA_value -9999 
[rows 132 to 153 of 194, columns 0 to 49 of 275]
-9999 -9999 -9999 -9999 -9999 12 12.0333337783813 12.0666666030884 12.0500001907349 12.0166664123535 12.0333337783813 12.0666666030884 12.0500001907349 12.0166664123535 12.0166664123535 12.0166664123535 12.0166664123535 12.0666666030884 12.1000003814697 12.1666669845581 12.1666669845581 12.1833333969116 12.3166666030884 12.3999996185303 12.4833335876465 12.6000003814697 12.75 12.6666669845581 12.5500001907349 12.4166669845581 12.3333330154419 12.2666664123535 12.216667175293 12.2666664123535 12.3000001907349 12.3166666030884 12.3500003814697 12.3500003814697 12.3500003814697 12.3166666030884 12.3166666030884 12.3166666030884 12.3166666030884 12.3166666030884 12.3333339691162 12.3166666030884 12.3500003814697 12.3500003814697 12.3500003814697 12.3500003814697
-9999 -9999 -9999 -9999 -9999 12 12.0333337783813 12.0666666030884 12.0666666030884 12.0500001907349 12.0666666030884 12.0833330154419 12.0500001907349 12.0166664123535 12.0166664123535 12.0333337783813 12.0333337783813 12.0333337783813 12.1000003814697 12.1166667938232 12.1666669845581 12.1833333969116 12.2666664123535 12.3500003814697 12.466667175293 12.5500001907349 12.6666669845581 12.6499996185303 12.5500001907349 12.4333333969116 12.3500003814697 12.3000001907349 12.283332824707 12.3000001907349 12.3333330154419 12.3500003814697 12.3500003814697 12.3666667938232 12.3500003814697 12.3500003814697 12.3166666030884 12.3166666030884 12.3333339691162 12.3500003814697 12.3500003814697 12.3500003814697 12.3500003814697 12.3166666030884 12.3166666030884 12.3500003814697
-9999 -9999 -9999 -9999 -9999 -9999 12.0333337783813 12.0666666030884 12.0666666030884 12.0833330154419 12.0833330154419 12.0500001907349 11.9833335876465 11.9833335876465 12 12.0666666030884 12.0500001907349 12.0500001907349 12.1166667938232 12.1333332061768 12.1500005722046 12.1833333969116 12.25 12.3333330154419 12.4166669845581 12.466667175293 12.5666666030884 12.5666666030884 12.466667175293 12.3999996185303 12.3333330154419 12.3000001907349 12.3000001907349 12.3500003814697 12.3666667938232 12.3833332061768 12.3833332061768 12.4000005722046 12.4166669845581 12.4166669845581 12.4166669845581 12.3666667938232 12.3666667938232 12.3666667938232 12.3500003814697 12.3333330154419 12.3166666030884 12.3166666030884 12.3000001907349 12.3166666030884
-9999 -9999 -9999 -9999 -9999 -9999 -9999 -9999 12.0666666030884 12.1000003814697 12.0666666030884 12.0500001907349 12 12 12.0500001907349 12.0666666030884 12.0500001907349 12.0500001907349 12.0500001907349 12.0833330154419 12.1333332061768 12.1500005722046 12.2333335876465 12.3000001907349 12.3333330154419 12.3999996185303 12.5 12.5 12.4333333969116 12.3833332061768 12.3500003814697 12.3333330154419 12.3500003814697 12.3666667938232 12.3833332061768 12.4333333969116 12.4333333969116 12.4499998092651 12.4166669845581 12.4166669845581 12.4166669845581 12.3999996185303 12.3500003814697 12.3500003814697 12.3333330154419 12.3166666030884 12.3166666030884 12.3333330154419 12.3166666030884 12.3500003814697
-9999 -9999 -9999 -9999 -9999 -9999 -9999 -9999 -9999 12.0833330154419 12.0833330154419 12.0666666030884 12.0333337783813 12.0333337783813 12.0666666030884 12.0333337783813 12.0500001907349 12.0333337783813 12.0500001907349 12.0666666030884 12.0666666030884 12.1333332061768 12.1999998092651 12.25 12.3333330154419 12.3999996185303 12.4333333969116 12.4499998092651 12.4333333969116 12.4166669845581 12.3999996185303 12.3833332061768 12.3666667938232 12.4166669845581 12.4333333969116 12.4333333969116 12.4166669845581 12.4499998092651 12.4000005722046 12.4166669845581 12.3999996185303 12.3666667938232 12.3333330154419 12.3333330154419 12.3333330154419 12.3500003814697 12.3500003814697 12.3333330154419 12.3333330154419 12.3500003814697
-9999 -9999 -9999 -9999 -9999 -9999 -9999 -9999 -9999 -9999 12.0833330154419 12.0833330154419 12.0833330154419 12.0666666030884 12.0333337783813 12.0500001907349 12.0333337783813 12.0333337783813 12.1000003814697 12.0833339691162 12.1000003814697 12.1333332061768 12.1666669845581 12.216667175293 12.3000001907349 12.3333330154419 12.4166669845581 12.4166669845581 12.4166669845581 12.3999996185303 12.3999996185303 12.3833332061768 12.3666667938232 12.3666667938232 12.3833332061768 12.3833332061768 12.4333333969116 12.4499998092651 12.4166669845581 12.4166669845581 12.4166669845581 12.3999996185303 12.3666667938232 12.3666667938232 12.3666667938232 12.3500003814697 12.3500003814697 12.3500003814697 12.3500003814697 12.3500003814697
-9999 -9999 -9999 -9999 -9999 -9999 -9999 -9999 -9999 -9999 -9999 -9999 12.1000003814697 12.0833330154419 12.0666666030884 12.0500001907349 12.0333337783813 12.0666666030884 12.1166667938232 12.0833339691162 12.1000003814697 12.1166667938232 12.1499996185303 12.216667175293 12.25 12.3333330154419 12.3833332061768 12.3833332061768 12.3833332061768 12.3833332061768 12.3666667938232 12.3500003814697 12.3666667938232 12.3666667938232 12.3999996185303 12.4166669845581 12.4333333969116 12.4499998092651 12.4166669845581 12.4166669845581 12.4166669845581 12.4166669845581 12.3999996185303 12.3999996185303 12.3833332061768 12.3833332061768 12.3666667938232 12.3500003814697 12.3666667938232 12.3666667938232
-9999 -9999 -9999 -9999 -9999 -9999 -9999 -9999 -9999 -9999 -9999 -9999 -9999 12.1333332061768 12.1000003814697 12.0500001907349 12.0666666030884 12.1000003814697 12.1166667938232 12.1333332061768 12.1333332061768 12.1333332061768 12.1833333969116 12.216667175293 12.2333335876465 12.3166666030884 12.3833332061768 12.3833332061768 12.3833332061768 12.3833332061768 12.3833332061768 12.3666667938232 12.3666667938232 12.3666667938232 12.3999996185303 12.4166669845581 12.4499998092651 12.4499998092651 12.4333333969116 12.4166669845581 12.4166669845581 12.4166669845581 12.4166669845581 12.3999996185303 12.3999996185303 12.3999996185303 12.3999996185303 12.3833332061768 12.3833332061768 12.3999996185303
-9999 -9999 -9999 -9999 -9999 -9999 -9999 -9999 -9999 -9999 -9999 -9999 -9999 -9999 -9999 12.1000003814697 12.1000003814697 12.1333332061768 12.1333332061768 12.1333332061768 12.1666669845581 12.1999998092651 12.216667175293 12.2333335876465 12.25 12.3000001907349 12.3666667938232 12.3500003814697 12.3833332061768 12.3833332061768 12.3666667938232 12.3666667938232 12.3666667938232 12.3999996185303 12.4166669845581 12.4166669845581 12.4333333969116 12.466667175293 12.4499998092651 12.4333333969116 12.4166669845581 12.4166669845581 12.4166669845581 12.4166669845581 12.4166669845581 12.4166669845581 12.4166669845581 12.4166669845581 12.4166669845581 12.4166669845581
-9999 -9999 -9999 -9999 -9999 -9999 -9999 -9999 -9999 -9999 -9999 -9999 -9999 -9999 -9999 -9999 -9999 12.1166667938232 12.1333332061768 12.1833333969116 12.216667175293 12.2666664123535 12.25 12.2666664123535 12.3000001907349 12.3166666030884 12.3333330154419 12.3166666030884 12.3500003814697 12.3333330154419 12.3333330154419 12.3500003814697 12.3666667938232 12.3999996185303 12.4166669845581 12.4166669845581 12.4333333969116 12.4833335876465 12.4666662216187 12.4666662216187 12.4499998092651 12.4499998092651 12.4666662216187 12.4499998092651 12.4499998092651 12.4333333969116 12.4499998092651 12.4499998092651 12.4499998092651 12.4499998092651
-9999 -9999 -9999 -9999 -9999 -9999 -9999 -9999 -9999 -9999 -9999 -9999 -9999 -9999 -9999 -9999 -9999 -9999 12.1833333969116 12.1666669845581 12.2333335876465 12.25 12.2833337783813 12.3000001907349 12.3333330154419 12.3500003814697 12.3500003814697 12.3500003814697 12.3666667938232 12.3666667938232 12.3333330154419 12.3333330154419 12.3999996185303 12.3999996185303 12.4166669845581 12.4166669845581 12.4333333969116 12.4666662216187 12.4666662216187 12.4666662216187 12.4666662216187 12.4666662216187 12.4666662216187 12.4666662216187 12.4666662216187 12.4666662216187 12.4499998092651 12.4499998092651 12.4499998092651 12.4666662216187
-9999 -9999 -9999 -9999 -9999 -9999 -9999 -9999 -9999 -9999 -9999 -9999 -9999 -9999 -9999 -9999 -9999 -9999 -9999 -9999 12.2666664123535 12.3000001907349 12.3333330154419 12.3500003814697 12.3500003814697 12.3666667938232 12.3666667938232 12.3666667938232 12.3833332061768 12.3833332061768 12.3666667938232 12.3666667938232 12.3833332061768 12.4166669845581 12.4166669845581 12.4333333969116 12.4333333969116 12.4333333969116 12.4333333969116 12.4499998092651 12.4666662216187 12.4666662216187 12.4666662216187 12.4666662216187 12.4666662216187 12.4666662216187 12.4666662216187 12.4499998092651 12.4499998092651 12.4666662216187
-9999 -9999 -9999 -9999 -9999 -9999 -9999 -9999 -9999 -9999 -9999 -9999 -9999 -9999 -9999 -9999 -9999 -9999 -9999 -9999 -9999 12.3500003814697 12.3500003814697 12.3666667938232 12.3666667938232 12.3833332061768 12.3999996185303 12.3999996185303 12.3999996185303 12.3833332061768 12.3833332061768 12.3666667938232 12.3666667938232 12.4166669845581 12.4166669845581 12.4333333969116 12.4333333969116 12.4499998092651 12.4499998092651 12.4499998092651 12.4666662216187 12.4666662216187 12.4666662216187 12.4666662216187 12.4666662216187 12.4666662216187 12.4666662216187 12.4666662216187 12.4833335876465 12.4833335876465
-9999 -9999 -9999 -9999 -9999 -9999 -9999 -9999 -9999 -9999 -9999 -9999 -9999 -9999 -9999 -9999 -9999 -9999 -9999 -9999 -9999 -9999 -9999 12.3833332061768 12.3833332061768 12.4333333969116 12.4333333969116 12.4333333969116 12.4166660308838 12.3999996185303 12.3999996185303 12.3999996185303 12.3999996185303 12.4166669845581 12.4333333969116 12.4333333969116 12.4333333969116 12.4499998092651 12.4499998092651 12.4499998092651 12.4666662216187 12.4666662216187 12.4833335876465 12.5 12.4833335876465 12.4833335876465 12.5 12.5 12.5 12.5
-9999 -9999 -9999 -9999 -9999 -9999 -9999 -9999 -9999 -9999 -9999 -9999 -9999 -9999 -9999 -9999 -9999 -9999 -9999 -9999 -9999 -9999 -9999 -9999 12.4166669845581 12.4333333969116 12.4499998092651 12.4333333969116 12.4499998092651 12.4333333969116 12.3999996185303 12.3999996185303 12.3999996185303 12.4166669845581 12.4333333969116 12.4333333969116 12.4499998092651 12.4499998092651 12.4499998092651 12.4499998092651 12.4666662216187 12.4833335876465 12.5166664123535 12.5333337783813 12.5333337783813 12.5333337783813 12.5500001907349 12.5333337783813 12.5333337783813 12.5500001907349
-9999 -9999 -9999 -9999 -9999 -9999 -9999 -9999 -9999 -9999 -9999 -9999 -9999 -9999 -9999 -9999 -9999 -9999 -9999 -9999 -9999 -9999 -9999 -9999 -9999 -9999 12.4666662216187 12.4666662216187 12.4499998092651 12.4333333969116 12.4166669845581 12.4166669845581 12.4333333969116 12.4333333969116 12.4333333969116 12.4499998092651 12.4499998092651 12.4499998092651 12.4499998092651 12.4499998092651 12.4499998092651 12.5 12.5333337783813 12.5333337783813 12.5333337783813 12.5333337783813 12.5333337783813 12.5500001907349 12.5500001907349 12.5500001907349
-9999 -9999 -9999 -9999 -9999 -9999 -9999 -9999 -9999 -9999 -9999 -9999 -9999 -9999 -9999 -9999 -9999 -9999 -9999 -9999 -9999 -9999 -9999 -9999 -9999 -9999 -9999 12.4166669845581 12.4333333969116 12.4333333969116 12.4333333969116 12.4333333969116 12.4333333969116 12.4499998092651 12.4499998092651 12.4499998092651 12.4499998092651 12.4499998092651 12.4499998092651 12.4666662216187 12.5 12.5333337783813 12.5500001907349 12.5500001907349 12.5500001907349 12.5500001907349 12.5500001907349 12.5500001907349 12.5500001907349 12.5500001907349
-9999 -9999 -9999 -9999 -9999 -9999 -9999 -9999 -9999 -9999 -9999 -9999 -9999 -9999 -9999 -9999 -9999 -9999 -9999 -9999 -9999 -9999 -9999 -9999 -9999 -9999 -9999 -9999 -9999 12.4333333969116 12.4333333969116 12.4333333969116 12.4499998092651 12.4499998092651 12.4499998092651 12.4499998092651 12.4499998092651 12.4499998092651 12.5 12.5 12.5 12.5500001907349 12.5500001907349 12.5500001907349 12.5500001907349 12.5500001907349 12.5500001907349 12.5500001907349 12.5500001907349 12.5500001907349
-9999 -9999 -9999 -9999 -9999 -9999 -9999 -9999 -9999 -9999 -9999 -9999 -9999 -9999 -9999 -9999 -9999 -9999 -9999 -9999 -9999 -9999 -9999 -9999 -9999 -9999 -9999 -9999 -9999 -9999 12.4333333969116 12.4499998092651 12.4499998092651 12.4499998092651 12.4499998092651 12.4499998092651 12.5166664123535 12.5166664123535 12.5166664123535 12.5333337783813 12.5500001907349 12.5500001907349 12.5500001907349 12.5500001907349 12.5500001907349 12.5500001907349 12.5500001907349 12.5500001907349 12.5333337783813 12.5500001907349
-9999 -9999 -9999 -9999 -9999 -9999 -9999 -9999 -9999 -9999 -9999 -9999 -9999 -9999 -9999 -9999 -9999 -9999 -9999 -9999 -9999 -9999 -9999 -9999 -9999 -9999 -9999 -9999 -9999 -9999 -9999 -9999 12.4833335876465 12.4666662216187 12.5 12.5166664123535 12.5166664123535 12.5166664123535 12.5166664123535 12.5500001907349 12.5500001907349 12.5500001907349 12.5500001907349 12.5500001907349 12.5500001907349 12.5500001907349 12.5500001907349 12.5500001907349 12.5333337783813 12.5666666030884
-9999 -9999 -9999 -9999 -9999 -9999 -9999 -9999 -9999 -9999 -9999 -9999 -9999 -9999 -9999 -9999 -9999 -9999 -9999 -9999 -9999 -9999 -9999 -9999 -9999 -9999 -9999 -9999 -9999 -9999 -9999 -9999 -9999 12.5166664123535 12.5333337783813 12.5333337783813 12.5333337783813 12.5500001907349 12.5500001907349 12.5500001907349 12.5500001907349 12.5500001907349 12.5500001907349 12.5666666030884 12.5666666030884 12.5666666030884 12.5666666030884 12.5666666030884 12.5666666030884 12.5833339691162
-9999 -9999 -9999 -9999 -9999 -9999 -9999 -9999 -9999 -9999 -9999 -9999 -9999 -9999 -9999 -9999 -9999 -9999 -9999 -9999 -9999 -9999 -9999 -9999 -9999 -9999 -9999 -9999 -9999 -9999 -9999 -9999 -9999 -9999 -9999 12.5333337783813 12.5500001907349 12.5500001907349 12.5500001907349 12.5500001907349 12.5500001907349 12.5500001907349 12.5666666030884 12.5666666030884 12.5666666030884 12.5666666030884 12.5666666030884 12.5666666030884 12.5833339691162 12.5833339691162
