Demos/Rbased/CrashCourse/data/climate_processing/PresentLayers/Pyxidanthera_brevifolia/bio_8.asc
NCOLS 215 
NROWS 157 
XLLCORNER -80.4833333333333 
YLLCORNER 34.2333333333333 
CELLSIZE 0.00833333333333336 
NODATA_value -9999 
[rows 88 to 109 of 157, columns 100 to 149 of 215]
25.4333324432373 25.466667175293 25.4833335876465 25.533332824707 25.5833320617676 25.5666656494141 25.5 25.5666656494141 25.5666656494141 25.5666656494141 25.5833320617676 25.5666656494141 25.5666656494141 25.5666656494141 25.6000003814697 25.6000003814697 25.6000003814697 25.6166667938232 25.6833343505859 25.7000007629395 25.7333335876465 25.7333335876465 25.716667175293 25.716667175293 25.716667175293 25.75 25.716667175293 25.6666660308838 25.6833343505859 25.6666660308838 25.6166667938232 25.5833339691162 25.6000003814697 25.6333332061768 25.6000003814697 25.6333332061768 25.6333332061768 25.6333332061768 25.6333332061768 25.6166667938232 25.6000003814697 25.5833320617676 25.5833320617676 25.5833320617676 25.5833320617676 25.5833320617676 25.5666656494141 25.5666656494141 25.5833339691162 25.5833339691162
25.466667175293 25.4833335876465 25.5 25.533332824707 25.5666656494141 25.5666656494141 25.5666656494141 25.5666656494141 25.5666656494141 25.5666656494141 25.5833320617676 25.6000003814697 25.5666656494141 25.5666656494141 25.6000003814697 25.6000003814697 25.6000003814697 25.6499996185303 25.6833343505859 25.7333335876465 25.7666664123535 25.783332824707 25.7999992370605 25.783332824707 25.783332824707 25.783332824707 25.7666664123535 25.75 25.716667175293 25.6833343505859 25.6833343505859 25.6333332061768 25.6333332061768 25.6333332061768 25.6333332061768 25.6333332061768 25.6333332061768 25.6333332061768 25.6333332061768 25.6166667938232 25.6000003814697 25.6000003814697 25.5833320617676 25.5833320617676 25.5833320617676 25.5833320617676 25.5833320617676 25.5666656494141 25.5833339691162 25.5833339691162
25.5166664123535 25.5 25.5166664123535 25.5666656494141 25.5666656494141 25.6000003814697 25.5666656494141 25.5666656494141 25.5666656494141 25.5666656494141 25.5666656494141 25.6000003814697 25.5666656494141 25.5833339691162 25.6000003814697 25.6000003814697 25.6166667938232 25.6833343505859 25.7000007629395 25.7666664123535 25.7999992370605 25.7999992370605 25.8500003814697 25.8500003814697 25.8666667938232 25.8666667938232 25.8666667938232 25.7999992370605 25.7666664123535 25.7333335876465 25.7000007629395 25.6833343505859 25.6833343505859 25.6333332061768 25.6333332061768 25.6333332061768 25.6333332061768 25.6333332061768 25.6333332061768 25.6333332061768 25.6000003814697 25.6000003814697 25.6000003814697 25.6000003814697 25.5833320617676 25.5833320617676 25.6000003814697 25.6000003814697 25.6000003814697 25.5833339691162
25.5 25.5166664123535 25.5666656494141 25.5666656494141 25.5833339691162 25.6166667938232 25.6333332061768 25.6166667938232 25.6166667938232 25.6166667938232 25.6000003814697 25.6166667938232 25.6333332061768 25.6166667938232 25.6333332061768 25.6000003814697 25.6166667938232 25.6833343505859 25.7000007629395 25.7666664123535 25.7999992370605 25.7999992370605 25.7999992370605 25.8500003814697 25.8333339691162 25.8500003814697 25.8333339691162 25.783332824707 25.75 25.7333335876465 25.7000007629395 25.6833343505859 25.6833343505859 25.6333332061768 25.6333332061768 25.6333332061768 25.6333332061768 25.6333332061768 25.6333332061768 25.6333332061768 25.6333332061768 25.6166667938232 25.6000003814697 25.6000003814697 25.6000003814697 25.6000003814697 25.5833320617676 25.5833320617676 25.6000003814697 25.6000003814697
25.5499992370605 25.5666656494141 25.6000003814697 25.6000003814697 25.6000003814697 25.6000003814697 25.6333332061768 25.6333332061768 25.6499996185303 25.6666660308838 25.6333332061768 25.6333332061768 25.6666660308838 25.6833343505859 25.6333332061768 25.6166667938232 25.6666660308838 25.6833343505859 25.7000007629395 25.7666664123535 25.7666664123535 25.7666664123535 25.7666664123535 25.7999992370605 25.7999992370605 25.7999992370605 25.7999992370605 25.7666664123535 25.75 25.7000007629395 25.7000007629395 25.7000007629395 25.6833343505859 25.6333332061768 25.6333332061768 25.6333332061768 25.6333332061768 25.6333332061768 25.6333332061768 25.6333332061768 25.6333332061768 25.6166667938232 25.6166667938232 25.6000003814697 25.6000003814697 25.6000003814697 25.5833320617676 25.5833320617676 25.6000003814697 25.6000003814697
25.5666656494141 25.6000003814697 25.6333332061768 25.6333332061768 25.6333332061768 25.6333332061768 25.6333332061768 25.6333332061768 25.6833324432373 25.7333335876465 25.7333335876465 25.7000007629395 25.6833343505859 25.7000007629395 25.6166667938232 25.6499996185303 25.6666660308838 25.7000007629395 25.716667175293 25.7666664123535 25.7666664123535 25.7666664123535 25.7666664123535 25.7666664123535 25.7666664123535 25.783332824707 25.7666664123535 25.7666664123535 25.716667175293 25.7000007629395 25.6833343505859 25.7000007629395 25.6499996185303 25.6333332061768 25.6333332061768 25.6333332061768 25.6333332061768 25.6333332061768 25.6333332061768 25.6333332061768 25.6333332061768 25.6333332061768 25.6499996185303 25.6166667938232 25.6166667938232 25.6000003814697 25.6000003814697 25.5833320617676 25.5833320617676 25.6000003814697
25.6166667938232 25.6333332061768 25.6333332061768 25.6666660308838 25.6666660308838 25.6666660308838 25.6666660308838 25.6666660308838 25.6833324432373 25.716667175293 25.716667175293 25.7333335876465 25.7333335876465 25.7000007629395 25.7000007629395 25.6833343505859 25.6833343505859 25.7000007629395 25.7333335876465 25.7666664123535 25.7666664123535 25.7666664123535 25.7666664123535 25.7666664123535 25.7666664123535 25.75 25.716667175293 25.716667175293 25.716667175293 25.7000007629395 25.6666679382324 25.7000007629395 25.6499996185303 25.6333332061768 25.6333332061768 25.6333332061768 25.6333332061768 25.6333332061768 25.6833343505859 25.6666679382324 25.6666679382324 25.6499996185303 25.6499996185303 25.6499996185303 25.6166667938232 25.6000003814697 25.6000003814697 25.6000003814697 25.6000003814697 25.6000003814697
25.6333332061768 25.6499996185303 25.6666660308838 25.6666660308838 25.6666660308838 25.6666660308838 25.7000007629395 25.7000007629395 25.7000007629395 25.716667175293 25.7333335876465 25.7333335876465 25.716667175293 25.716667175293 25.7333335876465 25.7000007629395 25.7000007629395 25.6833343505859 25.7333335876465 25.75 25.7666664123535 25.7666664123535 25.7666664123535 25.75 25.716667175293 25.716667175293 25.716667175293 25.716667175293 25.6833343505859 25.6833343505859 25.6666679382324 25.6666679382324 25.6666679382324 25.6499996185303 25.6333332061768 25.6333332061768 25.6333332061768 25.6833343505859 25.7000007629395 25.6666679382324 25.6666679382324 25.6666679382324 25.6666679382324 25.6499996185303 25.6166667938232 25.6000003814697 25.6000003814697 25.6000003814697 25.6000003814697 25.6000003814697
25.6499996185303 25.6499996185303 25.6666660308838 25.6666660308838 25.6833324432373 25.716667175293 25.716667175293 25.716667175293 25.716667175293 25.716667175293 25.7333335876465 25.7333335876465 25.7333335876465 25.716667175293 25.7666664123535 25.7666664123535 25.7333335876465 25.6833343505859 25.7333335876465 25.75 25.75 25.7666664123535 25.75 25.75 25.716667175293 25.716667175293 25.716667175293 25.716667175293 25.6833343505859 25.6666679382324 25.6666679382324 25.6666679382324 25.6833343505859 25.6666679382324 25.6666679382324 25.6499996185303 25.6333332061768 25.6499996185303 25.7000007629395 25.6833343505859 25.7000007629395 25.6666679382324 25.6666679382324 25.6666679382324 25.6666679382324 25.6000003814697 25.6000003814697 25.6000003814697 25.6000003814697 25.6000003814697
25.6499996185303 25.6666660308838 25.6833324432373 25.716667175293 25.7333335876465 25.7333335876465 25.716667175293 25.716667175293 25.7333335876465 25.75 25.75 25.7333335876465 25.7333335876465 25.716667175293 25.7666664123535 25.783332824707 25.75 25.7000007629395 25.75 25.75 25.75 25.75 25.7666664123535 25.716667175293 25.7000007629395 25.7000007629395 25.7000007629395 25.716667175293 25.7000007629395 25.6833343505859 25.6666679382324 25.6666679382324 25.6666679382324 25.7000007629395 25.6833343505859 25.6666679382324 25.6499996185303 25.6499996185303 25.6666679382324 25.7000007629395 25.7000007629395 25.6666679382324 25.6666679382324 25.6333332061768 25.6333332061768 25.6166667938232 25.6000003814697 25.6000003814697 25.6000003814697 25.6499996185303
25.7000007629395 25.6833324432373 25.7000007629395 25.716667175293 25.7333335876465 25.75 25.716667175293 25.716667175293 25.716667175293 25.7333335876465 25.75 25.7333335876465 25.7333335876465 25.716667175293 25.716667175293 25.783332824707 25.75 25.7000007629395 25.75 25.75 25.75 25.75 25.75 25.7333335876465 25.7000007629395 25.716667175293 25.7000007629395 25.716667175293 25.7000007629395 25.6833343505859 25.6833343505859 25.6666679382324 25.6666679382324 25.7000007629395 25.6833343505859 25.6833343505859 25.6666679382324 25.6499996185303 25.6499996185303 25.6666679382324 25.7000007629395 25.7000007629395 25.6666679382324 25.6499996185303 25.6333332061768 25.6166667938232 25.6166667938232 25.6000003814697 25.6333332061768 25.6499996185303
25.7000007629395 25.7000007629395 25.716667175293 25.716667175293 25.7333335876465 25.75 25.7333335876465 25.7333335876465 25.7333335876465 25.75 25.7333335876465 25.7333335876465 25.7333335876465 25.7333335876465 25.7333335876465 25.7666664123535 25.75 25.716667175293 25.75 25.75 25.75 25.7333335876465 25.7333335876465 25.75 25.7333335876465 25.7333335876465 25.7000007629395 25.7333335876465 25.716667175293 25.6833343505859 25.7000007629395 25.7000007629395 25.6666679382324 25.7000007629395 25.716667175293 25.6833343505859 25.7000007629395 25.6833343505859 25.6499996185303 25.6499996185303 25.7000007629395 25.7000007629395 25.6833343505859 25.6833343505859 25.6666679382324 25.6166667938232 25.6166667938232 25.6666679382324 25.6833343505859 25.6833343505859
25.7000007629395 25.7000007629395 25.716667175293 25.716667175293 25.7333335876465 25.7666664123535 25.7666664123535 25.7333335876465 25.7333335876465 25.7333335876465 25.7333335876465 25.716667175293 25.75 25.75 25.75 25.7666664123535 25.7666664123535 25.7333335876465 25.75 25.75 25.716667175293 25.7333335876465 25.7333335876465 25.75 25.7333335876465 25.716667175293 25.7333335876465 25.7333335876465 25.716667175293 25.6833343505859 25.716667175293 25.716667175293 25.7000007629395 25.716667175293 25.7333335876465 25.7000007629395 25.6833343505859 25.6666679382324 25.6666679382324 25.6499996185303 25.6666679382324 25.6666679382324 25.6833343505859 25.6499996185303 25.6833343505859 25.6833343505859 25.6833343505859 25.6666679382324 25.6833343505859 25.6833343505859
25.7000007629395 25.716667175293 25.716667175293 25.75 25.7666664123535 25.75 25.75 25.7333335876465 25.75 25.7333335876465 25.7333335876465 25.716667175293 25.7333335876465 25.75 25.75 25.75 25.7666664123535 25.75 25.7333335876465 25.7333335876465 25.716667175293 25.716667175293 25.7333335876465 25.75 25.7333335876465 25.7333335876465 25.7333335876465 25.716667175293 25.7000007629395 25.716667175293 25.7333335876465 25.7333335876465 25.7333335876465 25.75 25.7000007629395 25.6833343505859 25.7000007629395 25.6666679382324 25.6666679382324 25.6666679382324 25.6499996185303 25.6666679382324 25.6666679382324 25.6499996185303 25.6666679382324 25.6833343505859 25.6833343505859 25.6833343505859 25.6833343505859 25.6833343505859
25.75 25.75 25.75 25.783332824707 25.783332824707 25.7666664123535 25.75 25.7333335876465 25.783332824707 25.7333335876465 25.7333335876465 25.7666664123535 25.783332824707 25.783332824707 25.75 25.7333335876465 25.75 25.783332824707 25.75 25.7333335876465 25.7333335876465 25.7333335876465 25.7333335876465 25.75 25.783332824707 25.7333335876465 25.7333335876465 25.7333335876465 25.716667175293 25.75 25.75 25.7333335876465 25.75 25.75 25.6833343505859 25.6666679382324 25.6833343505859 25.6833343505859 25.6499996185303 25.6666679382324 25.6499996185303 25.6666679382324 25.6499996185303 25.6499996185303 25.7000007629395 25.7000007629395 25.7000007629395 25.6833343505859 25.6833343505859 25.6833343505859
25.783332824707 25.7999992370605 25.7999992370605 25.8166675567627 25.8166675567627 25.7666664123535 25.75 25.7333335876465 25.75 25.7666664123535 25.75 25.75 25.783332824707 25.783332824707 25.7666664123535 25.75 25.7333335876465 25.783332824707 25.75 25.7333335876465 25.7333335876465 25.75 25.7333335876465 25.75 25.75 25.7333335876465 25.7333335876465 25.7333335876465 25.7333335876465 25.75 25.7333335876465 25.7000007629395 25.75 25.7333335876465 25.6833343505859 25.6833343505859 25.6666679382324 25.6499996185303 25.6499996185303 25.6666679382324 25.6499996185303 25.6333332061768 25.6499996185303 25.6833343505859 25.7000007629395 25.7000007629395 25.7000007629395 25.7000007629395 25.7000007629395 25.7000007629395
25.8166675567627 25.8166675567627 25.8166675567627 25.8166675567627 25.8166675567627 25.7999992370605 25.783332824707 25.7999992370605 25.7666664123535 25.7999992370605 25.7666664123535 25.7666664123535 25.783332824707 25.783332824707 25.783332824707 25.7333335876465 25.7333335876465 25.7666664123535 25.7333335876465 25.7333335876465 25.75 25.75 25.75 25.75 25.7333335876465 25.7333335876465 25.7333335876465 25.7333335876465 25.7333335876465 25.7333335876465 25.7333335876465 25.7000007629395 25.716667175293 25.716667175293 25.6833343505859 25.6666679382324 25.6833343505859 25.6666679382324 25.6499996185303 25.6499996185303 25.6666679382324 25.6666679382324 25.6666679382324 25.6833343505859 25.6833343505859 25.7000007629395 25.7000007629395 25.7000007629395 25.7000007629395 25.7000007629395
25.8166675567627 25.8166675567627 25.8166675567627 25.8166675567627 25.8166675567627 25.7999992370605 25.7999992370605 25.8166675567627 25.8166675567627 25.8166675567627 25.7999992370605 25.783332824707 25.783332824707 25.783332824707 25.783332824707 25.783332824707 25.7666664123535 25.7666664123535 25.7333335876465 25.7333335876465 25.75 25.75 25.75 25.783332824707 25.7333335876465 25.7333335876465 25.7333335876465 25.7333335876465 25.7333335876465 25.7333335876465 25.7333335876465 25.716667175293 25.7333335876465 25.716667175293 25.6833343505859 25.6666679382324 25.6499996185303 25.6499996185303 25.6499996185303 25.6499996185303 25.6666679382324 25.6666679382324 25.6666679382324 25.6666679382324 25.6833343505859 25.6833343505859 25.6833343505859 25.7000007629395 25.7000007629395 25.7000007629395
25.8500003814697 25.8166675567627 25.8166675567627 25.8166675567627 25.7999992370605 25.7999992370605 25.8166675567627 25.7999992370605 25.7999992370605 25.8166675567627 25.8166675567627 25.783332824707 25.7999992370605 25.7999992370605 25.7999992370605 25.7999992370605 25.7999992370605 25.7999992370605 25.7333335876465 25.7333335876465 25.7333335876465 25.7333335876465 25.75 25.783332824707 25.7333335876465 25.7333335876465 25.7333335876465 25.7333335876465 25.7333335876465 25.7333335876465 25.7333335876465 25.7333335876465 25.7333335876465 25.716667175293 25.6666679382324 25.6499996185303 25.6499996185303 25.6499996185303 25.6499996185303 25.6499996185303 25.6666679382324 25.6666679382324 25.6666679382324 25.6666679382324 25.6666679382324 25.6833343505859 25.6833343505859 25.6833343505859 25.6833343505859 25.7000007629395
25.8666667938232 25.8333339691162 25.8166675567627 25.8166675567627 25.8166675567627 25.8166675567627 25.8166675567627 25.7999992370605 25.7999992370605 25.783332824707 25.783332824707 25.7666664123535 25.783332824707 25.7666664123535 25.7666664123535 25.7999992370605 25.7999992370605 25.7999992370605 25.75 25.7333335876465 25.7333335876465 25.7333335876465 25.7333335876465 25.7333335876465 25.783332824707 25.7333335876465 25.7333335876465 25.7333335876465 25.7333335876465 25.7333335876465 25.7000007629395 25.716667175293 25.7000007629395 25.716667175293 25.7000007629395 25.6499996185303 25.6333332061768 25.6499996185303 25.6499996185303 25.6666679382324 25.6666679382324 25.6666679382324 25.6666679382324 25.6666679382324 25.6666679382324 25.6666679382324 25.6833343505859 25.6833343505859 25.6833343505859 25.7000007629395
25.8666667938232 25.8333339691162 25.8333339691162 25.8166675567627 25.8166675567627 25.7999992370605 25.7999992370605 25.7999992370605 25.7999992370605 25.7999992370605 25.783332824707 25.783332824707 25.7666664123535 25.7666664123535 25.783332824707 25.7999992370605 25.7999992370605 25.7666664123535 25.75 25.7333335876465 25.7333335876465 25.7333335876465 25.7333335876465 25.7333335876465 25.7333335876465 25.7333335876465 25.7333335876465 25.716667175293 25.716667175293 25.7000007629395 25.7000007629395 25.6833343505859 25.7000007629395 25.716667175293 25.7000007629395 25.6499996185303 25.6333332061768 25.6499996185303 25.6499996185303 25.6833343505859 25.6833343505859 25.6833343505859 25.6833343505859 25.6833343505859 25.6666679382324 25.6666679382324 25.6666679382324 25.6666679382324 25.6833343505859 25.6833343505859
25.8999996185303 25.8833332061768 25.8333339691162 25.8333339691162 25.8166675567627 25.7999992370605 25.7999992370605 25.7999992370605 25.7999992370605 25.7999992370605 25.783332824707 25.783332824707 25.7666664123535 25.7666664123535 25.7666664123535 25.7666664123535 25.7999992370605 25.7666664123535 25.75 25.75 25.75 25.7333335876465 25.7333335876465 25.7333335876465 25.7333335876465 25.7333335876465 25.7333335876465 25.716667175293 25.716667175293 25.7000007629395 25.7000007629395 25.7000007629395 25.7000007629395 25.7000007629395 25.7000007629395 25.6499996185303 25.6333332061768 25.6666679382324 25.7000007629395 25.6833343505859 25.6833343505859 25.6833343505859 25.6833343505859 25.6833343505859 25.6666679382324 25.6666679382324 25.6666679382324 25.6666679382324 25.6499996185303 25.6666679382324
