Demos/Rbased/CrashCourse/data/climate_processing/PresentLayers/Pyxidanthera_brevifolia/bio_9.asc
NCOLS 215 
NROWS 157 
XLLCORNER -80.4833333333333 
YLLCORNER 34.2333333333333 
CELLSIZE 0.00833333333333336 
NODATA_value -9999 
[rows 132 to 153 of 157, columns 0 to 48 of 215]
-9999 11.8666667938232 11.8666667938232 11.8666667938232 11.8666667938232 11.8166666030884 11.783332824707 11.7666664123535 11.8166666030884 11.8166666030884 11.8333330154419 11.8500003814697 11.9166669845581 11.9166669845581 11.9166669845581 11.9333333969116 11.9333333969116 11.966667175293 12 12.0166673660278 12.0166664123535 12.0166664123535 12.0333337783813 12.0500001907349 12.0333337783813 11.9833335876465 12.0333337783813 12.0333337783813 12.0500001907349 12.0500001907349 12.1000003814697 12.1499996185303 12.1666669845581 12.1833333969116 12.1333332061768 12.2666664123535 12.4166669845581 12.5500001907349 12.6666669845581 12.7666664123535 12.6833333969116 12.5500001907349 12.3999996185303 12.3500003814697 12.3000001907349 12.1833333969116 12.1333332061768 12.1666669845581 12.1999998092651
-9999 -9999 11.8666667938232 11.8833332061768 11.8999996185303 11.8666667938232 11.8166666030884 11.8166666030884 11.8166666030884 11.8333330154419 11.8666667938232 11.9166669845581 11.9333333969116 11.9333333969116 11.966667175293 11.966667175293 11.9333333969116 11.9499998092651 12 12.0166673660278 12.0333337783813 12.0166664123535 12.0166664123535 12 12.0333337783813 12.0333337783813 12.0166664123535 12.0166664123535 12.0166664123535 12.0333337783813 12.0833330154419 12.1333332061768 12.1833333969116 12.1833333969116 12.1666669845581 12.3000001907349 12.4499998092651 12.5833339691162 12.75 12.8666667938232 12.8000001907349 12.6000003814697 12.5 12.4166669845581 12.3166666030884 12.1833333969116 12.1999998092651 12.2333335876465 12.2666664123535
-9999 -9999 11.8666667938232 11.8666667938232 11.9166669845581 11.9166669845581 11.8666667938232 11.8333330154419 11.8500003814697 11.8833332061768 11.9166669845581 11.9166669845581 11.9166669845581 11.9333333969116 11.966667175293 11.9499998092651 11.9333333969116 11.9499998092651 12 12.0166673660278 12.0666666030884 12.0166664123535 11.9833335876465 12.0166664123535 12.0333337783813 12.0833330154419 12.0166664123535 12.0166664123535 12.0166664123535 12.0166664123535 12.0500001907349 12.1000003814697 12.1666669845581 12.1666669845581 12.1833333969116 12.283332824707 12.3833332061768 12.5666666030884 12.6666669845581 12.8500003814697 12.75 12.6499996185303 12.5333337783813 12.3999996185303 12.25 12.216667175293 12.2333335876465 12.2666664123535 12.283332824707
-9999 -9999 -9999 11.8666667938232 11.8999996185303 11.9166669845581 11.9166669845581 11.8999996185303 11.8999996185303 11.9166669845581 11.966667175293 11.9499998092651 11.9166669845581 11.9499998092651 11.966667175293 11.966667175293 11.966667175293 11.9499998092651 12 12.0333337783813 12.0666666030884 12.0500001907349 12.0166664123535 12.0333337783813 12.0666666030884 12.0500001907349 12.0166664123535 12.0166664123535 12.0166664123535 12.0166664123535 12.0666666030884 12.1000003814697 12.1666669845581 12.1666669845581 12.1833333969116 12.3166666030884 12.3999996185303 12.4833335876465 12.6000003814697 12.75 12.6666669845581 12.5500001907349 12.4166669845581 12.3333330154419 12.2666664123535 12.216667175293 12.2666664123535 12.3000001907349 12.3166666030884
-9999 -9999 -9999 11.8666667938232 11.8666667938232 11.9000005722046 11.9499998092651 11.9333333969116 11.9499998092651 11.9499998092651 11.966667175293 11.966667175293 11.9499998092651 11.966667175293 11.966667175293 11.966667175293 11.966667175293 11.966667175293 12 12.0333337783813 12.0666666030884 12.0666666030884 12.0500001907349 12.0666666030884 12.0833330154419 12.0500001907349 12.0166664123535 12.0166664123535 12.0333337783813 12.0333337783813 12.0333337783813 12.1000003814697 12.1166667938232 12.1666669845581 12.1833333969116 12.2666664123535 12.3500003814697 12.466667175293 12.5500001907349 12.6666669845581 12.6499996185303 12.5500001907349 12.4333333969116 12.3500003814697 12.3000001907349 12.283332824707 12.3000001907349 12.3333330154419 12.3500003814697
-9999 -9999 -9999 -9999 11.8833332061768 11.8833332061768 11.8666667938232 11.8666667938232 11.8833332061768 11.9333333969116 11.9499998092651 11.966667175293 11.966667175293 11.966667175293 11.9499998092651 11.966667175293 11.966667175293 11.9833335876465 11.9833335876465 12.0333337783813 12.0666666030884 12.0666666030884 12.0833330154419 12.0833330154419 12.0500001907349 11.9833335876465 11.9833335876465 12 12.0666666030884 12.0500001907349 12.0500001907349 12.1166667938232 12.1333332061768 12.1500005722046 12.1833333969116 12.25 12.3333330154419 12.4166669845581 12.466667175293 12.5666666030884 12.5666666030884 12.466667175293 12.3999996185303 12.3333330154419 12.3000001907349 12.3000001907349 12.3500003814697 12.3666667938232 12.3833332061768
-9999 -9999 -9999 -9999 11.8333330154419 11.8500003814697 11.8833332061768 11.9000005722046 11.9000005722046 11.9000005722046 11.9333333969116 11.9499998092651 11.9499998092651 11.966667175293 11.9833335876465 11.966667175293 11.966667175293 11.9833335876465 12 12.0333337783813 12.0666666030884 12.0666666030884 12.1000003814697 12.0666666030884 12.0500001907349 12 12 12.0500001907349 12.0666666030884 12.0500001907349 12.0500001907349 12.0500001907349 12.0833330154419 12.1333332061768 12.1500005722046 12.2333335876465 12.3000001907349 12.3333330154419 12.3999996185303 12.5 12.5 12.4333333969116 12.3833332061768 12.3500003814697 12.3333330154419 12.3500003814697 12.3666667938232 12.3833332061768 12.4333333969116
-9999 -9999 -9999 -9999 -9999 11.8500003814697 11.9000005722046 11.9000005722046 11.9000005722046 11.9000005722046 11.8833332061768 11.8999996185303 11.9166669845581 11.966667175293 12 12 11.9833335876465 11.9833335876465 12.0500001907349 12.0666666030884 12.0833330154419 12.0500001907349 12.0833330154419 12.0833330154419 12.0666666030884 12.0333337783813 12.0333337783813 12.0666666030884 12.0333337783813 12.0500001907349 12.0333337783813 12.0500001907349 12.0666666030884 12.0666666030884 12.1333332061768 12.1999998092651 12.25 12.3333330154419 12.3999996185303 12.4333333969116 12.4499998092651 12.4333333969116 12.4166669845581 12.3999996185303 12.3833332061768 12.3666667938232 12.4166669845581 12.4333333969116 12.4333333969116
-9999 -9999 -9999 -9999 -9999 11.8666667938232 11.8833332061768 11.9000005722046 11.9000005722046 11.9000005722046 11.9000005722046 11.9166669845581 11.9166669845581 11.9499998092651 11.9833335876465 12.0166664123535 12.0166664123535 12.0833330154419 12.0833330154419 12.0666666030884 12.0833330154419 12.0833330154419 12.0666666030884 12.0833330154419 12.0833330154419 12.0833330154419 12.0666666030884 12.0333337783813 12.0500001907349 12.0333337783813 12.0333337783813 12.1000003814697 12.0833339691162 12.1000003814697 12.1333332061768 12.1666669845581 12.216667175293 12.3000001907349 12.3333330154419 12.4166669845581 12.4166669845581 12.4166669845581 12.3999996185303 12.3999996185303 12.3833332061768 12.3666667938232 12.3666667938232 12.3833332061768 12.3833332061768
-9999 -9999 -9999 -9999 -9999 -9999 11.8666667938232 11.8833332061768 11.9333333969116 11.9333333969116 11.9499998092651 11.966667175293 11.9833335876465 12 11.9833335876465 12 12.033332824707 12.0666666030884 12.0666666030884 12.0500001907349 12.0333337783813 12.0333337783813 12.0500001907349 12.0666666030884 12.0666666030884 12.1000003814697 12.0833330154419 12.0666666030884 12.0500001907349 12.0333337783813 12.0666666030884 12.1166667938232 12.0833339691162 12.1000003814697 12.1166667938232 12.1499996185303 12.216667175293 12.25 12.3333330154419 12.3833332061768 12.3833332061768 12.3833332061768 12.3833332061768 12.3666667938232 12.3500003814697 12.3666667938232 12.3666667938232 12.3999996185303 12.4166669845581
-9999 -9999 -9999 -9999 -9999 -9999 -9999 11.9333333969116 12 12 12 12 12 11.966667175293 11.9833335876465 12 12.0500001907349 12.0666666030884 12.0500001907349 12.0333337783813 12.0500001907349 12.0333337783813 12.0333337783813 12.0333337783813 12.0666666030884 12.0833330154419 12.1333332061768 12.1000003814697 12.0500001907349 12.0666666030884 12.1000003814697 12.1166667938232 12.1333332061768 12.1333332061768 12.1333332061768 12.1833333969116 12.216667175293 12.2333335876465 12.3166666030884 12.3833332061768 12.3833332061768 12.3833332061768 12.3833332061768 12.3833332061768 12.3666667938232 12.3666667938232 12.3666667938232 12.3999996185303 12.4166669845581
-9999 -9999 -9999 -9999 -9999 -9999 -9999 -9999 11.9833335876465 11.966667175293 12 11.966667175293 12 12 11.966667175293 12.0333337783813 12.0333337783813 12.0333337783813 12.0500001907349 12.0500001907349 12.0500001907349 12.0333337783813 12.0333337783813 12.0333337783813 12.0500001907349 12.1166667938232 12.1333332061768 12.1333332061768 12.1000003814697 12.1000003814697 12.1333332061768 12.1333332061768 12.1333332061768 12.1666669845581 12.1999998092651 12.216667175293 12.2333335876465 12.25 12.3000001907349 12.3666667938232 12.3500003814697 12.3833332061768 12.3833332061768 12.3666667938232 12.3666667938232 12.3666667938232 12.3999996185303 12.4166669845581 12.4166669845581
-9999 -9999 -9999 -9999 -9999 -9999 -9999 -9999 12.0166664123535 12.0333337783813 12.0166664123535 12 11.9666662216187 12 12.0333337783813 12.0333337783813 12.0333337783813 12.0333337783813 12.0500001907349 12.0666666030884 12.0500001907349 12.0333337783813 12.0333337783813 12.0333337783813 12.0500001907349 12.0833330154419 12.1333332061768 12.1333332061768 12.1333332061768 12.1000003814697 12.1166667938232 12.1333332061768 12.1833333969116 12.216667175293 12.2666664123535 12.25 12.2666664123535 12.3000001907349 12.3166666030884 12.3333330154419 12.3166666030884 12.3500003814697 12.3333330154419 12.3333330154419 12.3500003814697 12.3666667938232 12.3999996185303 12.4166669845581 12.4166669845581
-9999 -9999 -9999 -9999 -9999 -9999 -9999 -9999 -9999 12.0333337783813 12.0500001907349 12.0500001907349 12.0333337783813 12.0333337783813 12.0500001907349 12.0333337783813 12.0333337783813 12.0500001907349 12.0833330154419 12.0833330154419 12.0833330154419 12.0666666030884 12.0666666030884 12.0500001907349 12.0833330154419 12.1333332061768 12.1333332061768 12.1499996185303 12.1499996185303 12.1499996185303 12.1166667938232 12.1833333969116 12.1666669845581 12.2333335876465 12.25 12.2833337783813 12.3000001907349 12.3333330154419 12.3500003814697 12.3500003814697 12.3500003814697 12.3666667938232 12.3666667938232 12.3333330154419 12.3333330154419 12.3999996185303 12.3999996185303 12.4166669845581 12.4166669845581
-9999 -9999 -9999 -9999 -9999 -9999 -9999 -9999 -9999 -9999 12.0166664123535 12.0500001907349 12.0666666030884 12.0666666030884 12.0500001907349 12.0666666030884 12.0666666030884 12.1000003814697 12.1000003814697 12.0666666030884 12.0833330154419 12.0666666030884 12.1000003814697 12.0833330154419 12.1000003814697 12.1333332061768 12.1499996185303 12.1499996185303 12.1499996185303 12.1666669845581 12.1666669845581 12.1833333969116 12.2166662216187 12.2666664123535 12.3000001907349 12.3333330154419 12.3500003814697 12.3500003814697 12.3666667938232 12.3666667938232 12.3666667938232 12.3833332061768 12.3833332061768 12.3666667938232 12.3666667938232 12.3833332061768 12.4166669845581 12.4166669845581 12.4333333969116
-9999 -9999 -9999 -9999 -9999 -9999 -9999 -9999 -9999 -9999 -9999 -9999 12.0666666030884 12.0666666030884 12.0666666030884 12.0833330154419 12.1000003814697 12.1166667938232 12.0833330154419 12.1000003814697 12.0833330154419 12.0666666030884 12.0833330154419 12.1000003814697 12.1333332061768 12.1499996185303 12.1499996185303 12.1666669845581 12.1666669845581 12.1999998092651 12.1999998092651 12.2166662216187 12.25 12.3000001907349 12.3500003814697 12.3500003814697 12.3666667938232 12.3666667938232 12.3833332061768 12.3999996185303 12.3999996185303 12.3999996185303 12.3833332061768 12.3833332061768 12.3666667938232 12.3666667938232 12.4166669845581 12.4166669845581 12.4333333969116
-9999 -9999 -9999 -9999 -9999 -9999 -9999 -9999 -9999 -9999 -9999 -9999 -9999 12.1333332061768 12.1000003814697 12.1000003814697 12.0833330154419 12.1166667938232 12.1000003814697 12.0833330154419 12.0833330154419 12.0500001907349 12.0833330154419 12.1166667938232 12.1499996185303 12.1499996185303 12.1666669845581 12.1833333969116 12.1833333969116 12.2166662216187 12.2166662216187 12.2666664123535 12.2666664123535 12.3333330154419 12.3500003814697 12.3666667938232 12.3833332061768 12.3833332061768 12.4333333969116 12.4333333969116 12.4333333969116 12.4166660308838 12.3999996185303 12.3999996185303 12.3999996185303 12.3999996185303 12.4166669845581 12.4333333969116 12.4333333969116
-9999 -9999 -9999 -9999 -9999 -9999 -9999 -9999 -9999 -9999 -9999 -9999 -9999 -9999 12.1333332061768 12.1166667938232 12.0666666030884 12.0666666030884 12.1166667938232 12.1166667938232 12.1166667938232 12.1000003814697 12.1666669845581 12.1666669845581 12.1666669845581 12.1666669845581 12.1666669845581 12.1833333969116 12.1999998092651 12.2166662216187 12.25 12.25 12.2666664123535 12.3333330154419 12.3666667938232 12.3833332061768 12.3999996185303 12.4166669845581 12.4333333969116 12.4499998092651 12.4333333969116 12.4499998092651 12.4333333969116 12.3999996185303 12.3999996185303 12.3999996185303 12.4166669845581 12.4333333969116 12.4333333969116
-9999 -9999 -9999 -9999 -9999 -9999 -9999 -9999 -9999 -9999 -9999 -9999 -9999 -9999 -9999 -9999 12.1166667938232 12.1333332061768 12.1333332061768 12.1833333969116 12.1833333969116 12.1999998092651 12.1999998092651 12.1999998092651 12.1999998092651 12.1999998092651 12.2166662216187 12.2166662216187 12.2333335876465 12.25 12.283332824707 12.3166666030884 12.283332824707 12.3333330154419 12.3833332061768 12.3833332061768 12.3999996185303 12.3999996185303 12.4166669845581 12.4666662216187 12.4666662216187 12.4499998092651 12.4333333969116 12.4166669845581 12.4166669845581 12.4333333969116 12.4333333969116 12.4333333969116 12.4499998092651
-9999 -9999 -9999 -9999 -9999 -9999 -9999 -9999 -9999 -9999 -9999 -9999 -9999 -9999 -9999 -9999 -9999 12.1499996185303 12.1499996185303 12.1833333969116 12.2166662216187 12.2333335876465 12.2166662216187 12.1999998092651 12.2166662216187 12.2333335876465 12.2666664123535 12.3000001907349 12.3000001907349 12.3000001907349 12.3333330154419 12.3500003814697 12.3333330154419 12.3500003814697 12.3500003814697 12.3500003814697 12.3999996185303 12.3999996185303 12.3999996185303 12.4166669845581 12.4166669845581 12.4333333969116 12.4333333969116 12.4333333969116 12.4333333969116 12.4333333969116 12.4499998092651 12.4499998092651 12.4499998092651
-9999 -9999 -9999 -9999 -9999 -9999 -9999 -9999 -9999 -9999 -9999 -9999 -9999 -9999 -9999 -9999 -9999 -9999 -9999 12.1999998092651 12.2333335876465 12.2833337783813 12.25 12.2833337783813 12.3500003814697 12.3333330154419 12.3500003814697 12.3500003814697 12.3500003814697 12.3666667938232 12.3666667938232 12.3833332061768 12.3500003814697 12.3333330154419 12.3333330154419 12.3500003814697 12.3833332061768 12.3833332061768 12.4166669845581 12.4333333969116 12.4333333969116 12.4333333969116 12.4333333969116 12.4333333969116 12.4333333969116 12.4499998092651 12.4499998092651 12.4499998092651 12.4499998092651
-9999 -9999 -9999 -9999 -9999 -9999 -9999 -9999 -9999 -9999 -9999 -9999 -9999 -9999 -9999 -9999 -9999 -9999 -9999 -9999 -9999 12.3000001907349 12.3166666030884 12.3500003814697 12.3500003814697 12.3500003814697 12.3500003814697 12.3666667938232 12.4166669845581 12.4166669845581 12.4166669845581 12.3999996185303 12.3999996185303 12.3333330154419 12.3333330154419 12.3500003814697 12.3666667938232 12.4000005722046 12.4166669845581 12.4333333969116 12.4333333969116 12.4333333969116 12.4333333969116 12.4333333969116 12.4499998092651 12.4499998092651 12.4499998092651 12.4499998092651 12.4499998092651
