Demos/Rbased/CrashCourse/data/climate_processing/PresentLayers/Pyxidanthera_brevifolia/bio_3.asc
NCOLS 275 
NROWS 194 
XLLCORNER -80.3749999998233 
YLLCORNER 33.9 
CELLSIZE 0.00833333333316008 
NODATA_value -9999 
[rows 0 to 21 of 194, columns 144 to 191 of 275]
-9999 -9999 -9999 -9999 -9999 -9999 -9999 -9999 -9999 -9999 -9999 -9999 -9999 -9999 -9999 -9999 -9999 -9999 -9999 -9999 -9999 -9999 -9999 -9999 -9999 -9999 -9999 -9999 -9999 -9999 -9999 -9999 -9999 -9999 38.9558258056641 38.9224586486816 38.7714004516602 38.746223449707 38.7550201416016 -9999 -9999 -9999 -9999 -9999 -9999 -9999 -9999 -9999
-9999 -9999 -9999 -9999 -9999 -9999 -9999 -9999 -9999 -9999 -9999 -9999 -9999 -9999 -9999 -9999 -9999 -9999 -9999 -9999 -9999 -9999 -9999 -9999 -9999 39.4710578918457 39.4211578369141 39.1817283630371 39.0735168457031 38.8721046447754 39.0735168457031 39.0735130310059 39.0813255310059 39.056224822998 38.9728088378906 38.7965774536133 38.7210464477539 38.7714004516602 38.7801208496094 38.7887878417969 38.7210502624512 38.5951690673828 38.5699920654297 -9999 -9999 -9999 -9999 -9999
-9999 -9999 -9999 -9999 -9999 -9999 -9999 -9999 -9999 -9999 -9999 -9999 -9999 -9999 -9999 39.3712577819824 39.5645637512207 39.4894905090332 39.432731628418 39.3072280883789 39.4578323364258 39.3893890380859 39.4829330444336 39.4710578918457 39.4710578918457 39.3643646240234 39.3962097167969 39.3825302124023 39.1566276550293 39.141414642334 39.1064262390137 39.1238670349121 39.1141128540039 38.9728088378906 38.8131294250488 38.8383827209473 38.8721046447754 38.7965774536133 38.7714004516602 38.7637634277344 38.6706962585449 38.5951652526855 38.5951690673828 38.5196380615234 38.4789161682129 -9999 -9999 -9999
-9999 -9999 -9999 -9999 -9999 -9999 39.4710578918457 39.3393402099609 39.2642631530762 39.2642631530762 39.3712577819824 39.2892913818359 39.2392387390137 39.2142143249512 39.3893890380859 39.3643646240234 39.3323287963867 39.2821273803711 39.4076309204102 39.3393402099609 39.4644660949707 39.4461097717285 39.5395393371582 39.5145149230957 39.3825302124023 39.3825302124023 39.4394416809082 39.3213577270508 39.2142143249512 39.1742210388184 39.1238670349121 39.1566276550293 39.1064262390137 38.8972816467285 38.762622833252 38.8131294250488 38.7714004516602 38.7550201416016 38.6797180175781 38.7637634277344 38.7048187255859 38.6295204162598 38.5040168762207 38.4789161682129 38.4538154602051 38.7048187255859 38.4884872436523 -9999
39.1791038513184 39.1217575073242 39.1467094421387 39.2288551330566 39.2039833068848 39.346305847168 39.2215576171875 39.1891899108887 39.1891899108887 39.1391410827637 39.1891899108887 39.2642631530762 39.1141128540039 39.1817283630371 39.1641654968262 39.1742210388184 39.2245712280273 39.1566276550293 39.2319259643555 39.3252754211426 39.3072280883789 39.4644660949707 39.3825302124023 39.3504524230957 39.1993980407715 39.3001022338867 39.3072280883789 39.4829330444336 39.3825302124023 39.4076309204102 39.2570266723633 39.2068290710449 39.056224822998 38.9979858398438 38.8721046447754 38.8383827209473 38.7626266479492 38.7048187255859 38.8805236816406 38.7801208496094 38.6706962585449 38.5699920654297 38.5196380615234 38.6203422546387 38.6295166015625 38.6386413574219 38.5040168762207 38.4287147521973
39.1293525695801 39.0547256469727 39.096809387207 39.096809387207 39.1391410827637 39.0890884399414 39.1217575073242 39.0968055725098 39.1891899108887 39.0390396118164 39.1141128540039 38.9889907836914 38.9809226989746 39.0311241149902 39.1490440368652 39.0231628417969 39.1490440368652 39.1490440368652 39.1566276550293 39.3323287963867 39.4578323364258 39.4076309204102 39.3252754211426 39.217170715332 39.1238670349121 39.3504524230957 39.3323287963867 39.3574295043945 39.2245712280273 39.2749252319336 39.1490440368652 39.1238670349121 39.056224822998 39.1817283630371 39.098690032959 38.8972816467285 38.7714004516602 38.9224586486816 38.8805236816406 38.6455192565918 38.6203422546387 38.5699920654297 38.5448150634766 38.5699920654297 38.6636657714844 38.5040168762207 38.5699920654297 38.4287147521973
39.0718574523926 38.972053527832 38.972053527832 39.0469093322754 38.9389381408691 39.0390396118164 38.9889907836914 39.0890884399414 39.1566276550293 39.1315269470215 39.1315269470215 39.1064262390137 39.0060234069824 39.0735168457031 39.04833984375 39.0231628417969 39.1817283630371 39.3072280883789 39.3756294250488 39.400806427002 39.3686866760254 39.4259834289551 39.2929306030273 39.2929306030273 39.3504524230957 39.400806427002 39.2821273803711 39.217170715332 39.141414642334 39.1238670349121 39.098690032959 38.8131294250488 38.9898986816406 39.0151519775391 39.0311241149902 38.9809226989746 38.9224586486816 39.0060234069824 38.7048187255859 38.6455192565918 38.6203422546387 38.5699920654297 38.6706962585449 38.5793151855469 38.5885887145996 38.5699882507324 38.4692840576172 38.4441070556641
38.7974090576172 38.9389419555664 38.8223571777344 39.0469093322754 38.9889907836914 39.0640640258789 38.9889907836914 39.056224822998 39.0813255310059 39.1391410827637 39.1391410827637 39.1141128540039 39.1566276550293 39.1315269470215 38.9728126525879 38.9979858398438 39.0735168457031 39.1238670349121 39.3001022338867 38.9979858398438 39.1919212341309 39.1919174194336 39.2424240112305 39.2929306030273 39.2749252319336 39.2424240112305 39.1161613464355 39.141414642334 39.1490440368652 39.0231628417969 38.9141426086426 38.880443572998 38.8888893127441 38.8131332397461 38.8972816467285 39.0060234069824 38.9139137268066 38.9139137268066 38.7299194335938 38.7210464477539 38.6363639831543 38.5699920654297 38.5542144775391 38.6136131286621 38.5291175842285 38.4538154602051 38.3785133361816 38.328311920166
38.8223571777344 38.8972053527832 38.9720573425293 39.0469093322754 38.9889907836914 39.0890884399414 39.1141128540039 39.1141128540039 39.1141128540039 39.0890884399414 39.1391410827637 39.0890884399414 39.1141128540039 39.2068290710449 38.9476356506348 38.9898986816406 38.9224586486816 39.1238670349121 39.04833984375 38.9393920898438 38.9646453857422 38.9646453857422 39.141414642334 39.1161613464355 39.0656585693359 39.0577507019043 38.9646492004395 38.9979858398438 39.04833984375 38.8131332397461 38.7878799438477 38.8131332397461 38.8636360168457 38.9224586486816 38.8721046447754 38.7965774536133 38.7965774536133 38.8388404846191 38.8638648986816 38.8052215576172 38.5291175842285 38.5291175842285 38.6797180175781 38.6295166015625 38.5196380615234 38.4287147521973 38.4538154602051 38.4538154602051
38.9221572875977 38.9471092224121 38.9221572875977 38.9970092773438 39.0390396118164 39.0390396118164 39.0890884399414 39.1391410827637 39.1141128540039 39.0890884399414 39.0390396118164 39.1641654968262 39.0640640258789 39.0640640258789 38.9558258056641 38.9979858398438 38.9141387939453 38.8888893127441 38.9393920898438 38.8131294250488 38.7878799438477 38.8888893127441 39.0070915222168 38.9898986816406 39.0656585693359 38.9476318359375 38.9476318359375 38.9979858398438 38.8721046447754 38.7878799438477 38.7121238708496 38.6868705749512 38.7965774536133 38.7714004516602 38.6455192565918 38.5858612060547 38.6203422546387 38.7048187255859 38.8721046447754 38.8554229736328 38.7550201416016 38.6546173095703 38.7137145996094 38.5040168762207 38.4944610595703 38.4441070556641 38.4692840576172 38.4441070556641
38.9970092773438 39.0390396118164 39.0390396118164 39.0219573974609 39.0640640258789 39.0640640258789 39.0640640258789 39.0469093322754 39.0890884399414 38.9639663696289 39.0640640258789 39.0219573974609 38.8972053527832 39.0140151977539 39.0311241149902 38.9809226989746 38.9558258056641 38.8721046447754 38.8469314575195 38.7626266479492 38.8131294250488 38.7121200561523 38.7878799438477 38.9646492004395 38.9141426086426 38.7714004516602 38.7714004516602 38.8972816467285 38.6706962585449 38.7121238708496 38.6868705749512 38.6706962585449 38.6546173095703 38.6203422546387 38.6363639831543 38.6616172790527 38.4848480224609 38.5858573913574 38.6363639831543 38.7210464477539 38.7137145996094 38.6136131286621 38.8052215576172 38.5885887145996 38.5291175842285 38.4287147521973 38.4287147521973 38.3785133361816
38.9889907836914 39.0140151977539 38.9139137268066 38.9639663696289 39.0718574523926 39.0140151977539 38.8888893127441 38.9389381408691 39.0469093322754 39.0219573974609 39.096809387207 38.9970092773438 38.8473052978516 38.9889907836914 39.0813255310059 38.9558258056641 38.9809226989746 39.0231628417969 38.8805236816406 38.8721046447754 38.7965774536133 38.746223449707 38.7121200561523 38.7626266479492 38.7626266479492 38.7626266479492 38.7965774536133 38.6546173095703 38.6706962585449 38.6958694458008 38.5793151855469 38.5542144775391 38.6203422546387 38.5699920654297 38.5606079101562 38.5353546142578 38.5606079101562 38.5606079101562 38.6111106872559 38.5699882507324 38.4789161682129 38.8303184509277 38.6886901855469 38.7048187255859 38.5291137695312 38.5699920654297 38.5699920654297 38.5040168762207
38.9139137268066 39.0140151977539 38.9889907836914 38.9139137268066 38.9471092224121 38.9720573425293 38.9389381408691 38.9139137268066 38.9720573425293 38.9720573425293 39.0640640258789 39.0469055175781 38.9970092773438 39.0390396118164 39.0890884399414 39.0140151977539 38.9389381408691 38.9809226989746 38.9056243896484 38.7801208496094 38.746223449707 38.8469276428223 38.7626266479492 38.7373733520508 38.7210464477539 38.7210464477539 38.6706962585449 38.6455192565918 38.5542144775391 38.5542144775391 38.5542144775391 38.5040168762207 38.4692840576172 38.5196380615234 38.4692840576172 38.5511665344238 38.5005073547363 38.5101013183594 38.5699882507324 38.5448112487793 38.6111106872559 38.6546173095703 38.6636657714844 38.6636657714844 38.6295166015625 38.6295166015625 38.5040168762207 38.5699920654297
38.9889907836914 38.9389381408691 38.9970092773438 38.9221572875977 38.8972091674805 38.9221572875977 38.9720573425293 38.9720573425293 38.9970054626465 38.8388404846191 38.8138160705566 38.9389381408691 38.9139137268066 38.9889907836914 38.9720573425293 38.9139137268066 38.9471092224121 38.8888893127441 38.930721282959 38.9224586486816 38.8721046447754 38.8888893127441 38.7373733520508 38.6455192565918 38.6958694458008 38.6706962585449 38.5699882507324 38.5542182922363 38.5040168762207 38.6295166015625 38.5040168762207 38.6455192565918 38.6363639831543 38.6455192565918 38.6455192565918 38.5606079101562 38.5258369445801 38.4751777648926 38.4498481750488 38.4595947265625 38.5858573913574 38.6363639831543 38.5793190002441 38.6797180175781 38.6136131286621 38.6295166015625 38.6044158935547 38.5040168762207
38.9639663696289 38.9558258056641 38.9389381408691 38.9139137268066 38.8638648986816 38.7974090576172 38.8223571777344 38.8223571777344 38.7887878417969 38.7887878417969 38.7137145996094 38.8138160705566 38.8138160705566 38.7887878417969 38.7801208496094 38.7299194335938 38.9056243896484 39.0311241149902 38.9639663696289 38.9056243896484 38.8469276428223 38.695873260498 38.6203422546387 38.6958694458008 38.6455192565918 38.6706962585449 38.6455192565918 38.5040168762207 38.6958694458008 38.6203422546387 38.6455192565918 38.6455192565918 38.5699882507324 38.6616172790527 38.6706924438477 38.6203422546387 38.4944610595703 38.5858573913574 38.5005073547363 38.4498481750488 38.4343452453613 38.5511665344238 38.6363639831543 38.6455192565918 38.5951690673828 38.5793151855469 38.5793151855469 38.6044158935547
38.8554229736328 38.830322265625 38.8388404846191 38.8638648986816 38.8638648986816 38.8638648986816 38.7137145996094 38.9056243896484 38.7637634277344 38.6886901855469 38.8052215576172 38.7637634277344 38.7637634277344 38.7637634277344 38.8469276428223 38.7714004516602 38.8217544555664 38.830322265625 38.830322265625 38.8554229736328 38.8805236816406 38.8383827209473 38.8131332397461 38.8383827209473 38.6616172790527 38.7210464477539 38.6455192565918 38.5699882507324 38.6706924438477 38.6958694458008 38.7210464477539 38.6455192565918 38.6455192565918 38.6363639831543 38.6111106872559 38.6203422546387 38.6203422546387 38.560604095459 38.4848480224609 38.5101013183594 38.4595947265625 38.5764961242676 38.6111106872559 38.6455192565918 38.5951690673828 38.5951690673828 38.5542182922363 38.5448150634766
38.7550201416016 38.830322265625 38.7387390136719 38.7387390136719 38.7637634277344 38.8138160705566 38.7801208496094 38.830322265625 38.8052215576172 38.7714004516602 38.7299194335938 38.7550201416016 38.7714004516602 38.8217544555664 38.7210464477539 38.7210464477539 38.7714004516602 38.7965774536133 38.7714004516602 38.7210464477539 38.8469276428223 38.8721046447754 38.7714004516602 38.7121200561523 38.7121200561523 38.6706962585449 38.5699882507324 38.5196380615234 38.5951652526855 38.6455192565918 38.6455192565918 38.5951652526855 38.5101013183594 38.5858573913574 38.5858573913574 38.5858573913574 38.6203422546387 38.5606079101562 38.5606079101562 38.4441070556641 38.4848480224609 38.6018218994141 38.6363639831543 38.6616172790527 38.5699920654297 38.5858573913574 38.5448150634766 38.6616172790527
38.7637634277344 38.7887878417969 38.7137145996094 38.8138160705566 38.7887878417969 38.830322265625 38.6797180175781 38.7048187255859 38.6546173095703 38.7210464477539 38.6546173095703 38.7048187255859 38.7048187255859 38.6797180175781 38.695873260498 38.5951652526855 38.5951652526855 38.6203422546387 38.7626266479492 38.7373733520508 38.7626266479492 38.7210464477539 38.8217506408691 38.6616172790527 38.6868705749512 38.5951652526855 38.5353546142578 38.4595947265625 38.4692840576172 38.5353546142578 38.5101013183594 38.6363639831543 38.5858573913574 38.6271514892578 38.6271514892578 38.5353546142578 38.5858573913574 38.6868667602539 38.7121200561523 38.5858573913574 38.4595947265625 38.5005073547363 38.6271514892578 38.6111106872559 38.6111106872559 38.5353546142578 38.6111145019531 38.6363639831543
38.7137145996094 38.7137145996094 38.7637634277344 38.7137145996094 38.8052215576172 38.7801208496094 38.6797180175781 38.6546173095703 38.6797180175781 38.6295166015625 38.6797180175781 38.6295166015625 38.6797180175781 38.7714004516602 38.7210464477539 38.6958694458008 38.6958694458008 38.6958694458008 38.6958694458008 38.6203422546387 38.6616172790527 38.7031402587891 38.7626266479492 38.8131294250488 38.6868667602539 38.6271553039551 38.5511665344238 38.5764961242676 38.6018257141113 38.5606079101562 38.6271553039551 38.5858573913574 38.6616172790527 38.6616172790527 38.6616172790527 38.7121200561523 38.7121200561523 38.7121200561523 38.7373733520508 38.7373733520508 38.6868667602539 38.5764961242676 38.5764923095703 38.5606079101562 38.5858573913574 38.5858573913574 38.6111145019531 38.5858612060547
38.6886901855469 38.6136131286621 38.5635643005371 38.5135154724121 38.7299194335938 38.6797180175781 38.6706962585449 38.6044158935547 38.6546173095703 38.6546173095703 38.6455192565918 38.6203422546387 38.6455192565918 38.7210464477539 38.6546173095703 38.604419708252 38.6455192565918 38.4944610595703 38.5858573913574 38.695873260498 38.695873260498 38.695873260498 38.6455192565918 38.6616172790527 38.6455192565918 38.6363639831543 38.5858573913574 38.4595947265625 38.4595947265625 38.4848480224609 38.5101013183594 38.5353546142578 38.5858573913574 38.6111106872559 38.6111106872559 38.6111106872559 38.6363639831543 38.6111106872559 38.5606079101562 38.5858573913574 38.5196380615234 38.5448150634766 38.5699920654297 38.5858573913574 38.7284698486328 38.6778106689453 38.6778106689453 38.5858612060547
38.5885887145996 38.6386375427246 38.604419708252 38.6706962585449 38.695873260498 38.6203422546387 38.5951652526855 38.5699882507324 38.4789161682129 38.5699882507324 38.6958694458008 38.6455192565918 38.6203422546387 38.5448150634766 38.5699920654297 38.6203422546387 38.746223449707 38.6203422546387 38.5699920654297 38.5196380615234 38.5353546142578 38.5101013183594 38.6271514892578 38.5258369445801 38.6018257141113 38.6363639831543 38.6363639831543 38.5353546142578 38.6524810791016 38.6271514892578 38.6271514892578 38.6524810791016 38.6271553039551 38.6018257141113 38.6524810791016 38.6524810791016 38.6018257141113 38.5511665344238 38.5764961242676 38.5258369445801 38.5511665344238 38.6524810791016 38.6616172790527 38.6363639831543 38.6363639831543 38.6111145019531 38.6111145019531 38.5858612060547
38.5040168762207 38.5793190002441 38.5793190002441 38.5793190002441 38.6044158935547 38.5793190002441 38.5448150634766 38.5951652526855 38.5699882507324 38.5196380615234 38.5951652526855 38.5040168762207 38.5448150634766 38.5699920654297 38.5951690673828 38.5951690673828 38.5448150634766 38.4692878723145 38.4848480224609 38.5511665344238 38.5005073547363 38.4751777648926 38.5258369445801 38.5670738220215 38.5511665344238 38.6018257141113 38.6111106872559 38.6111145019531 38.5858612060547 38.5858612060547 38.6018257141113 38.5764961242676 38.5764961242676 38.6271514892578 38.6271514892578 38.6524810791016 38.5670738220215 38.490852355957 38.5162582397461 38.490852355957 38.4751777648926 38.6018257141113 38.6111106872559 38.5606079101562 38.5606079101562 38.5858612060547 38.6111145019531 38.5606079101562
