Demos/Rbased/CrashCourse/data/climate_processing/PresentLayers/Pyxidanthera_brevifolia/bio_3.asc
NCOLS 206 
NROWS 160 
XLLCORNER -80.3750000001568 
YLLCORNER 34.1833333333017 
CELLSIZE 0.00833333333316143 
NODATA_value -9999 
[rows 22 to 43 of 160, columns 147 to 195 of 206]
38.5040168762207 38.5040168762207 38.5040168762207 38.6203422546387 38.6706962585449 38.6203422546387 38.5542182922363 38.5699920654297 38.4944648742676 38.4692878723145 38.5196380615234 38.318229675293 38.3434066772461 38.4090919494629 38.3333358764648 38.358585357666 38.2218856811523 38.2367897033691 38.3537216186523 38.2621955871582 38.3991889953613 38.4498481750488 38.4400405883789 38.490852355957 38.5005073547363 38.5258369445801 38.5258369445801 38.6018257141113 38.5258369445801 38.5764961242676 38.6018218994141 38.5764961242676 38.4751777648926 38.465446472168 38.43017578125 38.5162620544434 38.465446472168 38.5258369445801 38.6018257141113 38.6018257141113 38.4848518371582 38.5101013183594 38.5101013183594 38.5353546142578 38.6111106872559 38.6111145019531 38.5858612060547 38.6616172790527 38.6616172790527
38.4441070556641 38.4189338684082 38.5353546142578 38.5448150634766 38.4692840576172 38.5699882507324 38.5606079101562 38.4692878723145 38.4848480224609 38.4090919494629 38.5101013183594 38.4751777648926 38.3892288208008 38.2621955871582 38.1205673217773 38.2367897033691 38.2113838195801 38.1243629455566 38.215747833252 38.2413101196289 38.3537216186523 38.4556579589844 38.2517852783203 38.3130073547363 38.3638229370117 38.3892288208008 38.4245185852051 38.490852355957 38.5416679382324 38.465446472168 38.4400405883789 38.4146347045898 38.4146347045898 38.379207611084 38.4400405883789 38.3991889953613 38.5005073547363 38.5511665344238 38.5511665344238 38.4498481750488 38.4751777648926 38.5005073547363 38.5764961242676 38.6018257141113 38.5353546142578 38.5606079101562 38.5606079101562 38.6524848937988 38.7031402587891
38.3080825805664 38.4498481750488 38.5101013183594 38.4848480224609 38.5858573913574 38.5353546142578 38.4848480224609 38.4595985412598 38.358585357666 38.4595985412598 38.4343452453613 38.3485336303711 38.160572052002 38.0733947753906 38.0988807678223 38.1243629455566 38.1753311157227 38.2262992858887 38.0479125976562 38.1243629455566 38.3179969787598 38.3537216186523 38.3792037963867 38.3537216186523 38.328239440918 38.2621955871582 38.2367897033691 38.328239440918 38.3130073547363 38.379207611084 38.3027534484863 38.3537216186523 38.4146347045898 38.4146347045898 38.3892288208008 38.4146347045898 38.3991889953613 38.4146347045898 38.4400405883789 38.3892288208008 38.3892288208008 38.3991889953613 38.5005073547363 38.5764961242676 38.5101013183594 38.4848518371582 38.6271553039551 38.6271553039551 38.5606079101562
38.4090919494629 38.4595947265625 38.4189338684082 38.560604095459 38.5353546142578 38.4595985412598 38.2575759887695 38.3991889953613 38.3585891723633 38.3333358764648 38.1965560913086 38.185977935791 38.1605682373047 38.0733947753906 37.9827270507812 38.1753311157227 38.3027534484863 38.2621955871582 38.2924346923828 38.230770111084 38.2820510864258 38.2668724060059 38.2772674560547 38.3537216186523 38.4811401367188 38.3892288208008 38.3792037963867 38.4046897888184 38.3537216186523 38.3282356262207 38.277271270752 38.379207611084 38.4046897888184 38.2876014709473 38.2517852783203 38.2621955871582 38.3130073547363 38.3130073547363 38.3384170532227 38.3638229370117 38.3738594055176 38.4751777648926 38.5005073547363 38.5764961242676 38.5101013183594 38.4848518371582 38.5764961242676 38.4848518371582 38.5353546142578
38.4245185852051 38.358585357666 38.4751777648926 38.4595985412598 38.358585357666 38.2978744506836 38.3738594055176 38.3838386535645 38.2323226928711 38.2978744506836 38.1351623535156 38.1351623535156 38.2367897033691 38.2262992858887 38.1134986877441 38.1134986877441 38.2008171081543 38.2621955871582 38.2008171081543 38.190185546875 38.2413101196289 38.2668724060059 38.215747833252 38.164623260498 38.2008171081543 38.3027534484863 38.3638191223145 38.3892288208008 38.3892288208008 38.3892288208008 38.3537216186523 38.3892288208008 38.3537216186523 38.2113838195801 38.1753311157227 38.3027534484863 38.2367897033691 38.2367897033691 38.2367897033691 38.2876014709473 38.3638229370117 38.3738594055176 38.4498481750488 38.5511665344238 38.4595985412598 38.4343452453613 38.5606079101562 38.5606079101562 38.5606079101562
38.3080825805664 38.3638229370117 38.4498481750488 38.3738632202148 38.2621955871582 38.2876014709473 38.2876014709473 38.1965560913086 38.3638229370117 38.2876014709473 38.1243629455566 38.1351623535156 38.1712265014648 38.2113838195801 38.0988807678223 38.1753311157227 38.0988807678223 38.1859741210938 38.2008171081543 38.1753311157227 38.1390609741211 38.2008171081543 38.2517852783203 38.2413101196289 38.0879364013672 38.1243629455566 38.2008171081543 38.2517852783203 38.3027534484863 38.3892288208008 38.4146347045898 38.3892288208008 38.1498489379883 38.0733947753906 38.1243629455566 38.2621955871582 38.2367897033691 38.2113838195801 38.2978706359863 38.2367897033691 38.2876014709473 38.3485298156738 38.4245185852051 38.4498481750488 38.4343452453613 38.4090919494629 38.4595985412598 38.5101013183594 38.5606079101562
38.4751777648926 38.3130073547363 38.3638229370117 38.3384170532227 38.2876014709473 38.277271270752 38.1753311157227 38.2008171081543 38.1605682373047 38.1753311157227 38.1243629455566 38.1097564697266 38.2621955871582 38.2876014709473 38.2876014709473 38.200813293457 38.1243629455566 38.1605682373047 38.0988807678223 38.1134986877441 38.1134986877441 38.1753311157227 38.1498489379883 38.1498489379883 38.0733947753906 37.9969444274902 38.1243629455566 38.0988807678223 38.1753311157227 38.2772674560547 38.3130073547363 38.2876014709473 38.3027534484863 38.2924346923828 38.3027534484863 38.2876014709473 38.2113838195801 38.2472152709961 38.3638191223145 38.2472152709961 38.3738594055176 38.3232040405273 38.3738594055176 38.3333358764648 38.3838386535645 38.358585357666 38.4343452453613 38.5353546142578 38.5606079101562
38.490852355957 38.3232040405273 38.3892288208008 38.3638229370117 38.3892288208008 38.3384170532227 38.0335388183594 38.1390609741211 38.0733947753906 38.0224266052246 38.1243629455566 38.2413101196289 38.1243629455566 38.149845123291 38.2772674560547 38.3027534484863 38.2517852783203 38.2772674560547 38.215747833252 38.164623260498 38.0879364013672 38.0112495422363 38.164623260498 38.164623260498 38.2262992858887 38.0843505859375 38.098876953125 38.1605682373047 38.1753311157227 38.0479125976562 38.1243629455566 38.1859741210938 38.2621955871582 38.2621955871582 38.1859741210938 38.3638191223145 38.2725448608398 38.3232040405273 38.3738632202148 38.4245185852051 38.4498481750488 38.4498481750488 38.3991889953613 38.4751777648926 38.5258369445801 38.3838386535645 38.4090919494629 38.4848518371582 38.6271553039551
38.3991889953613 38.465446472168 38.379207611084 38.3130111694336 38.2472152709961 38.2876014709473 38.3027534484863 38.0733947753906 38.1243629455566 38.0733947753906 38.0224266052246 38.1134986877441 38.0112495422363 37.9856872558594 38.098876953125 38.164623260498 38.149845123291 38.2008171081543 38.3179969787598 38.164623260498 38.0512847900391 38.0769233703613 38.0256423950195 38.1025657653809 38.0879364013672 38.1390609741211 38.098876953125 38.149845123291 38.200813293457 38.200813293457 38.1605682373047 38.2113800048828 38.2113800048828 38.3130073547363 38.1965560913086 38.1965560913086 38.2218856811523 38.2472152709961 38.2725448608398 38.2978744506836 38.3738594055176 38.3080787658691 38.4498481750488 38.4751777648926 38.4498481750488 38.4751777648926 38.5258369445801 38.5511665344238 38.6271553039551
38.4908561706543 38.4400405883789 38.277271270752 38.328239440918 38.2876014709473 38.3130073547363 38.1753311157227 38.1243629455566 38.047908782959 38.1243629455566 38.098876953125 37.9345626831055 37.9345626831055 37.9090003967285 37.9345626831055 37.9601249694824 37.9856834411621 38.036808013916 38.098876953125 38.0879364013672 38.0368118286133 37.9743614196777 37.9743614196777 37.9487190246582 37.8717956542969 37.9090003967285 38.0879364013672 38.047908782959 38.0733947753906 38.098876953125 38.1753311157227 38.1753311157227 38.200813293457 38.2113838195801 38.2113838195801 38.185977935791 38.2621955871582 38.2876014709473 38.2621955871582 38.2876014709473 38.2876014709473 38.3638229370117 38.4908561706543 38.3991889953613 38.4245185852051 38.3991928100586 38.4245185852051 38.4751777648926 38.5005073547363
38.4751777648926 38.4908561706543 38.3027534484863 38.2621955871582 38.3638229370117 38.2772674560547 38.1498489379883 38.190185546875 38.0733947753906 38.098876953125 38.047908782959 37.8834381103516 37.8834381103516 38.1282043457031 38.1025657653809 37.962963104248 37.9115257263184 38 38.1538467407227 38.230770111084 38.0256423950195 37.9487190246582 37.8974380493164 37.8834342956543 37.8834342956543 37.8323097229004 37.9345588684082 38.036808013916 37.996940612793 38.047908782959 38.0733947753906 38.200813293457 38.185977935791 38.160572052002 38.160572052002 38.200813293457 38.1097564697266 38.1097564697266 38.149845123291 38.160572052002 38.160572052002 38.2367897033691 38.4146347045898 38.4654502868652 38.3485336303711 38.3738632202148 38.4400405883789 38.5162620544434 38.5670738220215
38.4498481750488 38.465446472168 38.277271270752 38.3282356262207 38.3638229370117 38.2517852783203 38.0733947753906 38.1538467407227 37.9856872558594 38.062370300293 38.1134948730469 38.0769233703613 38.0769233703613 38.1025657653809 38.0256423950195 37.962963104248 37.9743614196777 38 38.0256385803223 38.036808013916 37.9743576049805 37.8858032226562 37.9115219116211 38 37.9345588684082 37.8185501098633 37.9601211547852 37.8950042724609 37.996940612793 38.0733947753906 38.149845123291 38.1753311157227 38.1351623535156 38.1097564697266 38.098876953125 38.0224266052246 38.1243629455566 38.047908782959 38.0733947753906 38.160572052002 38.3130073547363 38.3384170532227 38.3638229370117 38.4400405883789 38.4908561706543 38.3485336303711 38.4146347045898 38.490852355957 38.5670738220215
38.465446472168 38.465446472168 38.3282356262207 38.2876014709473 38.3130073547363 38.1243629455566 38.1134986877441 38.0368118286133 37.9345626831055 37.9743614196777 38.0112457275391 38.0112457275391 38.0112457275391 37.8834342956543 38.0256385803223 37.9372444152832 37.7948722839355 37.8461532592773 37.8461532592773 37.9089965820312 37.9089965820312 37.8717956542969 37.8343620300293 37.8717956542969 37.8323097229004 37.9856834411621 38.0112457275391 38.062370300293 38.0479125976562 38.1390571594238 38.1646194458008 38.1646194458008 38.1498489379883 38.062370300293 38.0769233703613 38.062370300293 38.062370300293 38.1538467407227 38.0879325866699 38.2413101196289 38.277271270752 38.379207611084 38.3638229370117 38.3892288208008 38.4908561706543 38.4908561706543 38.3738632202148 38.4400405883789 38.4908561706543
38.2218856811523 38.4400405883789 38.3892288208008 38.3638229370117 38.2262992858887 38.1134986877441 38.1390609741211 38.0112495422363 37.9345626831055 37.9487190246582 37.8717956542969 37.8834342956543 38.0401229858398 37.9230766296387 38.0256423950195 37.8974342346191 37.8858032226562 37.8998985290527 37.8343620300293 37.9487190246582 38.0512809753418 37.8600807189941 37.8717956542969 37.9230766296387 37.9743576049805 37.9601249694824 38.0112495422363 38.0112495422363 38.036808013916 37.9345588684082 37.9345588684082 37.9345588684082 37.9601211547852 38.0512809753418 38 38.036808013916 38.0769233703613 38.0512809753418 38.062370300293 38.1390571594238 38.2924346923828 38.2924346923828 38.3537216186523 38.3384170532227 38.4654502868652 38.4654502868652 38.5321083068848 38.5321083068848 38.4654502868652
38.3282356262207 38.465446472168 38.3892288208008 38.2113838195801 38.164623260498 38.1134986877441 38.0879364013672 38.1390571594238 38 37.9230766296387 37.8205146789551 37.769229888916 37.9115219116211 37.8461532592773 37.8205146789551 37.8461532592773 37.8974380493164 37.7572021484375 37.6923065185547 37.769229888916 37.8323135375977 37.8323135375977 37.8067512512207 37.8578758239746 37.8323135375977 37.8578758239746 37.8578758239746 37.8717956542969 37.8600807189941 37.8974342346191 37.8600807189941 37.9886817932129 37.8205108642578 37.8461532592773 37.9115219116211 37.9487152099609 38 38.0256385803223 38.1282043457031 38.2051277160645 38.1646194458008 38.3435592651367 38.379207611084 38.43017578125 38.4146347045898 38.4811401367188 38.4400405883789 38.4400405883789 38.5162620544434
38.3384170532227 38.2978744506836 38.1605682373047 38.1498489379883 38.1134986877441 38.1390609741211 38.1646194458008 38.0879325866699 37.9487190246582 37.9089965820312 37.9886817932129 37.8086433410645 37.7314834594727 37.7314796447754 37.7057609558105 37.7572021484375 37.8461532592773 37.7948722839355 37.7179489135742 37.7948722839355 37.8067474365234 37.8578720092773 37.8323097229004 37.9230766296387 37.8717956542969 37.7692337036133 37.8086433410645 37.8858032226562 37.8086433410645 37.7829208374023 37.7572021484375 37.8086433410645 37.9514961242676 37.8343620300293 38.0658416748047 38.0658416748047 38.0658416748047 38.1172828674316 38.1282043457031 38.230770111084 38.3946838378906 38.4202461242676 38.4458084106445 38.5480575561523 38.4556579589844 38.532112121582 38.4654502868652 38.4908561706543 38.5162620544434
38.3384132385254 38.2725448608398 38.0589447021484 38.164623260498 38.0623741149902 38.0623741149902 38.1646194458008 38 37.9230766296387 38.0512809753418 37.9886817932129 37.8205146789551 37.8343620300293 37.7572021484375 37.7435913085938 37.6410255432129 37.7692337036133 37.7044982910156 37.7556228637695 37.6656494140625 37.6911315917969 37.7556228637695 37.7556228637695 37.6410255432129 37.6543197631836 37.7179489135742 37.6543197631836 37.7192993164062 37.7708969116211 37.7329216003418 37.8623199462891 37.9514961242676 38.0546951293945 37.9115219116211 38.0915641784668 37.9886817932129 38.0658416748047 38.230770111084 38.230770111084 38.4102554321289 38.4871788024902 38.3691215515137 38.3435592651367 38.4969329833984 38.5991821289062 38.4556579589844 38.4654502868652 38.4654502868652 38.6340484619141
38.2725448608398 38.3130073547363 38.3282356262207 38.1243629455566 38.047908782959 38.1901817321777 38.047908782959 37.9601211547852 38.1282043457031 38.0368118286133 37.9487190246582 37.9230766296387 37.8717956542969 37.7300605773926 37.7948722839355 37.8717956542969 37.8461532592773 37.7044982910156 37.7044982910156 37.7044982910156 37.7300605773926 37.7179489135742 37.6286010742188 37.5644989013672 37.6418991088867 37.7192993164062 37.6418991088867 37.6161003112793 37.5644989013672 37.6418991088867 37.8224983215332 37.8998985290527 38.014404296875 38.0401229858398 38.1430053710938 38.0546951293945 38.1944427490234 38.230770111084 38.2820510864258 38.4102554321289 38.4615364074707 38.4615364074707 38.3691215515137 38.4969329833984 38.4969329833984 38.481143951416 38.583080291748 38.6085624694824 38.5575942993164
38.3485298156738 38.3232002258301 38.1605682373047 38.1753311157227 38.2772674560547 38.1243629455566 38.2413101196289 38.190185546875 37.9856872558594 38.0256423950195 38.0256423950195 37.8834342956543 37.7948722839355 37.8461532592773 37.6789360046387 37.5511245727539 37.5511245727539 37.6022491455078 37.525562286377 37.525562286377 37.474437713623 37.4358978271484 37.4102554321289 37.448558807373 37.3971214294434 37.551441192627 37.4612998962402 37.47412109375 37.6293983459473 37.7450981140137 37.8086433410645 37.962963104248 38.0915641784668 37.9743614196777 38.0256423950195 38.0915641784668 38.2564125061035 38.3589744567871 38.3435592651367 38.2668724060059 38.4615364074707 38.5128211975098 38.538459777832 38.4713706970215 38.4046897888184 38.532112121582 38.583080291748 38.6085624694824 38.5575942993164
38.3485298156738 38.2472114562988 38.3130073547363 38.1859741210938 38.1097526550293 38.1243629455566 38.1134986877441 37.9856872558594 38.0256423950195 38.0769233703613 37.8323097229004 37.8205108642578 37.7948722839355 37.6278114318848 37.6153869628906 37.5897445678711 37.6153869628906 37.4871826171875 37.461540222168 37.4358978271484 37.3076934814453 37.3713989257812 37.3581008911133 37.3065032958984 37.4355010986328 37.5387001037598 37.4096984863281 37.3838996887207 37.5644989013672 37.6028823852539 37.7450981140137 37.7572021484375 37.8858032226562 37.9743576049805 38.2051277160645 38.1538467407227 38.230770111084 38.3333320617676 38.4871788024902 38.3691215515137 38.4458084106445 38.5641021728516 38.4458084106445 38.4458084106445 38.43017578125 38.4556579589844 38.583080291748 38.5575942993164 38.481143951416
38.1351623535156 38.2008171081543 38.0988807678223 38.0988807678223 37.8695220947266 37.9856872558594 37.9090003967285 37.962963104248 37.9487190246582 37.9115257263184 37.8858032226562 37.6923065185547 37.6022491455078 37.5897445678711 37.5384635925293 37.461540222168 37.3466262817383 37.3589744567871 37.3333358764648 37.2188110351562 37.230770111084 37.2170791625977 37.2170791625977 37.2427978515625 37.3065032958984 37.3065032958984 37.3323020935059 37.383903503418 37.47412109375 37.6418991088867 37.6935005187988 37.8343620300293 37.8205108642578 38.1025657653809 38.1538467407227 38.1794891357422 38.190185546875 38.2924346923828 38.3691177368164 38.3691215515137 38.4713706970215 38.5224952697754 38.5480575561523 38.5224952697754 38.5480575561523 38.4556579589844 38.5575942993164 38.4556579589844 38.43017578125
38.0843505859375 38.0733947753906 38.0988807678223 38.1390609741211 37.9230766296387 37.9230766296387 37.8974380493164 37.7829208374023 37.8343620300293 37.7829246520996 37.6543235778809 37.7057609558105 37.6153869628906 37.461540222168 37.4102592468262 37.4358978271484 37.4358940124512 37.2564086914062 37.2307662963867 37.1794853210449 37.1794853210449 37.1656379699707 37.1913604736328 37.2807006835938 37.3581008911133 37.4096984863281 37.4096984863281 37.3581008911133 37.4355010986328 37.5257186889648 37.5903015136719 37.6935005187988 37.9115219116211 37.9601249694824 38.0368118286133 38.1794891357422 38.215747833252 38.3179969787598 38.3179969787598 38.4202423095703 38.3946838378906 38.4969329833984 38.5480575561523 38.5480575561523 38.5480575561523 38.5736198425293 38.5991821289062 38.6503067016602 38.5224952697754
