Demos/Rbased/CrashCourse/data/climate_processing/PresentLayers/Pyxidanthera_brevifolia/bio_9.asc
NCOLS 275 
NROWS 194 
XLLCORNER -80.3749999998233 
YLLCORNER 33.9 
CELLSIZE 0.00833333333316008 
NODATA_value -9999 
[rows 66 to 87 of 194, columns 150 to 199 of 275]
11.6833333969116 11.7166662216187 11.75 11.7666664123535 11.7666664123535 11.7666664123535 11.7999992370605 11.7999992370605 11.8166666030884 11.8500003814697 11.8666667938232 11.8833332061768 11.9166669845581 11.9166669845581 11.9333333969116 11.9499998092651 11.9499998092651 11.966667175293 12 12.0166664123535 12.0666666030884 12.0833339691162 12.1000003814697 12.1000003814697 12.1000003814697 12.1000003814697 12.1000003814697 12.0833339691162 12.0333337783813 12.0333337783813 11.966667175293 11.9333333969116 11.9333333969116 11.9166669845581 11.9166669845581 11.8999996185303 11.8666667938232 11.8666667938232 11.8333330154419 11.8499994277954 11.8833332061768 11.8833332061768 11.8499994277954 11.8500003814697 11.8333330154419 11.8333330154419 11.8166666030884 11.8000001907349 11.8000001907349 11.7666664123535
11.7166662216187 11.7333326339722 11.7333326339722 11.75 11.783332824707 11.8000001907349 11.8000001907349 11.8333330154419 11.8333330154419 11.8500003814697 11.8666667938232 11.8666667938232 11.9166669845581 11.9166669845581 11.9333333969116 11.9499998092651 11.9499998092651 11.9499998092651 11.966667175293 12 12.0166664123535 12.0166664123535 12.0500001907349 12.0500001907349 12.0500001907349 12.0666666030884 12.0666666030884 12.0833339691162 12.0333337783813 12.0166664123535 12 11.9833335876465 11.9499998092651 11.9333333969116 11.9333333969116 11.9166669845581 11.8833332061768 11.8833332061768 11.8833332061768 11.8833332061768 11.8833332061768 11.8833332061768 11.8833332061768 11.8666667938232 11.8666667938232 11.8333330154419 11.8166666030884 11.8000001907349 11.8000001907349 11.7833337783813
11.7166662216187 11.7333326339722 11.7333326339722 11.7333326339722 11.7333326339722 11.7666664123535 11.8000001907349 11.8166666030884 11.8333330154419 11.8500003814697 11.8666667938232 11.8666667938232 11.8500003814697 11.8500003814697 11.8500003814697 11.8999996185303 11.8999996185303 11.9166669845581 11.9499998092651 11.9499998092651 11.9499998092651 12.0166664123535 12.0166664123535 12.0166664123535 12.0166664123535 12.0166664123535 12.0166664123535 12.0166664123535 12 12 11.9833335876465 11.9833335876465 11.9499998092651 11.9333333969116 11.9166669845581 11.9166669845581 11.8999996185303 11.8833332061768 11.8833332061768 11.8833332061768 11.8999996185303 11.8999996185303 11.8833332061768 11.8666667938232 11.8666667938232 11.8333330154419 11.8333330154419 11.8166666030884 11.8000001907349 11.7833337783813
11.75 11.75 11.75 11.75 11.75 11.75 11.7333326339722 11.7666664123535 11.8000001907349 11.8333330154419 11.8333330154419 11.8333330154419 11.8333330154419 11.8500003814697 11.8666667938232 11.8666667938232 11.8666667938232 11.8999996185303 11.9166669845581 11.9499998092651 11.966667175293 11.966667175293 11.966667175293 11.966667175293 11.966667175293 11.9499998092651 11.9499998092651 11.9499998092651 11.9499998092651 11.9499998092651 11.9166669845581 11.9333333969116 11.9166669845581 11.9166669845581 11.9166669845581 11.9333333969116 11.8999996185303 11.8999996185303 11.8999996185303 11.9333333969116 11.9333333969116 11.8833332061768 11.8833332061768 11.8833332061768 11.8833332061768 11.8499994277954 11.8333330154419 11.8000001907349 11.8000001907349 11.8000001907349
11.7666664123535 11.7666664123535 11.75 11.75 11.75 11.75 11.75 11.75 11.783332824707 11.783332824707 11.8000001907349 11.8333330154419 11.8333330154419 11.8500003814697 11.8500003814697 11.8500003814697 11.8500003814697 11.8833332061768 11.8999996185303 11.9333333969116 11.9499998092651 11.966667175293 11.966667175293 11.966667175293 11.966667175293 11.9499998092651 11.9499998092651 11.9166669845581 11.8833332061768 11.8999996185303 11.8999996185303 11.9166669845581 11.9166669845581 11.9166669845581 11.9333333969116 11.9333333969116 11.9333333969116 11.9333333969116 11.9333333969116 11.9333333969116 11.9333333969116 11.9166669845581 11.8999996185303 11.8833332061768 11.8833332061768 11.8833332061768 11.8333330154419 11.8000001907349 11.8000001907349 11.8000001907349
11.8000001907349 11.783332824707 11.783332824707 11.75 11.75 11.75 11.75 11.75 11.7666664123535 11.7666664123535 11.8000001907349 11.8166666030884 11.8500003814697 11.8500003814697 11.8500003814697 11.8500003814697 11.8666667938232 11.8666667938232 11.8666667938232 11.8999996185303 11.9499998092651 11.9499998092651 11.9833335876465 11.9499998092651 11.9499998092651 11.9166669845581 11.8833332061768 11.8833332061768 11.8833332061768 11.8999996185303 11.8999996185303 11.9166669845581 11.9166669845581 11.9166669845581 11.966667175293 11.9499998092651 11.9499998092651 11.9499998092651 11.9499998092651 11.9333333969116 11.9333333969116 11.9333333969116 11.9333333969116 11.8999996185303 11.8999996185303 11.8833332061768 11.8333330154419 11.8000001907349 11.8000001907349 11.8000001907349
11.783332824707 11.783332824707 11.783332824707 11.783332824707 11.783332824707 11.7666664123535 11.7666664123535 11.783332824707 11.783332824707 11.8000001907349 11.8166666030884 11.8333330154419 11.8500003814697 11.8500003814697 11.8666667938232 11.8666667938232 11.8666667938232 11.8666667938232 11.8833332061768 11.8999996185303 11.9499998092651 11.9499998092651 11.966667175293 11.966667175293 11.9499998092651 11.9333333969116 11.8833332061768 11.8833332061768 11.8999996185303 11.8999996185303 11.8999996185303 11.9166669845581 11.9166669845581 11.9166669845581 11.966667175293 11.966667175293 11.9499998092651 11.9499998092651 11.9499998092651 11.9333333969116 11.9333333969116 11.9333333969116 11.9333333969116 11.8999996185303 11.8999996185303 11.8666667938232 11.8333330154419 11.8166666030884 11.8166666030884 11.8166666030884
11.8000001907349 11.8000001907349 11.8000001907349 11.783332824707 11.8000001907349 11.8000001907349 11.8000001907349 11.8000001907349 11.8000001907349 11.8000001907349 11.8333330154419 11.8666667938232 11.8666667938232 11.8666667938232 11.8666667938232 11.8666667938232 11.8666667938232 11.8833332061768 11.8833332061768 11.8833332061768 11.9499998092651 11.966667175293 11.966667175293 11.966667175293 11.966667175293 11.9499998092651 11.9333333969116 11.9333333969116 11.9333333969116 11.9333333969116 11.966667175293 11.966667175293 11.9499998092651 11.9499998092651 11.9333333969116 11.966667175293 11.9499998092651 11.9833335876465 11.9499998092651 11.9333333969116 11.9333333969116 11.9333333969116 11.9333333969116 11.9333333969116 11.8833332061768 11.8500003814697 11.8500003814697 11.8500003814697 11.8333339691162 11.8333339691162
11.8000001907349 11.8000001907349 11.8000001907349 11.8000001907349 11.8000001907349 11.8000001907349 11.8166666030884 11.8166666030884 11.8166666030884 11.8166666030884 11.8999996185303 11.8833332061768 11.8833332061768 11.8833332061768 11.8833332061768 11.8833332061768 11.8833332061768 11.8833332061768 11.8833332061768 11.9166669845581 11.9166669845581 11.9499998092651 11.9833335876465 11.966667175293 11.9499998092651 11.9499998092651 11.9499998092651 11.9333333969116 11.9499998092651 11.966667175293 11.966667175293 11.966667175293 11.966667175293 11.966667175293 11.9833335876465 12 11.9833335876465 11.966667175293 11.9499998092651 11.9333333969116 11.9333333969116 11.9166669845581 11.9166669845581 11.9166669845581 11.8999996185303 11.8500003814697 11.8500003814697 11.8500003814697 11.8500003814697 11.8333339691162
11.8000001907349 11.8000001907349 11.8000001907349 11.8000001907349 11.8166666030884 11.8166666030884 11.8333330154419 11.8333330154419 11.8500003814697 11.8666667938232 11.8999996185303 11.8999996185303 11.8999996185303 11.8999996185303 11.8833332061768 11.8833332061768 11.8666667938232 11.8833332061768 11.8999996185303 11.9166669845581 11.9166669845581 11.9333333969116 11.9499998092651 11.966667175293 11.966667175293 11.966667175293 11.9499998092651 11.9499998092651 11.966667175293 11.966667175293 11.966667175293 11.9833335876465 12 11.9833335876465 11.9833335876465 12 12 11.9833335876465 11.9333333969116 11.9333333969116 11.9166669845581 11.9166669845581 11.8999996185303 11.8999996185303 11.8833332061768 11.8500003814697 11.8500003814697 11.8500003814697 11.8500003814697 11.8333339691162
11.8000001907349 11.8000001907349 11.8166666030884 11.8166666030884 11.8333330154419 11.8500003814697 11.8500003814697 11.8500003814697 11.8500003814697 11.8833332061768 11.9166669845581 11.9166669845581 11.9166669845581 11.9166669845581 11.9166669845581 11.8833332061768 11.8833332061768 11.8833332061768 11.8999996185303 11.9166669845581 11.9333333969116 11.9333333969116 11.9333333969116 11.9333333969116 11.966667175293 12 12 12.0166673660278 12.0166673660278 12.0166673660278 12.0166673660278 12.0333337783813 12.0333337783813 12.0166664123535 12 12.0333337783813 12.0166664123535 11.9833335876465 11.9333333969116 11.9166669845581 11.9166669845581 11.8999996185303 11.8999996185303 11.8833332061768 11.8833332061768 11.8833332061768 11.8500003814697 11.8500003814697 11.8500003814697 11.8333339691162
11.8166666030884 11.8500003814697 11.8500003814697 11.8500003814697 11.8500003814697 11.8500003814697 11.8500003814697 11.8500003814697 11.8666667938232 11.9166669845581 11.9166669845581 11.9166669845581 11.9166669845581 11.9166669845581 11.9166669845581 11.9166669845581 11.9166669845581 11.9333333969116 11.9333333969116 11.9333333969116 11.9333333969116 11.9333333969116 11.9499998092651 11.966667175293 11.966667175293 11.966667175293 12.0166673660278 12.0166673660278 12.0166673660278 12.0166673660278 12.0166673660278 12.0166673660278 12.0500001907349 12.0333337783813 12 12.0333337783813 12.0333337783813 11.9833335876465 11.9833335876465 11.9499998092651 11.9166669845581 11.9166669845581 11.8833332061768 11.8833332061768 11.8833332061768 11.8833332061768 11.8666667938232 11.8500003814697 11.8833332061768 11.8833332061768
11.8500003814697 11.8500003814697 11.8500003814697 11.8666667938232 11.8666667938232 11.8666667938232 11.8666667938232 11.8666667938232 11.9000005722046 11.9166669845581 11.9333333969116 11.9333333969116 11.9333333969116 11.9333333969116 11.9333333969116 11.9333333969116 11.9333333969116 11.9333333969116 11.9499998092651 11.9499998092651 11.9499998092651 11.9499998092651 11.9499998092651 11.966667175293 11.9833335876465 11.9833335876465 11.9833335876465 11.9833335876465 12.0166673660278 12.0166673660278 12.0166673660278 12.0333337783813 12.0500001907349 12.0500001907349 12.0333337783813 12.0500001907349 12.0500001907349 11.9833335876465 11.9833335876465 11.9833335876465 11.9499998092651 11.9333333969116 11.8999996185303 11.8999996185303 11.8999996185303 11.8999996185303 11.9166669845581 11.8833332061768 11.8999996185303 11.8999996185303
11.8500003814697 11.8500003814697 11.8666667938232 11.8666667938232 11.9000005722046 11.9000005722046 11.9000005722046 11.9000005722046 11.9333333969116 11.9333333969116 11.9333333969116 11.9499998092651 11.9333333969116 11.9333333969116 11.9333333969116 11.9333333969116 11.9333333969116 11.9499998092651 11.9499998092651 11.966667175293 11.966667175293 11.966667175293 11.9833335876465 11.9833335876465 11.9833335876465 11.9833335876465 11.9833335876465 11.9833335876465 11.9833335876465 12.0166673660278 12.0333337783813 12.0500001907349 12.0500001907349 12.0500001907349 12.0500001907349 12.0666666030884 12.0666666030884 11.9833335876465 11.9833335876465 11.9833335876465 11.9499998092651 11.9333333969116 11.9166669845581 11.8999996185303 11.9166669845581 11.9166669845581 11.9166669845581 11.8999996185303 11.9166669845581 11.9166669845581
11.8666667938232 11.8666667938232 11.8833332061768 11.9000005722046 11.9000005722046 11.9166669845581 11.9166669845581 11.9333333969116 11.9500007629395 11.9500007629395 11.9500007629395 11.9500007629395 11.966667175293 11.9499998092651 11.9499998092651 11.9499998092651 11.9499998092651 11.9499998092651 11.9499998092651 11.966667175293 11.9833335876465 11.9833335876465 11.9833335876465 11.9833335876465 11.9833335876465 12 11.9833335876465 11.9833335876465 12 12 12.0333337783813 12.0333337783813 12.0333337783813 12.0333337783813 12.0166664123535 12.0166664123535 12.0666666030884 12.0166664123535 12 11.9833335876465 11.9666662216187 11.9499998092651 11.9166669845581 11.9166669845581 11.9166669845581 11.9166669845581 11.9333333969116 11.9166669845581 11.9333333969116 11.9499998092651
11.8833332061768 11.8833332061768 11.9000005722046 11.9000005722046 11.9166669845581 11.9166669845581 11.966667175293 11.9499998092651 11.9500007629395 11.9500007629395 11.9500007629395 11.9500007629395 11.966667175293 11.966667175293 11.966667175293 11.966667175293 11.966667175293 11.966667175293 11.9833335876465 11.9833335876465 11.9833335876465 12 12 12 12 12 12 12 12 12 12 12.0333337783813 12.0500001907349 12.0500001907349 12.0166664123535 12.0166664123535 12.0666666030884 12.0500001907349 12.0166664123535 12 11.9666662216187 11.9499998092651 11.9333333969116 11.9166669845581 11.9166669845581 11.9499998092651 11.9333333969116 11.9333333969116 11.9666662216187 11.9666662216187
11.9000005722046 11.9000005722046 11.9166669845581 11.9166669845581 11.9333333969116 11.9499998092651 11.966667175293 11.966667175293 11.9833335876465 11.966667175293 11.966667175293 11.9500007629395 11.966667175293 11.966667175293 11.966667175293 11.966667175293 11.9833335876465 11.9833335876465 11.9833335876465 11.9833335876465 12 12 12.0166664123535 12 12 12 12 12 12 12 12 12.033332824707 12.033332824707 12.0666666030884 12 12.0166664123535 12.0666666030884 12.0500001907349 12.0166664123535 12.0166664123535 12 11.9833335876465 11.9333333969116 11.9166669845581 11.9333333969116 11.966667175293 11.9499998092651 11.9666662216187 12 12
11.9333333969116 11.9333333969116 11.9333333969116 11.9499998092651 11.9499998092651 11.966667175293 11.966667175293 11.966667175293 12 12 12 12.0166664123535 12.0166664123535 12 12 11.9833335876465 12 12 12 12.0166664123535 12.0166664123535 12.0166664123535 12.033332824707 12.033332824707 12.0166664123535 12.0166664123535 12.0166664123535 12.0166664123535 12 12.0166664123535 12.0166664123535 12.0500001907349 12.0500001907349 12.0500001907349 12.0500001907349 12.0166664123535 12.0666666030884 12.0833330154419 12.0666666030884 12.033332824707 12.0166664123535 11.9833335876465 11.966667175293 11.966667175293 11.966667175293 11.966667175293 11.9833335876465 12 12 12
12 11.9833335876465 11.9499998092651 11.9499998092651 11.966667175293 11.9833335876465 11.9833335876465 11.9833335876465 12 12 12.0166664123535 12.0166664123535 12.0166664123535 12.0166664123535 12.0166664123535 12.0166664123535 12.033332824707 12.033332824707 12.033332824707 12.033332824707 12.033332824707 12.033332824707 12.0500001907349 12.0500001907349 12.0500001907349 12.0500001907349 12.0500001907349 12.033332824707 12.033332824707 12.0500001907349 12.0500001907349 12.0500001907349 12.0500001907349 12.0500001907349 12.0500001907349 12.0500001907349 12.0833330154419 12.1000003814697 12.1000003814697 12.0833330154419 12.033332824707 12.0166664123535 12 11.966667175293 11.966667175293 12 12 12 12 12
12.0166664123535 12.0166664123535 12 11.9833335876465 11.966667175293 11.9833335876465 11.9833335876465 11.9833335876465 12 12 12.0166664123535 12.0166664123535 12.0166664123535 12.0166664123535 12.0166664123535 12.033332824707 12.0500001907349 12.033332824707 12.033332824707 12.0500001907349 12.0500001907349 12.0500001907349 12.0500001907349 12.0500001907349 12.0500001907349 12.0500001907349 12.0666666030884 12.0666666030884 12.0666666030884 12.0500001907349 12.0500001907349 12.0500001907349 12.0500001907349 12.0666666030884 12.0500001907349 12.0500001907349 12.0666666030884 12.1166667938232 12.1000003814697 12.0833330154419 12.0666666030884 12.0500001907349 12 12 12 12 12 12 12 12
12.033332824707 12.0166664123535 12.033332824707 12 11.9833335876465 11.9833335876465 11.9833335876465 11.9833335876465 12 12 12.0166664123535 12.0499992370605 12.0666666030884 12.0666666030884 12.0500001907349 12.0500001907349 12.0500001907349 12.0666666030884 12.0833330154419 12.0666666030884 12.0666666030884 12.0666666030884 12.0666666030884 12.0666666030884 12.0833330154419 12.0833330154419 12.0833330154419 12.0833330154419 12.0833330154419 12.1000003814697 12.0666666030884 12.0666666030884 12.0666666030884 12.0500001907349 12.0500001907349 12.0833330154419 12.0666666030884 12.1166667938232 12.1499996185303 12.1000003814697 12.0833330154419 12.0666666030884 12.0333337783813 12 12 12 12.0166664123535 12.0166664123535 12.0333337783813 12.0166664123535
12.0499992370605 12.033332824707 12.033332824707 12.0166664123535 11.9833335876465 11.9833335876465 11.9833335876465 11.9833335876465 12 12 12.0666666030884 12.0666666030884 12.0666666030884 12.0666666030884 12.0666666030884 12.0833330154419 12.0833330154419 12.0833330154419 12.0833330154419 12.0833330154419 12.0833330154419 12.0833330154419 12.0833330154419 12.0833330154419 12.0833330154419 12.1000003814697 12.1000003814697 12.1166667938232 12.1166667938232 12.1166667938232 12.0833330154419 12.0833330154419 12.0833330154419 12.0666666030884 12.0833330154419 12.0833330154419 12.0666666030884 12.1000003814697 12.1666669845581 12.1499996185303 12.0833330154419 12.0666666030884 12.0666666030884 12.0333337783813 12.0166664123535 12.0166664123535 12.0166664123535 12.0500001907349 12.0333337783813 12.0166664123535
