Demos/Rbased/CrashCourse/data/climate_processing/PresentLayers/Pyxidanthera_brevifolia/bio_15.asc
NCOLS 215 
NROWS 157 
XLLCORNER -80.4833333333333 
YLLCORNER 34.2333333333333 
CELLSIZE 0.00833333333333336 
NODATA_value -9999 
[rows 84 to 104 of 157, columns 144 to 191 of 215]
21.2461204528809 21.0784339904785 21.1660289764404 21.1660289764404 21.1660289764404 21.3242378234863 21.2688045501709 21.3575897216797 21.0639667510986 21.0639667510986 21.0608539581299 21.0608539581299 21.0489635467529 21.0945682525635 21.0952548980713 21.1877021789551 21.1372489929199 21.1061630249023 21.1061630249023 21.1114044189453 21.1114044189453 21.1114044189453 21.1608924865723 21.2581539154053 21.3665142059326 21.3200645446777 21.3665142059326 21.3200645446777 21.195384979248 21.195384979248 21.2084503173828 21.3085346221924 21.3085346221924 21.3085346221924 21.3085346221924 21.3625984191895 21.4660549163818 21.5978527069092 21.5978527069092 21.555980682373 21.6458969116211 21.9046325683594 21.9046325683594 22.0100994110107 22.0100994110107 22.0100994110107 21.8924427032471 21.8924427032471
21.2461204528809 21.3335208892822 21.1660289764404 21.1660289764404 21.2908325195312 21.3242378234863 21.3242378234863 21.4121952056885 21.1960582733154 21.225170135498 21.0608539581299 21.0608539581299 21.0489635467529 21.0945682525635 21.1877021789551 21.1877021789551 21.266508102417 21.2058601379395 21.2058601379395 21.2710781097412 21.2710781097412 21.2710781097412 21.2581539154053 21.2669086456299 21.2669086456299 21.3665142059326 21.3665142059326 21.3200645446777 21.3200645446777 21.2084503173828 21.2084503173828 21.3085346221924 21.3085346221924 21.3085346221924 21.3085346221924 21.4950008392334 21.5193843841553 21.7537803649902 21.7537803649902 21.7537803649902 21.9448509216309 21.9046325683594 21.9046325683594 22.0100994110107 22.0100994110107 22.0100994110107 22.0100994110107 22.0498371124268
21.4329261779785 21.4329261779785 21.4329261779785 21.2908325195312 21.331563949585 21.3242378234863 21.4121952056885 21.4121952056885 21.4121952056885 21.354040145874 21.2127590179443 21.0608539581299 21.0945682525635 21.0945682525635 21.1877021789551 21.3168869018555 21.4163436889648 21.3659191131592 21.4149551391602 21.2710781097412 21.2336158752441 21.2835807800293 21.3790493011475 21.3868103027344 21.3868103027344 21.3665142059326 21.3665142059326 21.3665142059326 21.3665142059326 21.33323097229 21.4656257629395 21.4950008392334 21.4950008392334 21.6138019561768 21.481653213501 21.6138019561768 21.6138019561768 21.7166576385498 21.7166576385498 21.7537803649902 21.9448509216309 21.9448509216309 22.0503692626953 22.0503692626953 22.0503692626953 22.0100994110107 22.1670722961426 22.0127296447754
21.4329261779785 21.4329261779785 21.556619644165 21.556619644165 21.4232769012451 21.3242378234863 21.4121952056885 21.4121952056885 21.4121952056885 21.4082107543945 21.354040145874 21.1749897003174 21.0573863983154 21.1877021789551 21.3168869018555 21.5442333221436 21.4163436889648 21.3168869018555 21.4149551391602 21.4199848175049 21.3207378387451 21.2835807800293 21.3868103027344 21.3868103027344 21.3868103027344 21.3868103027344 21.4864463806152 21.4981060028076 21.4981060028076 21.4981060028076 21.6301803588867 21.6833229064941 21.6138019561768 21.6138019561768 21.6138019561768 21.6138019561768 21.6138019561768 21.7322635650635 21.7322635650635 21.8326358795166 21.9228954315186 21.9077377319336 22.0135517120361 22.0135517120361 22.1692848205566 22.1692848205566 22.1302585601807 22.1692848205566
21.4908962249756 21.556619644165 21.556619644165 21.556619644165 21.5896129608154 21.5111713409424 21.5111713409424 21.4121952056885 21.4082107543945 21.4082107543945 21.4082107543945 21.2285594940186 21.3122901916504 21.1499290466309 21.3168869018555 21.3168869018555 21.5442333221436 21.4656257629395 21.4199848175049 21.4199848175049 21.4199848175049 21.3831367492676 21.3868103027344 21.3868103027344 21.3868103027344 21.3868103027344 21.3983097076416 21.3983097076416 21.4981060028076 21.6301803588867 21.727123260498 21.727123260498 21.6578559875488 21.6138019561768 21.6138019561768 21.6138019561768 21.6292686462402 21.6292686462402 21.7322635650635 21.8326358795166 21.9228954315186 22.0782070159912 22.0782070159912 22.1692848205566 22.1692848205566 22.1692848205566 22.1692848205566 22.1692848205566
21.6145057678223 21.6145057678223 21.556619644165 21.5972843170166 21.5896129608154 21.676061630249 21.5111713409424 21.5111713409424 21.4082107543945 21.5073947906494 21.4082107543945 21.4164943695068 21.4410743713379 21.6061248779297 21.4453563690186 21.4082107543945 21.2794303894043 21.5931568145752 21.5978527069092 21.5477104187012 21.4199848175049 21.5518474578857 21.3868103027344 21.3868103027344 21.3868103027344 21.3868103027344 21.3983097076416 21.3983097076416 21.5309715270996 21.727123260498 21.7175827026367 21.7810935974121 21.7810935974121 21.6728420257568 21.6728420257568 21.6292686462402 21.7200393676758 21.8225688934326 21.8225688934326 21.9228954315186 22.0782070159912 22.0782070159912 22.0782070159912 22.1838359832764 22.1838359832764 22.1692848205566 22.1692848205566 22.1692848205566
21.6145057678223 21.6145057678223 21.6554489135742 21.5972843170166 21.676061630249 21.676061630249 21.5111713409424 21.5111713409424 21.5073947906494 21.4082107543945 21.5524921417236 21.4164943695068 21.6252689361572 21.6061248779297 21.568696975708 21.4082107543945 21.4082107543945 21.3334484100342 21.3334484100342 21.3334484100342 21.5153064727783 21.5153064727783 21.6184349060059 21.5193843841553 21.3868103027344 21.3983097076416 21.5309715270996 21.5309715270996 21.6280078887939 21.727123260498 21.7175827026367 21.7810935974121 21.7961711883545 21.7961711883545 21.6728420257568 21.6728420257568 21.6292686462402 21.9793605804443 22.0782070159912 22.0782070159912 22.0782070159912 22.0782070159912 22.0782070159912 22.1838359832764 22.1838359832764 22.1692848205566 22.3270435333252 22.4277362823486
21.6145057678223 21.6145057678223 21.6554489135742 21.6554489135742 21.676061630249 21.676061630249 21.676061630249 21.5111713409424 21.5073947906494 21.3707637786865 21.6796531677246 21.6796531677246 21.7166175842285 21.7169876098633 21.568696975708 21.568696975708 21.4577789306641 21.4619922637939 21.3334484100342 21.3334484100342 21.4280967712402 21.5678863525391 21.6184349060059 21.6184349060059 21.5193843841553 21.4464092254639 21.5309715270996 21.6182479858398 21.6182479858398 21.6182479858398 21.752311706543 21.752311706543 21.752311706543 21.9072971343994 21.9072971343994 21.7839660644531 21.8855533599854 21.9834442138672 22.0859050750732 22.0859050750732 22.0442409515381 22.0442409515381 22.0442409515381 22.1501502990723 22.1501502990723 22.3068714141846 22.2933406829834 22.3937301635742
21.6145057678223 21.6554489135742 21.6554489135742 21.7329864501953 21.7329864501953 21.7329864501953 21.676061630249 21.676061630249 21.3707637786865 21.5156536102295 21.6796531677246 21.7701816558838 21.7701816558838 21.7200393676758 21.568696975708 21.568696975708 21.6219921112061 21.6219921112061 21.6219921112061 21.4280967712402 21.4353904724121 21.5678863525391 21.7456130981445 21.5193843841553 21.5678863525391 21.5309715270996 21.5309715270996 21.5837249755859 21.7945919036865 21.8081378936768 21.8081378936768 21.9072971343994 21.9072971343994 21.9072971343994 21.9072971343994 21.9072971343994 21.8814601898193 21.9834442138672 21.9834442138672 22.0859050750732 22.0859050750732 22.0859050750732 22.2419815063477 22.2419815063477 22.3476181030273 22.4466667175293 22.4066715240479 22.3937301635742
21.6145057678223 21.6554489135742 21.741527557373 21.741527557373 21.7329864501953 21.7329864501953 21.7329864501953 21.676061630249 21.6342716217041 21.6796531677246 21.7701816558838 21.7333545684814 21.7329864501953 21.7329864501953 21.6676025390625 21.568696975708 21.6219921112061 21.6219921112061 21.6219921112061 21.714916229248 21.7257061004639 21.5678863525391 21.6955680847168 21.6219921112061 21.5789928436279 21.6333560943604 21.5851097106934 21.8403263092041 21.7945919036865 21.8081378936768 21.8081378936768 21.8081378936768 21.9072971343994 21.9072971343994 21.9072971343994 22.0045490264893 22.0951843261719 22.1058406829834 21.9834442138672 22.0859050750732 22.2419815063477 22.2419815063477 22.2419815063477 22.2419815063477 22.3476181030273 22.4466667175293 22.4466667175293 22.4466667175293
21.6554489135742 21.6554489135742 21.741527557373 21.741527557373 21.7329864501953 21.7329864501953 21.7329864501953 21.676061630249 21.6796531677246 21.7701816558838 21.7333545684814 21.7333545684814 21.7329864501953 21.7200393676758 21.7200393676758 21.7170009613037 21.7207412719727 21.6219921112061 21.8460311889648 21.8528690338135 21.7257061004639 21.7257061004639 21.6955680847168 21.7493019104004 21.7905960083008 21.7563610076904 21.7461128234863 21.8403263092041 21.8533973693848 21.8081378936768 21.8081378936768 21.8081378936768 21.9072971343994 21.9072971343994 21.9072971343994 22.0045490264893 22.0045490264893 22.0951843261719 21.8814601898193 22.2419815063477 22.2419815063477 22.2419815063477 22.2419815063477 22.2110843658447 22.3476181030273 22.4466667175293 22.4157180786133 22.5716876983643
21.741527557373 21.741527557373 21.741527557373 21.741527557373 21.7329864501953 21.7329864501953 21.7329864501953 21.847541809082 21.6796531677246 21.7701816558838 21.7333545684814 21.7333545684814 21.7329864501953 21.7200393676758 21.7696781158447 21.6741733551025 21.6741733551025 21.7533779144287 21.8460311889648 21.8528690338135 21.8528690338135 21.8528690338135 21.9067363739014 21.7493019104004 21.9174880981445 21.7563610076904 21.851016998291 21.8403263092041 21.8533973693848 21.8533973693848 21.8533973693848 21.8533973693848 21.9072971343994 21.9072971343994 21.997974395752 22.0045490264893 22.0951843261719 22.2193927764893 22.1286678314209 22.3327465057373 22.2110843658447 22.2110843658447 22.2110843658447 22.2110843658447 22.449878692627 22.4157180786133 22.5716876983643 22.5716876983643
21.741527557373 21.741527557373 21.741527557373 21.741527557373 21.7329864501953 21.7329864501953 21.9046325683594 21.9046325683594 21.7701816558838 21.7333545684814 21.7333545684814 21.7333545684814 21.7200393676758 21.7696781158447 21.6710720062256 21.6741733551025 21.766284942627 21.8973140716553 21.8460311889648 21.8528690338135 21.8528690338135 21.8189239501953 21.8189239501953 21.9174880981445 21.9738731384277 21.7563610076904 21.8403263092041 21.8533973693848 21.8533973693848 21.8533973693848 21.8533973693848 21.8533973693848 21.8533973693848 21.9072971343994 21.9898014068604 22.0808696746826 22.1443176269531 22.2351989746094 22.2351989746094 22.3374404907227 22.3327465057373 22.2110843658447 22.2110843658447 22.3099517822266 22.5716876983643 22.7037467956543 22.7037467956543 22.8003196716309
21.741527557373 21.741527557373 21.741527557373 21.741527557373 21.7329864501953 21.9046325683594 21.9046325683594 21.9933681488037 21.7701816558838 21.7333545684814 21.7333545684814 21.7207412719727 21.7200393676758 21.7696781158447 21.7696781158447 21.8054695129395 21.8973140716553 21.8973140716553 21.8973140716553 21.8528690338135 21.8528690338135 21.8189239501953 21.8835372924805 21.8835372924805 21.9738731384277 21.9779415130615 21.8533973693848 22.0792560577393 22.0792560577393 21.8533973693848 21.9446105957031 21.8383712768555 21.8383712768555 22.0335559844971 22.2588119506836 22.4116287231445 22.3688163757324 22.3688163757324 22.3688163757324 22.2351989746094 22.4704933166504 22.4655704498291 22.3445587158203 22.5988597869873 22.7037467956543 22.7037467956543 22.7037467956543 22.7037467956543
21.741527557373 21.741527557373 21.741527557373 21.8680458068848 21.9127101898193 21.9046325683594 21.9933681488037 21.9933681488037 21.98854637146 21.7900352478027 21.7333545684814 21.7207412719727 21.7696781158447 21.7696781158447 21.8622360229492 21.8973140716553 21.8973140716553 21.8973140716553 21.8973140716553 21.8694458007812 21.873083114624 21.873083114624 21.8835372924805 21.9738731384277 22.1078796386719 21.9779415130615 22.1257572174072 22.1150798797607 22.0792560577393 22.0792560577393 22.0484008789062 21.9738750457764 21.9340229034424 22.0878314971924 22.4116287231445 22.4116287231445 22.4116287231445 22.4116287231445 22.4116287231445 22.513355255127 22.4704933166504 22.4819030761719 22.6223030090332 22.8235778808594 22.7037467956543 22.7037467956543 22.6763095855713 -9999
21.9855155944824 21.843620300293 21.8680458068848 22.0139179229736 21.9127101898193 21.9046325683594 21.9933681488037 21.9933681488037 21.9562587738037 21.7900352478027 21.7900352478027 21.7207412719727 21.7696781158447 21.8622360229492 21.9925785064697 21.8973140716553 21.8973140716553 21.8633670806885 21.8694458007812 21.8694458007812 21.9238243103027 21.9632415771484 21.8835372924805 22.068244934082 22.2019653320312 22.1150798797607 22.1150798797607 22.1150798797607 22.0842151641846 22.1746559143066 21.9738750457764 21.9738750457764 22.2224636077881 22.2224636077881 22.2224636077881 22.4116287231445 22.4116287231445 22.4116287231445 22.4116287231445 22.3837242126465 22.4857044219971 22.7347373962402 22.747709274292 22.7334499359131 -9999 -9999 -9999 -9999
22.1106014251709 21.9814548492432 22.1429290771484 22.0139179229736 21.9127101898193 21.9933681488037 21.9933681488037 21.9933681488037 21.9562587738037 21.7900352478027 21.7900352478027 21.8393592834473 21.8622360229492 21.9925785064697 21.9925785064697 21.8973140716553 21.8633670806885 21.8633670806885 21.8694458007812 21.8694458007812 21.9238243103027 22.0971660614014 22.0180740356445 22.1121864318848 22.2019653320312 22.1257572174072 22.0842151641846 22.0842151641846 22.0842151641846 22.1913089752197 22.1913089752197 21.9738750457764 22.2224636077881 22.2224636077881 22.2123527526855 22.2930126190186 22.2930126190186 22.3837242126465 22.3837242126465 22.3837242126465 22.6399002075195 22.7347373962402 -9999 -9999 -9999 -9999 -9999 -9999
22.1714973449707 22.1694755554199 22.1543388366699 22.0139179229736 22.1030292510986 22.0018978118896 21.9933681488037 21.9933681488037 21.9562587738037 21.7900352478027 21.7900352478027 21.9695243835449 22.0610198974609 21.9925785064697 21.9925785064697 21.8973140716553 21.8633670806885 21.8633670806885 21.8694458007812 21.8694458007812 21.9238243103027 22.0274105072021 22.161563873291 22.1121864318848 22.1121864318848 22.0842151641846 22.0842151641846 22.1746559143066 22.1007118225098 22.1007118225098 22.1913089752197 22.2224636077881 22.3725414276123 22.3725414276123 22.1940383911133 22.1940383911133 22.2930126190186 22.3837242126465 22.3837242126465 -9999 -9999 -9999 -9999 -9999 -9999 -9999 -9999 -9999
22.1873016357422 22.1694755554199 22.1694755554199 22.2318058013916 22.1030292510986 22.1030292510986 21.9933681488037 21.9562587738037 21.7945747375488 21.7900352478027 21.8393592834473 21.9320125579834 22.0610198974609 22.0477294921875 21.9925785064697 21.9618034362793 21.8855533599854 21.8855533599854 21.8912315368652 22.0179901123047 22.0179901123047 22.0274105072021 22.0274105072021 22.1199703216553 22.0842151641846 22.0842151641846 22.0842151641846 22.1007118225098 22.1007118225098 22.159631729126 22.2498893737793 22.4977741241455 22.4701290130615 22.3446521759033 22.363338470459 22.2723846435547 -9999 -9999 -9999 -9999 -9999 -9999 -9999 -9999 -9999 -9999 -9999 -9999
22.2704086303711 22.1694755554199 22.2591972351074 22.2318058013916 21.9408073425293 21.9408073425293 21.9330348968506 21.7945747375488 21.8185043334961 21.7900352478027 21.9551792144775 22.061918258667 22.0477294921875 22.0477294921875 22.070198059082 21.9841156005859 21.8855533599854 21.8855533599854 21.9845867156982 22.0179901123047 22.0179901123047 22.0274105072021 22.1309814453125 22.1309814453125 22.1746559143066 22.1746559143066 22.1324214935303 22.3015956878662 22.3485622406006 22.4977741241455 22.4701290130615 22.4701290130615 22.4888763427734 -9999 -9999 -9999 -9999 -9999 -9999 -9999 -9999 -9999 -9999 -9999 -9999 -9999 -9999 -9999
22.2704086303711 22.3198928833008 22.0965175628662 22.0814514160156 21.9408073425293 21.9408073425293 21.9408073425293 21.9330348968506 21.8874893188477 21.9367542266846 21.9551792144775 22.0851230621338 22.0838394165039 22.070198059082 22.0362339019775 22.0379867553711 22.0379867553711 21.9794445037842 22.0393867492676 22.0393867492676 22.0179901123047 22.0172557830811 22.151704788208 22.1437759399414 22.2229423522949 22.2229423522949 22.2391109466553 22.3660373687744 22.4256649017334 22.4701290130615 -9999 -9999 -9999 -9999 -9999 -9999 -9999 -9999 -9999 -9999 -9999 -9999 -9999 -9999 -9999 -9999 -9999 -9999
