Demos/Rbased/CrashCourse/data/climate_processing/PresentLayers/Pyxidanthera_brevifolia/bio_9.asc
NCOLS 215 
NROWS 157 
XLLCORNER -80.4833333333333 
YLLCORNER 34.2333333333333 
CELLSIZE 0.00833333333333336 
NODATA_value -9999 
[rows 44 to 65 of 157, columns 147 to 195 of 215]
11.3333330154419 11.3333330154419 11.3166666030884 11.3499994277954 11.3833332061768 11.3833332061768 11.3666667938232 11.3833332061768 11.3999996185303 11.3666658401489 11.3333330154419 11.3666658401489 11.3999996185303 11.4333333969116 11.4666662216187 11.4833335876465 11.4833335876465 11.5166664123535 11.533332824707 11.5500001907349 11.5666666030884 11.5833330154419 11.6333332061768 11.6999998092651 11.6999998092651 11.7666664123535 11.8000001907349 11.8333339691162 11.8666667938232 11.8999996185303 11.9000005722046 11.9166669845581 11.9333333969116 11.9000005722046 11.8666667938232 11.8333330154419 11.8166666030884 11.8000001907349 11.7666664123535 11.7333335876465 11.7166662216187 11.75 11.75 11.75 11.75 11.7333335876465 11.75 11.75 11.6999998092651
11.3333330154419 11.3166666030884 11.3333330154419 11.3499994277954 11.3666667938232 11.3999996185303 11.4166660308838 11.4333333969116 11.3999996185303 11.3833332061768 11.3666658401489 11.3833332061768 11.4166660308838 11.3999996185303 11.4499998092651 11.4499998092651 11.5 11.4833326339722 11.5166664123535 11.5833330154419 11.6000003814697 11.6000003814697 11.6833333969116 11.6833333969116 11.75 11.8000001907349 11.8333339691162 11.9000005722046 11.9499998092651 11.9499998092651 11.9499998092651 11.9499998092651 12 11.9833335876465 11.9166669845581 11.9000005722046 11.8666667938232 11.8333330154419 11.8166666030884 11.8166666030884 11.8166666030884 11.8000001907349 11.8166666030884 11.8333330154419 11.8000001907349 11.8000001907349 11.8166666030884 11.7833337783813 11.7666673660278
11.2833337783813 11.3166666030884 11.3333330154419 11.3666667938232 11.3999996185303 11.4333333969116 11.4333333969116 11.4333333969116 11.4166660308838 11.3999996185303 11.4166660308838 11.3833332061768 11.4333333969116 11.4333333969116 11.4499998092651 11.4833335876465 11.533332824707 11.5 11.5166664123535 11.6000003814697 11.5666666030884 11.6499996185303 11.6499996185303 11.7333335876465 11.8166666030884 11.8500003814697 11.8666667938232 11.9499998092651 11.9499998092651 12.0166664123535 12.0166664123535 12.0166664123535 12.0500001907349 12.0500001907349 12 11.9833335876465 11.9499998092651 11.9333333969116 11.9333333969116 11.9333333969116 11.8833332061768 11.8666667938232 11.8833332061768 11.8666667938232 11.8500003814697 11.8333339691162 11.8500003814697 11.8166666030884 11.8000001907349
11.2833337783813 11.3166666030884 11.3166666030884 11.3999996185303 11.4333333969116 11.4499998092651 11.4666662216187 11.4499998092651 11.3999996185303 11.4166660308838 11.3999996185303 11.4166660308838 11.4666662216187 11.4666662216187 11.4499998092651 11.533332824707 11.533332824707 11.5166664123535 11.5499992370605 11.5999994277954 11.5833330154419 11.5999994277954 11.6333332061768 11.7333335876465 11.8166666030884 11.9166669845581 11.9499998092651 11.9833335876465 12.033332824707 12.0333337783813 12.0666666030884 12.1166667938232 12.1333332061768 12.1333332061768 12.0999994277954 12.033332824707 12.0166664123535 12 12.0166664123535 11.9833335876465 11.9333333969116 11.9333333969116 11.966667175293 11.9499998092651 11.9333333969116 11.9333333969116 11.8500003814697 11.8500003814697 11.8499994277954
11.25 11.3166666030884 11.3333339691162 11.3666667938232 11.3999996185303 11.4166660308838 11.4166660308838 11.3999996185303 11.4166660308838 11.3999996185303 11.4333333969116 11.3999996185303 11.4666662216187 11.4499998092651 11.4499998092651 11.5166664123535 11.5 11.4833335876465 11.4833335876465 11.533332824707 11.5500001907349 11.5999994277954 11.6499996185303 11.6833333969116 11.7666664123535 11.8666667938232 11.8833332061768 11.9166669845581 12 12 12.0333337783813 12.0999994277954 12.1666669845581 12.1666669845581 12.1166667938232 12.0666666030884 12.033332824707 12 12 12.0500001907349 12 11.9833335876465 11.9833335876465 12 11.9499998092651 11.9000005722046 11.8833332061768 11.8999996185303 11.8666658401489
11.3000001907349 11.3666658401489 11.3833332061768 11.3500003814697 11.3833332061768 11.4166660308838 11.4166660308838 11.3666667938232 11.3666667938232 11.4166660308838 11.4166660308838 11.4166660308838 11.4333333969116 11.4499998092651 11.5 11.5 11.5 11.5166664123535 11.5166664123535 11.5666666030884 11.5999994277954 11.5999994277954 11.6666669845581 11.6999998092651 11.7166662216187 11.7833337783813 11.8666667938232 11.8500003814697 11.8833332061768 11.9833335876465 12 12.0999994277954 12.1499996185303 12.1499996185303 12.1333332061768 12.0833330154419 12.0833330154419 12.033332824707 12.0166664123535 12.0500001907349 12.033332824707 12.0166664123535 11.9833335876465 11.9833335876465 11.9833335876465 11.9166669845581 11.9000005722046 11.8999996185303 11.8666658401489
11.3333330154419 11.3833332061768 11.3666667938232 11.3666667938232 11.4166660308838 11.4666662216187 11.4499998092651 11.4166669845581 11.3666667938232 11.4333333969116 11.4333333969116 11.4333333969116 11.4666662216187 11.4666662216187 11.4666662216187 11.4833326339722 11.4833326339722 11.5500001907349 11.5833330154419 11.5666666030884 11.6166667938232 11.6333332061768 11.6499996185303 11.6833333969116 11.6833333969116 11.7333335876465 11.8333339691162 11.8666667938232 11.8833332061768 11.9499998092651 12.0166664123535 12.0500001907349 12.1499996185303 12.1499996185303 12.1499996185303 12.0999994277954 12.0833330154419 12.0666666030884 12.0499992370605 12.0833330154419 12.0833330154419 12.0499992370605 12.0833330154419 12.0833330154419 12.0166664123535 11.9333333969116 11.9499998092651 11.8999996185303 11.8833332061768
11.3333330154419 11.3999996185303 11.4166660308838 11.3833332061768 11.3999996185303 11.4833335876465 11.5 11.4666662216187 11.4333333969116 11.4499998092651 11.4499998092651 11.4833335876465 11.5166664123535 11.5333337783813 11.5166664123535 11.5166664123535 11.4666662216187 11.5500001907349 11.5833330154419 11.5833330154419 11.5666666030884 11.6000003814697 11.6499996185303 11.6833333969116 11.6999998092651 11.75 11.8166666030884 11.9000005722046 11.9000005722046 11.966667175293 11.966667175293 12.033332824707 12.1499996185303 12.1499996185303 12.1499996185303 12.1166667938232 12.0999994277954 12.0833330154419 12.0666666030884 12.0833330154419 12.1166667938232 12.0999994277954 12.0833330154419 12.1333332061768 12.0666666030884 12 11.9499998092651 11.9166660308838 11.9166660308838
11.3666667938232 11.3999996185303 11.3999996185303 11.3666667938232 11.4333333969116 11.5 11.5166664123535 11.4666662216187 11.4666662216187 11.5 11.4833335876465 11.5 11.5500001907349 11.5666666030884 11.5500001907349 11.5500001907349 11.5166664123535 11.533332824707 11.5833330154419 11.5833330154419 11.5500001907349 11.5500001907349 11.5833330154419 11.6833333969116 11.7333335876465 11.7666664123535 11.7833337783813 11.8833332061768 11.9333333969116 11.9499998092651 12.0166664123535 12.033332824707 12.1166667938232 12.1499996185303 12.1333332061768 12.0999994277954 12.0999994277954 12.0833330154419 12.1166667938232 12.1166667938232 12.1166667938232 12.1333332061768 12.1333332061768 12.1499996185303 12.0833330154419 12.0166664123535 11.9666662216187 11.9499998092651 11.9499998092651
11.3833332061768 11.3666667938232 11.3500003814697 11.3666667938232 11.4499998092651 11.5 11.5 11.4666662216187 11.4666662216187 11.5 11.5500001907349 11.5500001907349 11.5500001907349 11.5833330154419 11.5833330154419 11.5500001907349 11.5166664123535 11.5500001907349 11.5833330154419 11.6000003814697 11.5500001907349 11.5500001907349 11.5833330154419 11.6499996185303 11.7333335876465 11.8166666030884 11.8000001907349 11.8833332061768 11.9499998092651 11.9499998092651 12.0166664123535 12.0833330154419 12.1166667938232 12.1499996185303 12.1499996185303 12.1499996185303 12.1499996185303 12.1499996185303 12.1333332061768 12.1499996185303 12.1833333969116 12.1499996185303 12.1999998092651 12.1833333969116 12.1833333969116 12.0666666030884 12.0166664123535 12.0333337783813 11.9499998092651
11.3833332061768 11.3666667938232 11.3166666030884 11.3666667938232 11.4499998092651 11.5166664123535 11.5166664123535 11.4666662216187 11.4166669845581 11.4666662216187 11.5 11.5500001907349 11.5666666030884 11.5833330154419 11.6000003814697 11.5666666030884 11.5166664123535 11.5500001907349 11.5666666030884 11.6000003814697 11.6166667938232 11.6000003814697 11.6000003814697 11.6666669845581 11.75 11.8166666030884 11.8333339691162 11.8666667938232 11.9499998092651 11.9833326339722 12.0666666030884 12.1166667938232 12.1666669845581 12.1833333969116 12.1999998092651 12.1833333969116 12.1666669845581 12.1833333969116 12.1999998092651 12.1999998092651 12.25 12.1999998092651 12.216667175293 12.1999998092651 12.1999998092651 12.0833330154419 12.0833330154419 12.0500001907349 11.9833335876465
11.3833332061768 11.3999996185303 11.3666667938232 11.4333333969116 11.4499998092651 11.5 11.5166664123535 11.4666662216187 11.4166669845581 11.4666662216187 11.4666662216187 11.4833335876465 11.5333337783813 11.5666666030884 11.6000003814697 11.5833330154419 11.5500001907349 11.5500001907349 11.5833330154419 11.6499996185303 11.6499996185303 11.6166667938232 11.6499996185303 11.6999998092651 11.7666664123535 11.8166666030884 11.8666667938232 11.9000005722046 11.9666662216187 12.033332824707 12.0666666030884 12.1499996185303 12.1999998092651 12.1999998092651 12.25 12.216667175293 12.216667175293 12.216667175293 12.2333335876465 12.2333335876465 12.2666673660278 12.25 12.25 12.25 12.216667175293 12.1499996185303 12.1333332061768 12.0833330154419 12
11.4166669845581 11.3999996185303 11.3999996185303 11.3999996185303 11.4499998092651 11.5 11.5166664123535 11.4499998092651 11.4166669845581 11.4666662216187 11.4666662216187 11.4833335876465 11.5166664123535 11.5500001907349 11.5833330154419 11.5833330154419 11.5666666030884 11.5833330154419 11.6000003814697 11.6499996185303 11.6833333969116 11.6499996185303 11.6666669845581 11.7333335876465 11.7666664123535 11.8500003814697 11.8666667938232 11.9000005722046 11.9666662216187 12.033332824707 12.1166667938232 12.1666669845581 12.25 12.2666673660278 12.2666673660278 12.2833337783813 12.2833337783813 12.3000001907349 12.3000001907349 12.2833337783813 12.2833337783813 12.2666673660278 12.3000001907349 12.3000001907349 12.2666664123535 12.216667175293 12.1500005722046 12.1000003814697 12.0500001907349
11.4166669845581 11.4166669845581 11.3999996185303 11.4166669845581 11.4666662216187 11.5 11.5 11.4499998092651 11.4333333969116 11.4666662216187 11.5166664123535 11.5166664123535 11.5333337783813 11.5500001907349 11.5666666030884 11.5666666030884 11.5500001907349 11.5666666030884 11.6000003814697 11.6666669845581 11.6833333969116 11.6999998092651 11.716667175293 11.7833337783813 11.7833337783813 11.8500003814697 11.8999996185303 11.9166669845581 11.9666662216187 12.0500001907349 12.1166667938232 12.1999998092651 12.25 12.3333330154419 12.3000001907349 12.3166666030884 12.3333330154419 12.3499994277954 12.3499994277954 12.3499994277954 12.3333330154419 12.3000001907349 12.2833337783813 12.3166666030884 12.283332824707 12.25 12.1999998092651 12.1333332061768 12.1000003814697
11.4333333969116 11.4666662216187 11.4333333969116 11.4499998092651 11.4666662216187 11.4833335876465 11.5 11.4666662216187 11.4666662216187 11.4666662216187 11.4666662216187 11.5 11.5166664123535 11.5500001907349 11.5666666030884 11.5833339691162 11.5666666030884 11.5833330154419 11.6166667938232 11.6666669845581 11.716667175293 11.7333335876465 11.75 11.8000001907349 11.8000001907349 11.8666667938232 11.8999996185303 11.8833332061768 11.9833335876465 12.0166664123535 12.1166667938232 12.1999998092651 12.25 12.3333330154419 12.3500003814697 12.3500003814697 12.3666667938232 12.3833332061768 12.3833332061768 12.3833332061768 12.3833332061768 12.3500003814697 12.3166666030884 12.3000001907349 12.3166666030884 12.25 12.1999998092651 12.1500005722046 12.1000003814697
11.4666662216187 11.4666662216187 11.4333333969116 11.4333333969116 11.4666662216187 11.5 11.5 11.4666662216187 11.4666662216187 11.4666662216187 11.4666662216187 11.4833335876465 11.5333337783813 11.5666666030884 11.5833339691162 11.6333332061768 11.5833330154419 11.6000003814697 11.6499996185303 11.6833333969116 11.7333335876465 11.716667175293 11.7333335876465 11.8000001907349 11.8333330154419 11.8333330154419 11.8999996185303 11.8999996185303 11.9333333969116 12.0166664123535 12.1000003814697 12.1833333969116 12.25 12.3000001907349 12.3166666030884 12.3333330154419 12.3500003814697 12.3833332061768 12.3833332061768 12.3833332061768 12.3500003814697 12.3333330154419 12.3333330154419 12.3666667938232 12.3000001907349 12.25 12.1999998092651 12.1333332061768 12.0833339691162
11.4666662216187 11.4499998092651 11.4666662216187 11.4499998092651 11.4666662216187 11.5 11.4833335876465 11.5 11.5166664123535 11.5166664123535 11.5333337783813 11.5500001907349 11.5500001907349 11.6333332061768 11.6500005722046 11.6333332061768 11.6333332061768 11.6333332061768 11.6499996185303 11.6999998092651 11.75 11.7333335876465 11.75 11.7833337783813 11.8333330154419 11.8333330154419 11.8666658401489 11.8833332061768 11.9666662216187 12 12.0833330154419 12.1666669845581 12.216667175293 12.3000001907349 12.3000001907349 12.3166666030884 12.3333330154419 12.3500003814697 12.3666667938232 12.3500003814697 12.3333330154419 12.3333330154419 12.3666667938232 12.3499994277954 12.2833337783813 12.2333335876465 12.1999998092651 12.1333332061768 12.0333337783813
11.5166664123535 11.4833335876465 11.4666662216187 11.4666662216187 11.4666662216187 11.4833335876465 11.4833335876465 11.4833335876465 11.5 11.5333337783813 11.5500001907349 11.6000003814697 11.6000003814697 11.6333332061768 11.6666669845581 11.6833333969116 11.6499996185303 11.6499996185303 11.6833333969116 11.716667175293 11.7333335876465 11.75 11.7666664123535 11.7833337783813 11.8000001907349 11.8333330154419 11.8499994277954 11.8499994277954 11.9166660308838 11.9833335876465 12.0666666030884 12.1500005722046 12.1999998092651 12.2666664123535 12.3000001907349 12.3000001907349 12.3000001907349 12.3500003814697 12.3666667938232 12.3333330154419 12.3500003814697 12.3499994277954 12.3166666030884 12.3000001907349 12.25 12.1999998092651 12.1333332061768 12.0833339691162 12
11.5166664123535 11.5166664123535 11.4666662216187 11.4666662216187 11.5166664123535 11.4833335876465 11.4666662216187 11.4833335876465 11.5 11.5500001907349 11.6000003814697 11.6166667938232 11.6166667938232 11.6666669845581 11.6833333969116 11.7166662216187 11.6833333969116 11.6833333969116 11.6833333969116 11.7333335876465 11.7333335876465 11.75 11.75 11.7833337783813 11.8166666030884 11.8333330154419 11.8499994277954 11.8666667938232 11.9333333969116 11.9833335876465 12.0500001907349 12.1500005722046 12.1833333969116 12.25 12.283332824707 12.283332824707 12.3166666030884 12.3499994277954 12.3499994277954 12.3499994277954 12.3166666030884 12.3000001907349 12.283332824707 12.2666664123535 12.25 12.1999998092651 12.1333332061768 12.0500001907349 12
11.5 11.5 11.5 11.5 11.4833335876465 11.4499998092651 11.4499998092651 11.4833335876465 11.533332824707 11.5833330154419 11.6333332061768 11.6500005722046 11.6500005722046 11.6999998092651 11.6999998092651 11.7333326339722 11.7166662216187 11.6999998092651 11.716667175293 11.716667175293 11.7333335876465 11.75 11.75 11.7666664123535 11.7666673660278 11.8000001907349 11.8166666030884 11.8166666030884 11.9166660308838 12 12.0333337783813 12.1166667938232 12.1999998092651 12.25 12.25 12.2666664123535 12.2999992370605 12.3499994277954 12.3499994277954 12.3499994277954 12.283332824707 12.283332824707 12.2666664123535 12.2666664123535 12.2333335876465 12.1666669845581 12.1333332061768 12.0333337783813 11.966667175293
11.533332824707 11.533332824707 11.5833330154419 11.5833330154419 11.5666666030884 11.5166664123535 11.533332824707 11.533332824707 11.5666666030884 11.6000003814697 11.6333332061768 11.6500005722046 11.6666669845581 11.6999998092651 11.7166662216187 11.7333326339722 11.7333326339722 11.6999998092651 11.6999998092651 11.7333335876465 11.75 11.75 11.75 11.7666664123535 11.7666664123535 11.7833337783813 11.8166666030884 11.8333330154419 11.9166660308838 11.9833335876465 12.0166664123535 12.0833330154419 12.1500005722046 12.2166662216187 12.1999998092651 12.2333335876465 12.2666664123535 12.283332824707 12.283332824707 12.25 12.25 12.25 12.25 12.25 12.1833333969116 12.1166667938232 12.0666666030884 12.0166664123535 11.9499998092651
11.5500001907349 11.5500001907349 11.5833330154419 11.5833330154419 11.5833330154419 11.5833330154419 11.5666666030884 11.5833330154419 11.6000003814697 11.6333332061768 11.6500005722046 11.6500005722046 11.6500005722046 11.6999998092651 11.7166662216187 11.7333326339722 11.7333326339722 11.6999998092651 11.6999998092651 11.6999998092651 11.75 11.7666664123535 11.7666664123535 11.7666664123535 11.783332824707 11.8000001907349 11.8166666030884 11.8499994277954 11.8666667938232 11.9499998092651 12.0166664123535 12.0500001907349 12.1000003814697 12.1500005722046 12.1666669845581 12.2166662216187 12.2166662216187 12.2166662216187 12.25 12.1999998092651 12.1833333969116 12.1999998092651 12.1999998092651 12.1833333969116 12.1500005722046 12.1000003814697 12.0500001907349 12 11.9499998092651
