Demos/Rbased/CrashCourse/data/climate_processing/PresentLayers/Pyxidanthera_brevifolia/bio_18.asc
NCOLS 275 
NROWS 194 
XLLCORNER -80.3749999998233 
YLLCORNER 33.9 
CELLSIZE 0.00833333333316008 
NODATA_value -9999 
[rows 80 to 119 of 194, columns 91 to 181 of 275]
380 382 383 383 382 381 381 381 381 381 381 382 383 384 384 385 385 385 385 387 387 387 387 387 388 388 388 388 387 388 387 387 387 386 387 387 387 387 387 387 387 387 387 387 387 386 386 385 386 386 386 386 386 386 386 385 385 385 385 385 385 385 385 385 384 385 385 385 385 385 385 385 386 386 386 386 386 385 385 385 385 386 386 387 387 387 387 387 387 388 389
380 381 382 382 382 382 381 381 381 381 381 383 383 384 385 385 385 386 386 387 387 388 387 387 388 388 388 389 388 388 388 387 387 387 389 387 387 387 387 387 388 387 387 387 387 387 386 387 386 386 386 386 386 386 386 387 386 385 385 385 385 385 385 386 386 385 386 385 385 385 385 386 386 386 386 386 386 386 386 385 385 387 387 387 387 387 387 387 387 389 389
379 381 382 382 382 381 381 380 380 380 382 383 383 385 385 385 385 386 386 386 388 388 388 388 388 388 388 389 389 388 388 388 388 388 389 389 388 387 387 387 388 388 387 387 387 387 387 388 388 387 386 386 386 386 387 387 386 385 385 386 386 386 386 386 386 386 386 385 385 385 385 386 386 386 386 386 387 387 387 387 388 387 387 387 387 387 387 388 389 389 389
379 380 381 380 380 380 380 380 380 381 381 383 383 385 385 385 385 387 388 388 388 388 388 388 388 388 389 389 389 389 388 388 388 388 389 389 389 388 387 388 388 388 388 387 387 387 388 388 388 387 387 386 386 386 387 387 387 386 386 386 386 386 387 387 387 386 386 386 386 385 385 386 386 387 387 387 387 387 387 387 388 388 388 388 388 387 388 388 389 389 389
378 380 380 379 379 379 379 380 381 381 381 383 384 384 385 385 385 387 387 388 388 388 388 388 388 388 389 389 389 389 389 388 388 389 389 389 389 389 388 388 388 388 388 388 387 387 388 388 388 388 387 387 386 387 387 387 387 387 386 386 386 386 387 387 387 387 387 387 387 387 387 387 387 387 387 387 387 387 387 388 388 388 388 388 389 389 388 389 390 390 391
377 378 380 379 379 379 379 379 380 381 381 382 384 384 385 385 386 387 387 388 389 390 390 390 389 388 389 389 389 389 389 389 388 389 389 389 389 389 389 389 389 388 388 388 388 388 388 388 388 388 388 388 388 387 387 387 387 387 386 386 386 386 387 387 387 387 387 387 387 387 388 388 388 387 387 387 387 387 387 388 388 389 389 389 389 389 389 389 390 391 391
377 377 377 378 378 378 378 378 380 380 380 382 384 384 385 386 386 387 387 390 390 390 390 390 390 390 390 389 389 390 389 389 389 389 389 389 389 390 390 389 389 389 388 388 388 389 388 388 388 388 388 388 388 388 387 387 387 387 387 386 386 386 387 387 387 387 387 387 387 388 388 388 388 388 388 387 387 387 387 388 389 389 389 389 389 389 389 389 391 391 391
376 376 376 377 377 377 378 378 379 380 380 382 383 384 384 386 387 387 389 390 390 390 390 390 390 391 391 390 390 390 390 390 390 389 389 389 389 390 390 389 389 389 389 388 389 389 388 388 388 388 388 388 387 388 388 387 387 387 387 387 386 386 387 387 387 387 387 387 388 388 388 388 388 388 388 388 387 388 389 389 389 389 389 389 389 389 390 391 391 391 391
377 375 375 376 377 377 377 377 377 379 379 382 383 384 385 386 386 388 390 390 390 390 390 390 390 391 391 391 390 390 390 391 391 389 389 389 389 390 390 390 389 389 389 389 389 389 389 388 388 388 388 388 388 388 388 388 387 387 387 387 388 388 387 387 387 388 387 388 388 388 388 388 388 389 389 389 389 390 390 390 389 389 389 389 389 390 390 391 391 391 392
376 376 375 375 375 376 376 377 378 378 379 382 383 383 385 386 386 388 390 390 390 391 390 390 391 391 391 391 390 390 391 391 391 390 389 389 390 390 390 390 389 389 389 390 390 390 389 389 388 388 388 389 389 389 388 388 388 388 388 388 388 388 387 387 388 387 387 388 389 389 389 389 389 389 389 389 390 390 390 390 390 390 391 391 391 392 391 391 391 392 392
375 375 374 375 375 375 375 376 376 378 380 381 382 383 385 386 387 389 390 391 392 392 392 390 391 391 391 390 390 391 391 391 391 390 390 389 390 390 390 390 389 389 390 390 390 390 390 389 389 388 389 389 389 389 388 388 388 388 388 389 389 388 388 388 388 388 387 390 389 389 389 389 389 389 389 390 390 390 390 390 391 391 391 391 391 392 392 392 392 392 392
375 375 374 373 375 375 375 375 376 377 379 381 382 383 384 385 387 389 390 392 392 392 392 391 392 391 391 390 390 391 391 391 391 390 390 391 391 390 390 390 389 389 390 390 390 390 390 389 388 389 389 389 389 389 389 388 388 388 389 389 389 389 388 388 389 389 389 390 390 389 389 389 389 389 389 390 390 390 390 391 391 391 391 391 391 392 392 393 393 393 392
374 374 373 373 374 374 374 375 376 377 377 380 381 383 384 385 387 389 390 391 392 392 391 392 392 392 392 390 390 391 391 391 391 390 390 391 391 391 390 390 390 390 390 390 390 390 390 389 388 389 389 389 389 389 389 389 389 388 389 389 389 389 389 388 389 389 390 390 390 390 390 390 389 389 389 390 390 391 391 391 391 391 391 391 391 392 393 393 393 393 393
373 373 373 372 372 373 373 374 374 377 377 379 381 383 384 386 387 388 389 391 391 391 392 392 392 392 391 390 391 391 391 391 391 390 391 391 391 391 391 390 390 390 390 390 390 390 390 390 389 389 389 389 389 389 389 389 390 390 389 389 389 389 389 389 389 389 390 390 390 390 390 390 390 389 390 390 391 391 391 391 391 391 391 392 393 393 393 393 393 393 393
373 373 372 371 371 372 372 373 375 377 377 378 380 381 383 385 387 388 388 389 390 391 392 391 391 391 392 391 391 391 391 391 390 391 391 391 391 391 391 392 390 390 390 390 390 390 390 391 389 389 389 389 389 389 389 389 390 390 390 389 389 389 389 389 389 390 390 390 390 390 390 390 390 391 391 392 391 391 391 391 391 391 391 393 393 393 393 393 393 394 394
372 372 372 372 372 370 372 372 374 376 377 378 380 381 384 384 386 387 388 388 390 390 391 391 391 391 392 391 391 390 390 390 391 391 391 391 391 391 390 391 390 390 390 390 390 390 391 391 391 390 389 389 389 389 390 390 390 390 390 390 389 389 389 389 389 390 390 390 390 390 390 390 391 392 392 392 392 392 392 392 391 391 392 393 393 393 393 393 394 394 394
372 372 371 371 371 370 371 373 374 376 377 377 379 381 383 384 385 387 387 387 389 389 389 389 391 392 392 390 390 390 390 390 391 391 391 391 391 390 391 391 390 390 390 390 390 390 391 391 391 390 390 389 389 390 390 390 390 390 390 390 390 389 389 390 390 390 390 390 390 390 390 390 392 392 392 392 392 392 392 392 392 394 394 394 393 394 394 395 395 395 396
372 371 371 371 371 372 372 373 373 375 376 377 379 381 383 383 384 386 386 388 388 389 389 389 389 391 390 390 390 390 390 391 391 391 391 391 391 391 391 391 390 390 390 390 390 391 391 391 391 390 390 390 390 390 390 390 390 390 390 390 390 389 389 390 390 390 390 390 390 390 390 390 392 392 392 392 392 392 392 392 393 394 394 394 394 394 395 395 395 396 396
371 371 371 371 371 372 372 373 375 375 376 379 379 380 382 383 384 384 387 387 388 388 388 390 390 390 390 390 390 390 391 391 391 391 391 391 391 391 391 391 391 390 390 390 391 391 391 391 391 390 390 390 391 390 390 390 390 390 390 390 390 391 391 390 390 390 390 390 390 390 390 392 392 392 392 392 392 392 392 393 393 394 394 394 394 395 395 395 395 396 397
372 371 372 372 372 372 372 373 374 375 377 379 379 380 381 383 384 385 386 387 387 387 388 389 389 389 389 389 389 390 390 390 390 390 391 391 391 391 391 391 391 390 390 391 391 391 391 391 390 390 390 391 391 391 390 390 390 390 390 391 391 391 391 391 390 390 390 390 390 390 390 392 392 392 392 392 392 392 393 393 394 394 394 395 395 395 395 395 396 397 397
372 372 373 373 373 372 374 374 375 376 377 378 379 380 381 383 384 384 385 386 387 387 388 389 389 389 389 390 390 390 390 390 390 391 391 391 391 391 391 391 391 390 391 391 390 390 390 390 390 390 391 391 391 391 391 390 390 390 391 391 391 391 391 391 390 390 391 392 392 392 392 392 392 392 392 392 392 393 394 394 394 394 394 395 395 395 395 396 397 397 397
373 373 373 373 373 373 374 375 376 376 377 378 379 379 382 383 383 384 384 385 386 388 388 388 388 388 390 390 390 390 390 390 390 391 391 391 391 391 391 391 391 392 390 390 390 390 390 390 391 391 391 391 391 391 391 391 391 391 391 391 391 391 391 391 391 391 391 393 393 392 392 392 392 392 392 392 392 394 394 394 394 395 396 396 396 396 397 398 398 398 398
373 373 373 373 373 373 374 375 376 376 377 378 380 380 382 383 383 383 384 384 387 387 387 388 388 389 389 389 389 389 390 391 391 391 391 391 391 391 391 391 391 391 390 390 390 390 390 391 391 391 391 391 391 391 391 391 392 392 391 391 391 391 391 391 391 391 393 393 393 393 392 392 392 392 392 392 393 394 395 395 395 396 396 396 396 397 398 398 398 398 398
374 373 373 373 373 374 375 375 375 376 377 379 379 380 382 382 383 384 385 385 385 387 387 387 389 389 389 389 389 389 390 390 390 391 391 391 391 390 391 391 391 391 391 390 390 390 391 391 391 391 391 391 391 391 392 392 392 392 392 393 392 392 392 392 392 391 393 393 393 393 393 392 392 392 393 393 394 395 395 395 396 396 396 396 396 398 398 398 398 398 399
374 374 374 374 374 376 376 376 377 377 379 379 379 380 381 383 384 384 384 385 385 386 387 388 388 388 389 389 389 389 390 390 390 390 390 390 391 391 391 391 391 391 391 391 391 391 391 391 391 391 391 391 391 392 392 392 392 392 392 393 393 392 393 393 393 393 393 393 393 393 393 393 393 393 393 394 395 395 395 395 396 396 396 396 396 398 398 398 398 398 399
374 374 374 374 375 376 376 376 377 377 377 379 379 381 381 383 383 384 384 384 385 386 387 388 388 388 388 390 390 390 390 390 390 390 390 391 391 391 391 391 391 391 391 392 392 392 391 391 391 391 391 391 392 392 392 392 392 393 393 393 393 394 393 393 393 393 393 393 393 393 393 393 393 393 393 394 395 395 395 396 396 396 396 396 397 398 398 398 398 398 399
374 374 374 374 376 376 376 376 377 379 379 380 380 381 381 383 383 383 384 384 385 386 387 387 387 388 389 389 389 389 389 390 390 391 391 391 391 391 391 391 391 392 392 392 392 392 392 392 391 391 391 392 392 392 392 392 392 392 393 393 394 394 393 393 393 393 393 393 393 393 393 393 393 393 395 395 395 395 395 396 396 396 396 396 397 398 398 398 398 399 399
374 375 375 376 377 377 377 377 378 379 379 380 380 380 381 382 383 383 384 385 385 385 387 387 387 388 389 389 389 389 389 390 390 390 390 390 391 391 391 391 392 392 392 392 392 392 392 392 392 392 392 392 392 392 392 392 392 392 392 394 394 394 394 393 393 393 393 393 393 393 393 393 393 394 395 395 395 395 396 397 396 396 396 397 399 399 399 399 400 400 400
375 375 375 376 377 377 377 377 378 379 380 380 380 380 381 381 383 384 384 385 385 385 386 388 388 388 388 389 389 389 390 390 390 390 390 390 390 390 391 392 392 392 392 392 392 392 393 393 393 393 392 392 392 392 392 392 392 393 394 394 394 394 394 394 394 394 393 393 393 393 393 394 393 394 395 396 396 396 397 397 397 397 397 398 399 399 399 400 400 400 400
375 375 375 376 377 377 377 377 378 379 380 381 381 381 382 383 383 384 384 384 384 385 387 387 388 388 388 388 388 390 390 390 390 390 390 390 390 391 391 392 392 392 392 392 392 393 393 393 393 393 393 393 392 392 392 393 394 394 394 394 394 394 394 394 394 394 394 394 394 394 394 394 395 395 395 396 396 397 397 397 397 397 399 399 399 399 399 399 400 400 400
375 375 375 376 377 377 377 377 380 380 380 381 381 381 382 383 383 384 384 384 385 385 386 387 388 388 388 389 389 389 389 390 390 390 390 390 391 391 391 391 392 392 392 392 393 393 393 393 393 393 393 393 394 394 394 394 394 394 394 394 394 394 394 394 394 395 395 395 395 395 395 396 396 396 396 396 397 397 397 397 397 398 399 399 399 399 399 400 400 400 400
376 376 377 377 378 378 378 378 380 380 380 381 381 381 382 383 383 384 385 385 385 385 385 387 388 388 389 389 389 389 389 389 389 389 391 391 391 391 391 391 391 391 393 393 393 393 393 393 393 393 394 394 394 394 395 395 395 395 395 394 394 394 395 395 395 395 395 395 395 395 396 396 396 396 396 396 396 397 397 398 398 399 399 399 399 399 399 400 400 400 400
376 377 377 377 378 378 378 379 380 380 380 380 381 381 381 384 384 384 385 385 385 385 385 387 388 388 388 389 388 389 389 389 390 390 390 391 391 391 391 391 392 392 392 392 393 393 393 393 394 394 394 394 394 394 395 395 395 395 395 395 395 395 395 395 395 395 395 395 396 396 396 396 396 396 396 396 397 397 398 398 398 399 399 399 399 399 400 401 401 401 402
376 377 377 377 378 378 378 379 381 381 381 381 382 382 382 383 384 384 384 385 385 386 386 386 388 388 388 388 388 388 389 390 390 390 390 391 391 392 392 392 392 392 392 392 393 393 394 394 394 394 394 394 394 395 395 395 395 396 396 396 396 396 396 396 396 395 396 396 396 396 396 396 396 396 396 397 397 398 398 398 398 400 400 400 400 401 401 401 401 401 402
376 376 377 377 378 378 379 380 381 381 381 381 382 382 383 383 384 384 384 385 386 386 387 386 386 388 388 388 389 388 389 390 390 390 390 390 392 392 392 392 392 392 392 392 392 394 394 394 394 394 394 394 394 394 396 396 396 396 396 396 396 396 396 396 396 397 397 397 397 397 398 398 398 398 399 399 399 399 399 399 400 400 400 400 400 401 401 401 401 401 402
376 376 378 378 379 379 379 380 381 381 381 382 382 383 383 384 384 385 385 385 385 386 387 387 386 386 389 389 389 389 389 390 390 391 391 391 391 391 392 392 392 392 393 393 393 394 394 394 394 394 394 395 395 395 396 396 396 396 396 396 396 396 396 396 396 397 397 397 398 398 398 398 398 399 399 399 399 399 399 399 400 400 400 400 401 401 401 401 401 402 402
377 377 378 378 379 379 379 380 381 381 382 382 383 384 384 384 384 385 385 385 385 385 387 388 387 387 388 388 389 389 389 390 391 391 391 391 391 391 392 393 393 393 393 393 393 393 394 394 394 394 395 395 395 396 396 396 396 396 396 396 396 396 397 398 398 398 398 398 398 398 398 398 399 399 399 399 399 399 400 400 400 400 400 400 401 401 401 401 401 402 403
377 378 378 378 378 379 379 380 382 382 382 382 382 384 384 384 384 385 385 385 385 386 388 387 387 388 387 388 389 389 390 390 390 391 391 391 391 391 392 393 393 393 393 393 393 393 394 395 395 395 395 395 395 395 396 396 396 396 396 397 397 397 398 398 398 398 398 398 398 398 398 399 399 399 399 399 399 399 400 400 400 400 400 402 402 402 402 402 403 403 403
377 378 378 378 378 379 380 381 382 382 382 382 382 384 384 384 385 386 386 386 386 386 386 386 388 388 388 388 389 390 390 390 390 390 391 392 392 392 392 393 393 394 393 393 393 393 394 395 395 395 396 395 395 396 397 397 397 396 397 397 397 397 398 398 398 399 399 398 398 398 398 399 399 399 399 399 400 401 401 401 401 401 401 402 402 402 402 403 403 403 404
379 379 379 379 380 380 380 380 381 382 382 382 383 385 385 385 385 386 386 386 387 386 386 386 387 388 388 389 389 390 390 390 390 390 392 392 392 392 392 392 394 394 395 395 394 394 394 395 395 396 396 396 395 397 398 398 398 398 397 397 397 399 399 399 399 399 399 399 398 398 399 400 400 400 400 400 401 401 401 401 401 401 402 402 402 402 402 403 404 404 404
