Demos/Rbased/CrashCourse/data/climate_processing/PresentLayers/Pyxidanthera_brevifolia/bio_3.asc
NCOLS 275 
NROWS 194 
XLLCORNER -80.3749999998233 
YLLCORNER 33.9 
CELLSIZE 0.00833333333316008 
NODATA_value -9999 
[rows 88 to 109 of 194, columns 48 to 95 of 275]
39.664665222168 39.658634185791 39.6525688171387 39.664665222168 39.8702583312988 39.7455062866211 39.7339363098145 39.658634185791 39.6777458190918 39.5080337524414 39.558235168457 39.5395393371582 39.7339363098145 39.7897911071777 39.7954063415527 39.8398399353027 39.889892578125 39.8453102111816 39.8507461547852 39.8952102661133 39.8952102661133 39.8009948730469 39.79541015625 39.7704582214355 39.9149131774902 39.9149131774902 39.989990234375 39.9649658203125 39.989990234375 39.8648643493652 39.8898887634277 39.8648643493652 39.8398399353027 39.9201622009277 39.9201622009277 40.0150146484375 39.9451103210449 39.9201622009277 40.0400390625 39.9649658203125 39.9399375915527 39.9649658203125 39.9149131774902 40.0351409912109 40.0900917053223 40.0400428771973 40.0400428771973 40.1104431152344
39.714714050293 39.6896896362305 39.6896896362305 39.5645637512207 39.8453063964844 39.9201583862305 39.7647666931152 39.658634185791 39.6777458190918 39.6335334777832 39.6837348937988 39.7339363098145 39.889892578125 39.7397384643555 39.664665222168 39.6896896362305 39.6084365844727 39.7397384643555 39.79541015625 39.7897911071777 39.8648643493652 39.8398399353027 39.8898887634277 39.93994140625 39.93994140625 39.9149131774902 39.8898887634277 39.93994140625 39.8898887634277 39.8898887634277 39.8898887634277 39.9149131774902 39.93994140625 39.9149131774902 39.8952102661133 39.9700622558594 40.0698623657227 39.989990234375 40.0150146484375 39.93994140625 39.8898887634277 39.93994140625 40.0853424072266 40.1355438232422 40.0853424072266 40.0400428771973 39.989990234375 40.0400390625
39.5833320617676 39.5833320617676 39.5395393371582 39.7455062866211 39.7455062866211 39.8453063964844 39.8702583312988 39.7704582214355 39.658634185791 39.658634185791 39.658634185791 39.8648643493652 39.714714050293 39.7088356018066 39.5895881652832 39.6837387084961 39.558235168457 39.7590370178223 39.7205581665039 39.8398399353027 39.8203582763672 39.93994140625 39.9950103759766 39.9950103759766 39.8648643493652 39.8203620910645 39.8898887634277 39.8398399353027 39.93994140625 39.93994140625 39.93994140625 39.9649658203125 39.93994140625 39.9149131774902 39.8898887634277 39.9649658203125 39.9451103210449 39.8952102661133 39.8898887634277 39.8898887634277 39.989990234375 40.0650672912598 39.989990234375 40.0150146484375 39.9649658203125 39.9149169921875 39.9149169921875 39.9149131774902
39.5080299377441 39.5080299377441 39.5833320617676 39.714714050293 39.7205581665039 39.7704582214355 39.8203582763672 39.8702583312988 39.7205581665039 39.6896896362305 39.6956062316895 39.7397384643555 39.6837348937988 39.7339363098145 39.6896896362305 39.6396408081055 39.6335372924805 39.6837387084961 39.8148155212402 39.8203620910645 39.825870513916 39.825870513916 39.8952102661133 39.79541015625 40.0150146484375 40.0400428771973 39.9598388671875 39.9598388671875 39.9598388671875 39.9149169921875 39.989990234375 39.989990234375 39.8648643493652 39.8148155212402 39.8648643493652 39.8702621459961 40.0900917053223 39.9201622009277 39.8702621459961 39.9399375915527 39.9649658203125 40.0150146484375 39.9149169921875 39.93994140625 39.93994140625 39.93994140625 39.9649658203125 40.0351409912109
39.4511604309082 39.533130645752 39.658634185791 39.5895881652832 39.6896896362305 39.6706581115723 39.7455062866211 39.8203582763672 39.8203582763672 39.8398361206055 39.8648643493652 39.6396408081055 39.7397384643555 39.7897911071777 39.8148155212402 39.6586380004883 39.6586380004883 39.6146125793457 39.714714050293 39.7704582214355 39.8453063964844 40.0199584960938 39.9649658203125 39.989990234375 39.8453102111816 39.989990234375 39.9149169921875 39.9598388671875 39.9347381591797 39.9149169921875 39.93994140625 39.9149169921875 39.9849395751953 39.7897911071777 39.8148155212402 39.9149169921875 40.0150146484375 40.0150146484375 39.9649658203125 39.93994140625 39.93994140625 39.93994140625 39.989990234375 40.0400390625 40.1104431152344 39.9849395751953 39.9347381591797 39.9347381591797
39.5582313537598 39.5582313537598 39.6084327697754 39.664665222168 39.570858001709 39.6706581115723 39.6207580566406 39.814811706543 39.79541015625 39.8203582763672 39.8648643493652 39.814811706543 39.8398361206055 39.7455062866211 39.7647666931152 39.8148155212402 39.8343353271484 39.8398399353027 39.8648643493652 39.8648643493652 39.7954063415527 39.9451065063477 39.9451065063477 39.9451065063477 39.9700584411621 39.9649658203125 39.889892578125 39.9096374511719 39.7897911071777 39.9149169921875 40.0150146484375 39.9598388671875 39.9347381591797 39.9849395751953 39.9598388671875 39.889892578125 39.989990234375 39.9451065063477 39.93994140625 39.9149169921875 39.889892578125 39.9649658203125 40.0602416992188 40.0351409912109 39.9598388671875 39.9347381591797 39.9347381591797 39.9096374511719
39.5582313537598 39.5395393371582 39.6396408081055 39.614616394043 39.5209579467773 39.570858001709 39.5958061218262 39.6896896362305 39.764762878418 39.7704582214355 39.79541015625 39.7704582214355 39.8203582763672 39.814811706543 39.8648643493652 39.7455062866211 39.8648643493652 39.7455062866211 39.8648643493652 39.8648643493652 39.8453063964844 40.0150146484375 39.8453063964844 39.9149169921875 39.8648643493652 39.889892578125 39.8398399353027 39.8148155212402 39.8648643493652 39.93994140625 39.9649658203125 39.9096374511719 39.8148155212402 39.889892578125 39.889892578125 39.9149169921875 39.93994140625 39.895206451416 39.9649658203125 39.8898887634277 39.9149131774902 40.0100402832031 39.9598388671875 39.9598388671875 39.9347381591797 39.9096374511719 39.9096374511719 40.0100402832031
39.5266876220703 39.533130645752 39.614616394043 39.6396408081055 39.5209579467773 39.570858001709 39.6896896362305 39.764762878418 39.764762878418 39.6956100463867 39.79541015625 39.8203582763672 39.8453102111816 39.79541015625 39.8453102111816 39.9149131774902 39.814811706543 39.814811706543 39.9347381591797 39.9598388671875 39.9149131774902 39.9149131774902 40.0351409912109 39.9347381591797 39.8648643493652 39.8398399353027 39.7897911071777 39.8398399353027 39.9149169921875 39.93994140625 39.8702583312988 39.9149169921875 39.9149169921875 39.9149169921875 39.8648643493652 39.8648643493652 39.8648643493652 39.8648643493652 39.9899864196777 39.9598388671875 40.0100402832031 39.9598388671875 39.9598388671875 39.9849395751953 40.0100402832031 39.9347381591797 39.9096374511719 39.8845405578613
39.5959625244141 39.6022148132324 39.658634185791 39.7590370178223 39.6396369934082 39.714714050293 39.7397384643555 39.6956100463867 39.6956100463867 39.7704582214355 39.79541015625 39.8453102111816 39.8702621459961 39.8648643493652 39.8203582763672 39.8702583312988 39.9649620056152 39.8648643493652 39.8398399353027 39.8648643493652 39.9849395751953 39.9347381591797 39.8845405578613 39.9096374511719 39.8845367431641 39.9849395751953 39.8648643493652 39.8398399353027 39.9149131774902 39.8453063964844 39.8702583312988 39.9149131774902 39.8648643493652 39.8648643493652 40.0100402832031 40.0100402832031 39.9347381591797 40.0100402832031 39.9399375915527 39.9849395751953 39.9598388671875 39.8845367431641 39.8845405578613 39.9598388671875 39.9849395751953 39.9798583984375 40.0050354003906 40.0050354003906
39.5454559326172 39.6777420043945 39.6525650024414 39.7088356018066 39.7339363098145 39.6396369934082 39.7397384643555 39.7397384643555 39.6956100463867 39.764762878418 39.8148155212402 39.79541015625 39.8203620910645 39.8952102661133 39.989990234375 39.8898887634277 40.1606407165527 40.1355400085449 40.1104393005371 40.0853385925293 40.0100402832031 40.0302124023438 39.9043312072754 39.9849395751953 39.8845367431641 39.9347381591797 39.8398399353027 39.7954063415527 39.7954063415527 39.9149131774902 39.9149131774902 39.8398361206055 39.8648643493652 39.8898887634277 39.9399375915527 39.9598388671875 39.9849395751953 39.9399375915527 39.9399375915527 39.9347381591797 39.9347381591797 39.8594398498535 39.9096374511719 39.9798583984375 39.9598388671875 39.9598388671875 40.0302124023438 40.0302124023438
39.6525688171387 39.6777420043945 39.6273918151855 39.658634185791 39.7088356018066 39.6396369934082 39.664665222168 39.714714050293 39.6457061767578 39.764762878418 39.714714050293 39.7455101013184 39.8702621459961 39.8952102661133 39.9649658203125 39.9399375915527 39.9849395751953 40.0100364685059 40.0351371765137 39.9598388671875 39.9598388671875 40.0553894042969 40 39.9347381591797 39.8343391418457 39.8343391418457 39.9149131774902 39.8702583312988 39.9399375915527 39.9399375915527 39.9149131774902 39.9149131774902 39.9399375915527 39.8898887634277 39.9149131774902 39.8398361206055 39.8398361206055 39.8898887634277 39.9347381591797 39.9096374511719 39.8343391418457 40.0302124023438 40.0302124023438 40.0050354003906 40.0302124023438 40.0553894042969 40.0302124023438 39.9347381591797
39.7339363098145 39.7590370178223 39.6777420043945 39.6084327697754 39.658634185791 39.664665222168 39.6396369934082 39.6896896362305 39.6896896362305 39.714714050293 39.764762878418 39.7205619812012 39.8203620910645 39.8648643493652 39.9399375915527 39.8898887634277 40.0100402832031 39.9096374511719 39.9096374511719 39.9598388671875 39.9347381591797 39.9798583984375 39.9798583984375 39.9546813964844 39.8092384338379 39.8845367431641 39.9399375915527 39.9399375915527 39.9399375915527 39.9149131774902 39.9399375915527 39.8898887634277 39.8648643493652 40.0100402832031 39.93994140625 39.9598388671875 39.9849395751953 39.9849395751953 39.9347381591797 39.9096374511719 39.9096374511719 39.9347381591797 39.9347381591797 39.9598388671875 40.0050354003906 40.0302124023438 40.0050354003906 39.9598388671875
39.8343353271484 39.759033203125 39.7088356018066 39.6335334777832 39.6837348937988 39.6146125793457 39.7088356018066 39.7088317871094 39.6837310791016 39.6396408081055 39.764762878418 39.8148155212402 39.8398399353027 39.9096374511719 40.0351409912109 40.0302085876465 40.1057395935059 40.0553855895996 40.0050315856934 40.0050315856934 40.075756072998 40.0050354003906 39.9798583984375 39.9295082092285 39.7590370178223 39.9096374511719 39.8898887634277 39.8398399353027 39.8898887634277 39.814811706543 39.814811706543 39.93994140625 39.8648643493652 39.8898887634277 39.9149169921875 39.9598388671875 39.8898887634277 39.9598388671875 39.9598388671875 39.9598388671875 39.9598388671875 39.9598388671875 39.8845367431641 39.9347381591797 40.0302124023438 40.08056640625 40.0302124023438 40.0050354003906
39.7088356018066 39.8343353271484 39.9096374511719 39.6896896362305 39.7841339111328 39.7088356018066 39.7339324951172 39.6396408081055 39.6396408081055 39.664665222168 39.8845367431641 39.8845367431641 39.8092346191406 39.9347381591797 39.8845367431641 40.0302085876465 40.0050315856934 40.0302085876465 40.0302085876465 40.1010093688965 40.0252532958984 40.0505065917969 39.9798583984375 39.9546813964844 39.9546813964844 39.9347381591797 39.814811706543 39.814811706543 39.7897872924805 39.8648643493652 39.8898887634277 39.8648643493652 39.8845367431641 39.8648643493652 39.8648643493652 39.8898887634277 39.9149169921875 39.8398399353027 39.9347381591797 39.8845367431641 39.9096374511719 39.8594360351562 39.8594360351562 39.8845367431641 39.9798583984375 39.9798583984375 40.0050354003906 39.9798583984375
39.7339324951172 39.8594360351562 39.7339363098145 39.664665222168 39.714714050293 39.764762878418 39.8594360351562 39.8594360351562 39.8343353271484 39.7841377258301 39.7841377258301 39.7841377258301 39.7841377258301 39.8343353271484 39.9043273925781 39.9043273925781 39.9798583984375 40.0050315856934 40.075756072998 40.075756072998 40.0505065917969 40.0252532958984 40.0252532958984 39.9798583984375 39.9546813964844 39.9096374511719 39.814811706543 39.8898887634277 39.814811706543 39.9149169921875 39.8148155212402 39.9096374511719 39.8648681640625 39.889892578125 39.8398399353027 39.9096374511719 39.9598388671875 39.9849395751953 39.8398399353027 39.8594360351562 39.8594360351562 39.8845367431641 39.8594360351562 39.8845367431641 39.9798583984375 39.9798583984375 39.9347381591797 39.8845367431641
39.7088356018066 39.7280960083008 39.6273918151855 39.6525688171387 39.6335334777832 39.7784461975098 39.7339363098145 39.7339363098145 39.7088356018066 39.7784461975098 39.7088356018066 39.7841377258301 39.8092346191406 39.8791542053223 39.9043273925781 39.828800201416 39.879150390625 40.0252532958984 40.0252532958984 40.0252532958984 40.0252532958984 40.020263671875 40.020263671875 40 39.9043312072754 39.9043312072754 39.7897872924805 39.8203582763672 39.8398399353027 39.7897911071777 39.9096374511719 39.8648681640625 39.8594398498535 39.8845405578613 39.8648681640625 39.8398399353027 39.93994140625 39.8845367431641 39.9347381591797 40.0050354003906 39.9096374511719 39.8845367431641 39.8845367431641 40.0302124023438 40.0302124023438 39.9096374511719 39.9546852111816 39.9798583984375
39.7280960083008 39.6777458190918 39.5707054138184 39.640323638916 39.5959587097168 39.7222213745117 39.7222213745117 39.7280960083008 39.7727279663086 39.7280960083008 39.7280960083008 39.7029190063477 39.8539772033691 39.828800201416 39.9043273925781 39.9043273925781 40 39.9747467041016 40.0505065917969 40 40.0252532958984 40 40 40.0505065917969 39.9546813964844 39.9798583984375 39.8594360351562 39.8148155212402 39.8148155212402 39.7647666931152 39.8845367431641 39.7897911071777 39.8594398498535 39.8845405578613 39.934741973877 39.889892578125 39.889892578125 39.8845367431641 39.9096374511719 40.0302085876465 40.0050354003906 39.8845367431641 39.9096374511719 39.9347381591797 39.8845367431641 39.8845367431641 39.9546852111816 39.9295082092285
39.5707054138184 39.5959587097168 39.5202026367188 39.5707054138184 39.6212120056152 39.5959587097168 39.6969718933105 39.7029190063477 39.7280960083008 39.7532730102539 39.6525688171387 39.7532730102539 39.8539772033691 39.8539772033691 39.9747467041016 40.0252494812012 39.9747467041016 40 40.0505027770996 40.0709228515625 40.0455932617188 40.0962524414062 40 40.0505065917969 39.9747467041016 39.759033203125 39.8092346191406 39.8148155212402 39.7897911071777 39.8845367431641 39.8845367431641 39.7647666931152 39.8343391418457 39.8594398498535 39.9096412658691 39.934741973877 39.9096374511719 39.8594360351562 39.8594360351562 40.0302085876465 39.9798583984375 39.9798583984375 39.8845367431641 39.8845367431641 39.9798583984375 40.0252532958984 40.0252532958984 40.0505065917969
39.4949493408203 39.5770378112793 39.6717185974121 39.797981262207 39.7029190063477 39.7727279663086 39.7280960083008 39.7280960083008 39.7029190063477 39.6717185974121 39.6969718933105 39.7532730102539 39.8036231994629 39.8539772033691 40 39.9747467041016 39.9494934082031 39.9494934082031 40.0455932617188 39.9696044921875 40.0455932617188 40.0709228515625 40.0709228515625 39.9494972229004 39.8539772033691 39.9043273925781 39.8845367431641 39.7897911071777 39.8845367431641 39.9347381591797 39.8398399353027 39.8845405578613 40.0100402832031 39.8343391418457 39.8845405578613 39.8845405578613 39.8594360351562 39.8343391418457 39.8845367431641 39.8594360351562 39.9798583984375 40.0302085876465 40.0302085876465 40.0050354003906 40.0252532958984 40 40 40.0252532958984
39.741641998291 39.6212120056152 39.6969718933105 39.7532730102539 39.7532730102539 39.8036231994629 39.7532730102539 39.7029190063477 39.6969718933105 39.5202026367188 39.5202026367188 39.6273918151855 39.8036231994629 39.9242401123047 39.9747467041016 40 40.0252494812012 39.9494934082031 40.020263671875 40.020263671875 40.020263671875 40.020263671875 39.9949340820312 40.0455932617188 39.828800201416 39.8539772033691 39.9798583984375 39.8092346191406 39.8343391418457 39.9096374511719 39.7897911071777 39.8845405578613 40.0100402832031 40.0351409912109 39.9096412658691 40.0050354003906 39.8594360351562 39.8845367431641 39.8343391418457 39.8845367431641 39.9798583984375 39.9798583984375 40.0050354003906 40.0553855895996 40.0757598876953 40.0757598876953 40.0505065917969 39.924243927002
39.7163124084473 39.6717185974121 39.7029190063477 39.7474746704102 39.6212120056152 39.6969718933105 39.6717185974121 39.6273918151855 39.5454559326172 39.4883460998535 39.5202026367188 39.5770378112793 39.8232307434082 39.828800201416 39.828800201416 40 40.0252494812012 39.9747467041016 39.8989868164062 39.9949340820312 39.9696044921875 39.9442749023438 39.9442749023438 40.0455932617188 39.8989868164062 39.8539772033691 39.9043273925781 39.7590370178223 39.8594360351562 39.8594398498535 39.9798583984375 39.8845405578613 39.9849433898926 39.8343391418457 39.9798583984375 40.0050354003906 39.9347381591797 39.9849395751953 39.9096374511719 39.9798583984375 39.9798583984375 39.9798583984375 39.9295043945312 39.9798583984375 39.9798583984375 40.0505065917969 40.0505065917969 40.0505065917969
39.7727279663086 39.7727279663086 39.7727279663086 39.7727279663086 39.6656532287598 39.5202026367188 39.6149940490723 39.6022148132324 39.6464653015137 39.6212120056152 39.5518608093262 39.7727241516113 39.8036231994629 39.8036231994629 39.9043312072754 39.9494934082031 40.0252494812012 39.9747467041016 39.8989868164062 40.0455932617188 40.020263671875 40.0406494140625 39.9949340820312 39.9949340820312 39.9442749023438 39.9747467041016 39.879150390625 39.8594360351562 39.8343353271484 39.9798583984375 39.8791542053223 39.9043312072754 39.9295082092285 39.9798583984375 39.9798583984375 40.0050354003906 40.0050354003906 39.9347381591797 39.8845367431641 39.9798583984375 40.0302085876465 40.0050354003906 39.9546813964844 39.9798583984375 40.0050354003906 40.0553855895996 40.0505065917969 40.0505065917969
