Demos/Rbased/CrashCourse/data/climate_processing/PresentLayers/Pyxidanthera_brevifolia/bio_9.asc
NCOLS 275 
NROWS 194 
XLLCORNER -80.3749999998233 
YLLCORNER 33.9 
CELLSIZE 0.00833333333316008 
NODATA_value -9999 
[rows 22 to 43 of 194, columns 50 to 99 of 275]
-9999 -9999 -9999 -9999 -9999 -9999 -9999 -9999 -9999 -9999 -9999 -9999 -9999 -9999 -9999 -9999 -9999 -9999 -9999 -9999 -9999 -9999 -9999 -9999 -9999 -9999 -9999 -9999 -9999 -9999 -9999 -9999 -9999 -9999 -9999 10.8166666030884 10.8333330154419 10.8666667938232 10.8666667938232 10.8499994277954 10.8333330154419 10.8166666030884 10.8166666030884 10.8166666030884 10.8166666030884 10.8833332061768 10.9166669845581 10.8666667938232 10.9166669845581 10.9166669845581
-9999 -9999 -9999 -9999 -9999 -9999 -9999 -9999 -9999 -9999 -9999 -9999 -9999 -9999 -9999 -9999 -9999 -9999 -9999 -9999 -9999 -9999 -9999 -9999 -9999 -9999 -9999 -9999 -9999 -9999 -9999 -9999 -9999 -9999 10.8999996185303 10.8500003814697 10.8999996185303 10.8833332061768 10.9333333969116 10.8833332061768 10.8666667938232 10.8833332061768 10.8999996185303 10.9333333969116 10.9166669845581 10.9333333969116 10.9333333969116 10.9499998092651 10.9499998092651 10.9333333969116
-9999 -9999 -9999 -9999 -9999 -9999 -9999 -9999 -9999 -9999 -9999 -9999 -9999 -9999 -9999 -9999 -9999 -9999 -9999 -9999 -9999 -9999 -9999 -9999 -9999 -9999 -9999 -9999 -9999 -9999 -9999 -9999 -9999 10.8500003814697 10.8666667938232 10.8500003814697 10.8833332061768 10.8999996185303 10.8999996185303 10.8833332061768 10.8833332061768 10.9333333969116 10.966667175293 10.966667175293 10.966667175293 11 11.0333337783813 11.0333337783813 11 10.966667175293
-9999 -9999 -9999 -9999 -9999 -9999 -9999 -9999 -9999 -9999 -9999 -9999 -9999 -9999 -9999 -9999 -9999 -9999 -9999 -9999 -9999 -9999 -9999 -9999 -9999 -9999 -9999 -9999 -9999 -9999 -9999 -9999 10.8333330154419 10.8333330154419 10.8500003814697 10.8500003814697 10.8500003814697 10.8999996185303 10.8999996185303 10.8999996185303 10.8999996185303 10.9499998092651 10.9499998092651 11 11.0666666030884 11.0833330154419 11.0833330154419 11.0666666030884 11 10.9166669845581
-9999 -9999 -9999 -9999 -9999 -9999 -9999 -9999 -9999 -9999 -9999 -9999 -9999 -9999 -9999 -9999 -9999 -9999 -9999 -9999 -9999 -9999 -9999 -9999 -9999 -9999 -9999 -9999 -9999 -9999 -9999 10.8333330154419 10.8333330154419 10.8333330154419 10.8500003814697 10.8500003814697 10.8500003814697 10.8999996185303 10.8999996185303 10.8999996185303 10.9666662216187 11.0333337783813 11.0500001907349 11.1000003814697 11.1000003814697 11.1000003814697 11.1000003814697 11.0500001907349 11.0166664123535 11
-9999 -9999 -9999 -9999 -9999 -9999 -9999 -9999 -9999 -9999 -9999 -9999 -9999 -9999 -9999 -9999 -9999 -9999 -9999 -9999 -9999 -9999 -9999 -9999 -9999 -9999 -9999 -9999 -9999 -9999 10.8333330154419 10.8333330154419 10.8333330154419 10.8833332061768 10.8500003814697 10.8666667938232 10.8666667938232 10.8999996185303 10.9166660308838 10.9333333969116 11 11.0500001907349 11.0666666030884 11.1000003814697 11.1166667938232 11.1166667938232 11.1166667938232 11.1166667938232 11.0833330154419 11.0833330154419
-9999 -9999 -9999 -9999 -9999 -9999 -9999 -9999 -9999 -9999 -9999 -9999 -9999 -9999 -9999 -9999 -9999 -9999 -9999 -9999 -9999 -9999 -9999 -9999 -9999 -9999 -9999 -9999 -9999 10.8833332061768 10.8500003814697 10.8333330154419 10.8833332061768 10.9166669845581 10.8999996185303 10.8999996185303 10.9166660308838 10.8999996185303 10.9166660308838 10.9499998092651 11 11 11.0833339691162 11.1333332061768 11.1500005722046 11.1000003814697 11.1500005722046 11.1333332061768 11.1166667938232 11.1000003814697
-9999 -9999 -9999 -9999 -9999 -9999 -9999 -9999 -9999 -9999 -9999 -9999 -9999 -9999 -9999 -9999 -9999 -9999 -9999 -9999 -9999 -9999 -9999 -9999 -9999 -9999 -9999 -9999 10.8666667938232 10.8833332061768 10.8833332061768 10.8666667938232 10.8833332061768 10.9499998092651 10.8999996185303 10.9499998092651 10.9333333969116 10.9166660308838 10.9333333969116 10.9833335876465 11 11 11.0166664123535 11.0833339691162 11.0833339691162 11.1000003814697 11.1000003814697 11.1166667938232 11.1166667938232 11.1000003814697
-9999 -9999 -9999 -9999 -9999 -9999 -9999 -9999 -9999 -9999 -9999 -9999 -9999 -9999 -9999 -9999 -9999 -9999 -9999 -9999 -9999 -9999 -9999 -9999 -9999 -9999 -9999 10.8666667938232 10.8833332061768 10.8833332061768 10.9333333969116 10.8833332061768 10.8833332061768 10.9499998092651 10.9499998092651 10.9166660308838 10.8999996185303 10.9166660308838 10.9666662216187 11 11.0500001907349 11.0500001907349 11.0166664123535 11.0833339691162 11.0833339691162 11.1000003814697 11.1500005722046 11.1500005722046 11.1166667938232 11.1000003814697
-9999 -9999 -9999 -9999 -9999 -9999 -9999 -9999 -9999 -9999 -9999 -9999 -9999 -9999 -9999 -9999 -9999 -9999 -9999 -9999 -9999 -9999 -9999 -9999 -9999 -9999 10.8833332061768 10.8333330154419 10.8500003814697 10.8666667938232 10.9166669845581 10.9333333969116 10.9499998092651 10.9499998092651 10.9499998092651 10.9499998092651 10.9499998092651 10.9166660308838 10.9833335876465 11.0500001907349 11.0500001907349 11.0500001907349 11.0666666030884 11.1333332061768 11.0833339691162 11.1000003814697 11.1000003814697 11.1333332061768 11.1166667938232 11.0500001907349
-9999 -9999 -9999 -9999 -9999 -9999 -9999 -9999 -9999 -9999 -9999 -9999 -9999 -9999 -9999 -9999 -9999 -9999 -9999 -9999 -9999 -9999 -9999 -9999 -9999 10.9166660308838 10.8833332061768 10.8500003814697 10.8333330154419 10.8333330154419 10.8666667938232 10.8999996185303 10.9499998092651 10.9833335876465 11 10.9499998092651 10.9499998092651 10.9499998092651 11 11.0500001907349 11.0500001907349 11.0500001907349 11.0833330154419 11.1333332061768 11.1333332061768 11.0833339691162 11.0833339691162 11.0833339691162 11.0500001907349 11.0500001907349
-9999 -9999 -9999 -9999 -9999 -9999 -9999 -9999 -9999 -9999 -9999 -9999 -9999 -9999 -9999 -9999 -9999 -9999 -9999 -9999 -9999 -9999 -9999 -9999 10.9166669845581 10.9333333969116 10.8999996185303 10.8500003814697 10.8500003814697 10.8333330154419 10.8500003814697 10.8833332061768 10.9166660308838 10.9499998092651 11 10.9666662216187 10.9499998092651 10.9666662216187 11 11.0500001907349 11.0500001907349 11.1166667938232 11.1333332061768 11.0833330154419 11.0833339691162 11.0833339691162 11.0833339691162 11.0666666030884 11.0500001907349 11.1000003814697
-9999 -9999 -9999 -9999 -9999 -9999 -9999 -9999 -9999 -9999 -9999 -9999 -9999 -9999 -9999 -9999 -9999 -9999 -9999 -9999 -9999 -9999 -9999 10.9499998092651 10.9666662216187 10.9499998092651 10.8999996185303 10.8833332061768 10.8999996185303 10.8999996185303 10.8833332061768 10.8999996185303 10.8999996185303 10.9499998092651 11 11 10.9666662216187 10.9333333969116 11.0166664123535 11.0666666030884 11.0666666030884 11.1000003814697 11.1000003814697 11.0833330154419 11.0500001907349 11.0500001907349 11.0833339691162 11.0666666030884 11.0500001907349 11.0500001907349
-9999 -9999 -9999 -9999 -9999 -9999 -9999 -9999 -9999 -9999 -9999 -9999 -9999 -9999 -9999 -9999 -9999 -9999 -9999 -9999 -9999 -9999 10.9333333969116 11 11 10.9499998092651 10.9166660308838 10.8999996185303 10.8999996185303 10.9499998092651 10.9166660308838 10.8999996185303 10.9499998092651 10.9499998092651 10.9499998092651 11 11 10.9499998092651 10.9833335876465 11.0166664123535 11.0833330154419 11.1000003814697 11.0666666030884 11.0500001907349 11.0333337783813 11.0500001907349 11.1000003814697 11.0500001907349 11.0500001907349 11.1000003814697
-9999 -9999 -9999 -9999 -9999 -9999 -9999 -9999 -9999 -9999 -9999 -9999 -9999 -9999 -9999 -9999 -9999 -9999 -9999 -9999 -9999 11 10.9833335876465 11 11 10.9666662216187 10.8999996185303 10.8999996185303 10.9166660308838 10.9666662216187 10.9499998092651 10.9166660308838 10.9499998092651 11 11 11.0500001907349 11 10.9499998092651 10.9833335876465 11.033332824707 11.0666666030884 11.0666666030884 11.0500001907349 11.0500001907349 11.0500001907349 11.0666666030884 11.1000003814697 11.0666666030884 11.0833330154419 11.1000003814697
-9999 -9999 -9999 -9999 -9999 -9999 -9999 -9999 -9999 -9999 -9999 -9999 -9999 -9999 -9999 -9999 -9999 -9999 -9999 -9999 11.0166664123535 11.0166664123535 11.0166664123535 11 10.9499998092651 10.9499998092651 10.9333333969116 10.9166660308838 10.9499998092651 10.9666662216187 10.9666662216187 10.9499998092651 10.9499998092651 10.9499998092651 11 11.0500001907349 11 11 10.9833335876465 11.0166664123535 11.0666666030884 11.033332824707 11.033332824707 11.033332824707 11.0500001907349 11.0833330154419 11.1000003814697 11.1000003814697 11.1000003814697 11.1000003814697
-9999 -9999 -9999 -9999 -9999 -9999 -9999 -9999 -9999 -9999 -9999 -9999 -9999 -9999 -9999 -9999 -9999 -9999 -9999 11.0166664123535 11.0333337783813 11.0666666030884 11.0500001907349 11 10.9499998092651 10.9499998092651 10.9499998092651 10.9499998092651 10.9499998092651 10.9833335876465 11.0166664123535 11 10.9499998092651 10.9499998092651 11 11.0333337783813 11.0500001907349 11.0500001907349 11 11 11.0500001907349 11.0500001907349 11.0500001907349 11.033332824707 11.0500001907349 11.1166667938232 11.1000003814697 11.1000003814697 11.1166667938232 11.1499996185303
-9999 -9999 -9999 -9999 -9999 -9999 -9999 -9999 -9999 -9999 -9999 -9999 -9999 -9999 -9999 -9999 -9999 -9999 10.966667175293 11 11.0500001907349 11.0666666030884 11 11 11.0333337783813 11 10.9666662216187 10.9499998092651 10.9499998092651 10.9833335876465 11.0166664123535 11.0166664123535 10.9666662216187 10.9499998092651 10.9833335876465 11 11.0333337783813 11.0833330154419 11.0333337783813 10.9833335876465 11.0166664123535 11.0333337783813 11.0666666030884 11.0833330154419 11.1000003814697 11.1000003814697 11.0833330154419 11.1000003814697 11.1333332061768 11.1499996185303
-9999 -9999 -9999 -9999 -9999 -9999 -9999 -9999 -9999 -9999 -9999 -9999 -9999 -9999 -9999 -9999 -9999 11.0166664123535 11 11 11.0833330154419 11.1000003814697 11.0666666030884 11.0500001907349 11.0500001907349 11 10.9499998092651 10.9499998092651 11 11 11.0166664123535 11.0500001907349 11 11 11 11.0166664123535 11.0333337783813 11.0666666030884 11.0833330154419 11.0333337783813 11.0500001907349 11.0666666030884 11.0833330154419 11.0833330154419 11.0500001907349 11.033332824707 11.0666666030884 11.1166667938232 11.1499996185303 11.1666669845581
-9999 -9999 -9999 -9999 -9999 -9999 -9999 -9999 -9999 -9999 -9999 -9999 -9999 -9999 -9999 -9999 11.0166664123535 11.0333337783813 11.0500001907349 11.1000003814697 11.1000003814697 11.0833330154419 11.0500001907349 11.0666666030884 11 11 11 10.9499998092651 10.9666662216187 11.0166664123535 11.0500001907349 11.0666666030884 11.0500001907349 11 11 11 11.0500001907349 11.0333337783813 11.0333337783813 11.0833330154419 11.0999994277954 11.0666666030884 11.0500001907349 11.033332824707 11.0666666030884 11.0833330154419 11.0666666030884 11.0833330154419 11.1166667938232 11.1499996185303
-9999 -9999 -9999 -9999 -9999 -9999 -9999 -9999 -9999 -9999 -9999 -9999 -9999 -9999 -9999 11 10.9833335876465 11 11.1000003814697 11.1000003814697 11.0833330154419 11.0833330154419 11.0666666030884 11.0666666030884 11.0500001907349 11 11.0166664123535 11.0166664123535 11.0166664123535 11.0166664123535 11.0666666030884 11.0833330154419 11.1000003814697 11.0500001907349 11.0500001907349 11.0500001907349 11.0166664123535 11.0166664123535 11.0333337783813 11.0333337783813 11.0833330154419 11.0999994277954 11.0833339691162 11.0833330154419 11.1166667938232 11.0833330154419 11.0500001907349 11.1000003814697 11.1166667938232 11.1499996185303
-9999 -9999 -9999 -9999 -9999 -9999 -9999 -9999 -9999 -9999 -9999 -9999 -9999 -9999 11.1166667938232 11.0666666030884 11.0166664123535 11.0500001907349 11.1166667938232 11.1499996185303 11.1166667938232 11.1166667938232 11.0666666030884 11.0666666030884 11.0666666030884 11.0666666030884 11.0666666030884 11.0666666030884 11.0333337783813 11.0166664123535 11.0666666030884 11.0666666030884 11.1166667938232 11.1000003814697 11.1000003814697 11.0500001907349 11.0333337783813 11.0166664123535 11.0166664123535 11.0500001907349 11.0833330154419 11.1333332061768 11.1333332061768 11.1333332061768 11.0833330154419 11.0833330154419 11.0833330154419 11.1166667938232 11.1499996185303 11.1833333969116
