Demos/Rbased/CrashCourse/data/climate_processing/PresentLayers/Pyxidanthera_brevifolia/bio_3.asc
NCOLS 206 
NROWS 160 
XLLCORNER -80.3750000001568 
YLLCORNER 34.1833333333017 
CELLSIZE 0.00833333333316143 
NODATA_value -9999 
[rows 132 to 153 of 160, columns 49 to 97 of 206]
40.0455894470215 39.9949340820312 39.9949340820312 40.0455932617188 40.116870880127 40.020263671875 39.9949340820312 39.9442749023438 40.0660552978516 40.0406494140625 39.9898376464844 39.9898376464844 39.964427947998 39.964427947998 40.061164855957 39.964427947998 40.0356788635254 40.0866432189941 40.0356750488281 40.0356750488281 40.1121292114258 40.2051277160645 40.2051277160645 40.1794891357422 40.1491737365723 40.1234550476074 40.0977363586426 40.1234550476074 40.0977363586426 40.0720138549805 40.0720138549805 40.0720138549805 40.0720138549805 40.0256423950195 40.0769233703613 40.0769233703613 40.0769233703613 39.9795532226562 40.0051116943359 40.0818023681641 40.107364654541 40.0306777954102 40.0818023681641 40.230770111084 40.230770111084 40.230770111084 40.230770111084 40.2820510864258 40.3076934814453
39.9949340820312 40.0455932617188 40.096248626709 40.096248626709 40.0455932617188 40.1676826477051 40.0914611816406 40.0152435302734 39.9898376464844 39.9136161804199 39.9898376464844 39.964427947998 39.9136161804199 40.0356788635254 40.0356788635254 39.939022064209 39.9592247009277 40.1073608398438 39.979549407959 39.9284248352051 40.0306739807129 40.2051277160645 40.230770111084 40.1282081604004 40.1748962402344 40.1234550476074 40.0462951660156 40.0462951660156 40.1186790466309 40.1186790466309 40.0928764343262 40.1186752319336 40.1186790466309 40.0462951660156 40.0256423950195 40.1025657653809 40.0769233703613 40.1025657653809 40.1025657653809 40.1282043457031 40.1538467407227 40.107364654541 40.1538467407227 40.2051277160645 40.230770111084 40.2564086914062 40.2820510864258 40.3333320617676 40.307689666748
40.0152435302734 39.9442749023438 39.9696044921875 39.9696044921875 40.1676826477051 40.116870880127 40.142276763916 40.0660552978516 39.9898376464844 39.964427947998 39.9898376464844 39.939022064209 39.8882102966309 39.9847106933594 39.9337425231934 39.9592247009277 40.0562362670898 40.0306739807129 39.9028625488281 39.9284248352051 40.2051277160645 40.1538467407227 40.1538467407227 40.1025657653809 40.1491775512695 40.1960754394531 40.0928764343262 40.0670776367188 40.1444778442383 40.1444778442383 40.0928764343262 40.1186790466309 40.0670776367188 40.0928764343262 40.1186790466309 40.0512809753418 40.1234550476074 40.1025657653809 40.1025657653809 40.1025657653809 40.0769233703613 40.1282043457031 40.0562400817871 40.230770111084 40.230770111084 40.2820510864258 40.3333320617676 40.3333320617676 -9999
39.9442749023438 39.9696044921875 40.0406494140625 40.0152435302734 40.0152435302734 40.0406494140625 40.0152435302734 40.0455932617188 40.1168670654297 39.964427947998 40.0611610412598 39.9136161804199 39.8373985290527 40.0306739807129 40.0306739807129 40.0051116943359 39.979549407959 40.0051116943359 40.0306739807129 40.0306739807129 40.1025657653809 40.0256423950195 40.1025657653809 40.0462989807129 40.1702766418457 40.1186790466309 40.0928764343262 40.1915092468262 40.1915092468262 40.1656303405762 40.0879936218262 40.1349945068359 40.0879936218262 40.0670776367188 40.0412788391113 40.0670776367188 40.0205726623535 40.1234550476074 40.2263374328613 40.2263374328613 40.1282043457031 40.0769233703613 40.0051155090332 40.2051277160645 40.2564086914062 40.2820510864258 -9999 -9999 -9999
39.9442749023438 40.0660552978516 40.0660552978516 39.9898376464844 40.0152435302734 40.0152435302734 39.9898376464844 40.0152435302734 40.0914611816406 40.0152435302734 39.9898376464844 40.0356750488281 39.9795532226562 39.979549407959 39.979549407959 39.953987121582 39.953987121582 39.953987121582 40.0051116943359 40.0051116943359 40.0512809753418 40.1234550476074 40.0205764770508 40.0928802490234 40.0928802490234 40.0928764343262 40.1656303405762 40.0879898071289 40.0362319946289 40.0621109008789 40.0621109008789 40.0362319946289 40.0621109008789 40.1138725280762 40.0928764343262 40.1186752319336 40.1186752319336 40.0205764770508 40.2006149291992 40.2263374328613 40.2006149291992 40.1025657653809 40.1025657653809 40.1538467407227 -9999 -9999 -9999 -9999 -9999
40.1376152038574 40.0660552978516 40.1121292114258 40.0406494140625 40.0152435302734 39.964427947998 39.964427947998 39.964427947998 40.0152435302734 40.0866470336914 40.0152435302734 39.9898376464844 39.8827705383301 39.979549407959 39.979549407959 39.953987121582 39.953987121582 40.0051116943359 40.0306739807129 40.0512847900391 40 39.9743614196777 40.1491775512695 40.0462951660156 40.0670776367188 39.9380798339844 40.0621109008789 40.1915092468262 40.0879898071289 40.1138725280762 40.0879898071289 40.0362319946289 40.0621109008789 40.0362319946289 40.0154800415039 40.0412788391113 40.0928764343262 40.1186790466309 40.0977363586426 40.2006149291992 40.2006149291992 40.1282081604004 40.1025657653809 -9999 -9999 -9999 -9999 -9999 -9999
40.1630973815918 40.0406494140625 40.0406494140625 40.0406494140625 39.9898376464844 39.964427947998 39.964427947998 39.964427947998 39.9898376464844 40.0356750488281 39.9136161804199 39.9898376464844 39.9592247009277 39.9795532226562 39.9795532226562 39.979549407959 39.953987121582 39.9539909362793 39.953987121582 39.9284248352051 40 39.9743614196777 39.9743576049805 40.0412788391113 39.9896812438965 39.9380798339844 39.9585914611816 40.1138725280762 40.1397514343262 40.1138725280762 40.1397514343262 40.0879898071289 40.1138725280762 40.1397514343262 40.1138687133789 40.0412788391113 40.0670776367188 40.1444778442383 40.1702766418457 40.0462951660156 40.1234550476074 -9999 -9999 -9999 -9999 -9999 -9999 -9999 -9999
40.0660552978516 40.0660552978516 40.0406494140625 39.9898376464844 39.9898376464844 40.0152435302734 40.0152435302734 40.0152435302734 39.9898376464844 40.0101928710938 39.9644317626953 39.9390258789062 40.0356750488281 39.8572883605957 39.9795532226562 39.9795532226562 39.9539909362793 39.9284248352051 39.9743614196777 39.9743614196777 39.9743614196777 39.9743614196777 39.9948577880859 40.0205764770508 39.9896812438965 39.9638786315918 39.9327125549316 39.9844703674316 40.0412826538086 40.1397514343262 40.1138725280762 40.0362319946289 40.1656303405762 40.1138725280762 40.1138687133789 40.0154800415039 40.1702766418457 40.0928764343262 40.1444778442383 40.1960754394531 -9999 -9999 -9999 -9999 -9999 -9999 -9999 -9999 -9999
40.0406494140625 40.0660552978516 40.0914611816406 40.1422729492188 40.1676826477051 40.0660552978516 40.1168670654297 40.0406494140625 40.1121292114258 39.9644317626953 39.9644317626953 39.9390258789062 39.8628044128418 39.8827705383301 39.8572883605957 39.8572883605957 39.9028625488281 39.8773002624512 39.9028625488281 40 39.9743614196777 39.9230766296387 39.943416595459 39.891975402832 39.9896812438965 39.9380798339844 39.912281036377 39.9844703674316 40.0412826538086 40.0412826538086 40.1397514343262 40.1138725280762 40.1138725280762 40.1397514343262 40.1397514343262 40.0879898071289 40.2173919677734 40.1702766418457 -9999 -9999 -9999 -9999 -9999 -9999 -9999 -9999 -9999 -9999 -9999
40.1676826477051 40.1676826477051 40.1422729492188 40.1676826477051 40.1422729492188 40.142276763916 40.0455932617188 39.9442749023438 39.9898376464844 39.9898376464844 39.9898376464844 39.9898376464844 39.9390258789062 39.9337387084961 39.780834197998 39.8773002624512 39.9028625488281 39.8773002624512 39.9284248352051 39.9028625488281 39.8773002624512 40.0462989807129 39.943416595459 39.9176979064941 39.8662567138672 39.8662567138672 39.912281036377 39.8864784240723 40.0621109008789 40.0154800415039 39.9896812438965 40.2128753662109 40.0879898071289 40.1138725280762 40.1138725280762 40.1656303405762 -9999 -9999 -9999 -9999 -9999 -9999 -9999 -9999 -9999 -9999 -9999 -9999 -9999
40.2184944152832 40.1930885314941 40.1676826477051 40.142276763916 40.1676826477051 40.0406494140625 40.0406494140625 39.9644317626953 40.0152435302734 40.0152435302734 39.9644317626953 39.9644317626953 40.0611610412598 40.0611610412598 40.0051116943359 39.9028625488281 39.979549407959 39.953987121582 39.9284248352051 39.8773002624512 39.8773002624512 39.9948577880859 39.9948577880859 39.891975402832 39.891975402832 39.9176979064941 39.9638786315918 39.9327125549316 39.9585914611816 40.0412788391113 40.0412826538086 40.1656341552734 40.1138725280762 40.1397514343262 40.1138725280762 -9999 -9999 -9999 -9999 -9999 -9999 -9999 -9999 -9999 -9999 -9999 -9999 -9999 -9999
40.1676826477051 40.1930885314941 40.1168670654297 40.1168670654297 40.0914611816406 40.0406494140625 40.0152435302734 40.0660552978516 40.0152435302734 39.9898376464844 39.9644317626953 39.9390258789062 39.9337425231934 39.8882141113281 39.8063201904297 39.9284248352051 40 39.9230766296387 40.0256385803223 40 40 39.9948577880859 39.9948577880859 39.9691352844238 39.891975402832 39.8405342102051 39.9380798339844 39.9844703674316 39.9844703674316 40.0412788391113 40.0154800415039 40.1138725280762 40.1186790466309 -9999 -9999 -9999 -9999 -9999 -9999 -9999 -9999 -9999 -9999 -9999 -9999 -9999 -9999 -9999 -9999
40.0709228515625 40.0709228515625 40.0660552978516 40.0406494140625 40.0406494140625 40.0914649963379 40.0660591125488 40.0152435302734 40.0152435302734 40.0406532287598 39.9898376464844 39.9644317626953 39.9644317626953 39.959228515625 39.908260345459 39.9028625488281 39.9028625488281 40 39.8974342346191 39.9230766296387 40 39.9948577880859 39.9948577880859 39.9176979064941 39.891975402832 39.9380798339844 39.9380798339844 39.9638824462891 39.912281036377 40.0928802490234 40.0412788391113 -9999 -9999 -9999 -9999 -9999 -9999 -9999 -9999 -9999 -9999 -9999 -9999 -9999 -9999 -9999 -9999 -9999 -9999
40.0455932617188 40.116870880127 40.0914649963379 40.142276763916 40.0914649963379 40.0914649963379 40.0455932617188 40.0914649963379 40.0406532287598 40.0406532287598 40.0660591125488 39.9136199951172 39.959228515625 40.0356788635254 40.0356788635254 39.9539909362793 39.9028625488281 39.953987121582 39.9230766296387 39.8974342346191 40.0205764770508 39.9948577880859 40.0205764770508 39.9691352844238 39.9896812438965 39.912281036377 39.8864822387695 39.912281036377 39.9896812438965 39.9638824462891 -9999 -9999 -9999 -9999 -9999 -9999 -9999 -9999 -9999 -9999 -9999 -9999 -9999 -9999 -9999 -9999 -9999 -9999 -9999
40.2184944152832 40.1676826477051 40.142276763916 40.116870880127 40.116870880127 40.0914649963379 39.9949378967285 40.0406532287598 40.142276763916 39.9949340820312 40.0152435302734 40.0356788635254 40.0101928710938 39.9847106933594 40.0562362670898 40.0562362670898 39.9795532226562 40 39.9284248352051 39.9230766296387 39.9948577880859 40.0462989807129 40.0205764770508 39.943416595459 39.9638824462891 39.912281036377 39.80908203125 39.8864822387695 -9999 -9999 -9999 -9999 -9999 -9999 -9999 -9999 -9999 -9999 -9999 -9999 -9999 -9999 -9999 -9999 -9999 -9999 -9999 -9999 -9999
40.1930885314941 40.1676826477051 40.116870880127 40.0914649963379 40.0914649963379 40.0406494140625 40.1631011962891 40.0406532287598 40.0406532287598 40.0914649963379 40.1376152038574 40.0866470336914 40.0356788635254 40.0356788635254 40.107364654541 40.0562362670898 40.0818023681641 40.0051155090332 40.0256423950195 40.0769233703613 39.8974342346191 39.8717956542969 39.891975402832 39.9638824462891 39.912281036377 39.912281036377 39.9380798339844 -9999 -9999 -9999 -9999 -9999 -9999 -9999 -9999 -9999 -9999 -9999 -9999 -9999 -9999 -9999 -9999 -9999 -9999 -9999 -9999 -9999 -9999
40.1676826477051 40.116870880127 40.142276763916 40.116870880127 40.0660552978516 40.0660552978516 40.1376152038574 40.0914649963379 40.0406532287598 40.0152435302734 40.112133026123 40.061164855957 40.0356788635254 40.0356788635254 40.107364654541 40.0562362670898 40.0512809753418 39.9743576049805 40 40.0256423950195 40.0256423950195 40.1234550476074 39.9948539733887 39.9176940917969 39.9638824462891 -9999 -9999 -9999 -9999 -9999 -9999 -9999 -9999 -9999 -9999 -9999 -9999 -9999 -9999 -9999 -9999 -9999 -9999 -9999 -9999 -9999 -9999 -9999 -9999
40.2395515441895 40.1885833740234 40.116870880127 40.0660552978516 40.0660552978516 40.1885833740234 40.1630973815918 40.1630973815918 40.0660591125488 40.0660591125488 40.061164855957 40.0101928710938 40.0356788635254 40.0356788635254 40.107364654541 40.1538467407227 40.1025619506836 40.0256423950195 40.0256423950195 40.0256423950195 40.0256423950195 40.0256423950195 40 -9999 -9999 -9999 -9999 -9999 -9999 -9999 -9999 -9999 -9999 -9999 -9999 -9999 -9999 -9999 -9999 -9999 -9999 -9999 -9999 -9999 -9999 -9999 -9999 -9999 -9999
40.2650337219238 40.2140655517578 40.1376152038574 40.1630973815918 40.1376152038574 40.1376152038574 40.1376152038574 40.1885833740234 40.1885833740234 40.0660591125488 40.112133026123 40.0356788635254 40.0356788635254 40.1329231262207 40.132926940918 40.1794853210449 40.1794853210449 40.1538467407227 40.1282043457031 40.0256423950195 39.9743576049805 40 -9999 -9999 -9999 -9999 -9999 -9999 -9999 -9999 -9999 -9999 -9999 -9999 -9999 -9999 -9999 -9999 -9999 -9999 -9999 -9999 -9999 -9999 -9999 -9999 -9999 -9999 -9999
40.3118591308594 40.2862968444824 40.2607345581055 40.2140655517578 40.2140655517578 40.2395515441895 40.2140655517578 40.1885833740234 40.1885833740234 40.3118591308594 40.2862968444824 40.061164855957 40.1584854125977 40.1329231262207 40.0101928710938 40.1794853210449 40.2051277160645 40.107364654541 40.0818023681641 40.107364654541 -9999 -9999 -9999 -9999 -9999 -9999 -9999 -9999 -9999 -9999 -9999 -9999 -9999 -9999 -9999 -9999 -9999 -9999 -9999 -9999 -9999 -9999 -9999 -9999 -9999 -9999 -9999 -9999 -9999
40.2862968444824 40.3374214172363 40.3118591308594 40.2395515441895 40.2650337219238 40.2650337219238 40.2140655517578 40.1885833740234 40.1885833740234 40.3118591308594 40.2607345581055 40.2607345581055 40.2096099853516 40.1329231262207 40.1584854125977 40.1840515136719 40.1584892272949 40.2096138000488 40.107364654541 -9999 -9999 -9999 -9999 -9999 -9999 -9999 -9999 -9999 -9999 -9999 -9999 -9999 -9999 -9999 -9999 -9999 -9999 -9999 -9999 -9999 -9999 -9999 -9999 -9999 -9999 -9999 -9999 -9999 -9999
40.2862968444824 40.3374214172363 40.2905197143555 40.2650337219238 40.2395515441895 40.2650337219238 40.2140655517578 40.3118591308594 40.2862968444824 40.2607345581055 40.2351722717285 40.1631011962891 40.1376152038574 40.2351760864258 40.2096138000488 40.2351760864258 40.2351760864258 -9999 -9999 -9999 -9999 -9999 -9999 -9999 -9999 -9999 -9999 -9999 -9999 -9999 -9999 -9999 -9999 -9999 -9999 -9999 -9999 -9999 -9999 -9999 -9999 -9999 -9999 -9999 -9999 -9999 -9999 -9999 -9999
