Demos/Rbased/CrashCourse/data/climate_processing/PresentLayers/Pyxidanthera_brevifolia/bio_18.asc
NCOLS 275 
NROWS 194 
XLLCORNER -80.3749999998233 
YLLCORNER 33.9 
CELLSIZE 0.00833333333316008 
NODATA_value -9999 
[rows 0 to 39 of 194, columns 91 to 181 of 275]
-9999 -9999 -9999 -9999 -9999 -9999 -9999 -9999 -9999 -9999 -9999 -9999 -9999 -9999 -9999 -9999 -9999 -9999 -9999 -9999 -9999 -9999 -9999 -9999 -9999 -9999 -9999 -9999 -9999 -9999 -9999 -9999 -9999 -9999 -9999 -9999 -9999 -9999 -9999 -9999 -9999 -9999 -9999 -9999 -9999 -9999 -9999 -9999 -9999 -9999 -9999 -9999 -9999 -9999 -9999 -9999 -9999 -9999 -9999 -9999 -9999 -9999 -9999 -9999 -9999 -9999 -9999 -9999 -9999 -9999 -9999 -9999 -9999 -9999 -9999 -9999 -9999 -9999 -9999 -9999 -9999 -9999 -9999 -9999 -9999 -9999 -9999 344 346 347 347
-9999 -9999 -9999 -9999 -9999 -9999 -9999 -9999 -9999 -9999 -9999 -9999 -9999 -9999 -9999 -9999 -9999 -9999 -9999 -9999 -9999 -9999 -9999 -9999 -9999 -9999 -9999 -9999 -9999 -9999 -9999 -9999 -9999 -9999 -9999 -9999 -9999 -9999 -9999 -9999 -9999 -9999 -9999 -9999 -9999 -9999 -9999 -9999 -9999 -9999 -9999 -9999 -9999 -9999 -9999 -9999 -9999 -9999 -9999 -9999 -9999 -9999 -9999 -9999 -9999 -9999 -9999 -9999 -9999 -9999 -9999 -9999 -9999 -9999 -9999 -9999 -9999 -9999 343 343 344 346 347 346 346 345 345 346 347 347 347
-9999 -9999 -9999 -9999 -9999 -9999 -9999 -9999 -9999 -9999 -9999 -9999 -9999 -9999 -9999 -9999 -9999 -9999 -9999 -9999 -9999 -9999 -9999 -9999 -9999 -9999 -9999 -9999 -9999 -9999 -9999 -9999 -9999 -9999 -9999 -9999 -9999 -9999 -9999 -9999 -9999 -9999 -9999 -9999 -9999 -9999 -9999 -9999 -9999 -9999 -9999 -9999 -9999 -9999 -9999 -9999 -9999 -9999 -9999 -9999 -9999 -9999 -9999 -9999 -9999 -9999 -9999 -9999 346 346 346 346 346 346 345 345 344 344 344 343 345 346 346 346 346 345 347 348 347 347 347
-9999 -9999 -9999 -9999 -9999 -9999 -9999 -9999 -9999 -9999 -9999 -9999 -9999 -9999 -9999 -9999 -9999 -9999 -9999 -9999 -9999 -9999 -9999 -9999 -9999 -9999 -9999 -9999 -9999 -9999 -9999 -9999 -9999 -9999 -9999 -9999 -9999 -9999 -9999 -9999 -9999 -9999 -9999 -9999 -9999 -9999 -9999 -9999 -9999 -9999 -9999 -9999 -9999 -9999 -9999 -9999 -9999 -9999 -9999 346 348 348 348 346 348 348 348 347 346 347 347 346 346 346 345 345 345 346 346 344 345 346 346 346 346 347 347 349 350 348 348
-9999 -9999 -9999 -9999 -9999 -9999 -9999 -9999 -9999 -9999 -9999 -9999 -9999 -9999 -9999 -9999 -9999 -9999 -9999 -9999 -9999 -9999 -9999 -9999 -9999 -9999 -9999 -9999 -9999 -9999 -9999 -9999 -9999 -9999 -9999 -9999 -9999 -9999 -9999 -9999 -9999 -9999 -9999 -9999 -9999 -9999 -9999 -9999 -9999 347 347 347 347 348 348 348 348 348 348 348 348 348 348 348 348 348 349 348 349 349 349 349 348 347 346 347 347 348 347 346 346 346 346 346 347 347 347 349 350 350 348
-9999 -9999 -9999 -9999 -9999 -9999 -9999 -9999 -9999 -9999 -9999 -9999 -9999 -9999 -9999 -9999 -9999 -9999 -9999 -9999 -9999 -9999 -9999 -9999 -9999 -9999 -9999 -9999 -9999 -9999 -9999 -9999 -9999 -9999 -9999 -9999 -9999 -9999 348 349 349 347 348 347 348 350 350 349 348 348 347 348 348 348 348 348 348 348 350 348 348 349 349 349 349 350 349 349 350 349 349 349 348 347 347 348 348 349 347 346 346 348 347 347 347 347 347 347 349 350 348
-9999 -9999 -9999 -9999 -9999 -9999 -9999 -9999 -9999 -9999 -9999 -9999 -9999 -9999 -9999 -9999 -9999 -9999 -9999 -9999 -9999 -9999 -9999 -9999 -9999 -9999 -9999 347 348 348 348 348 348 348 348 348 348 348 349 350 350 349 348 350 349 350 350 350 350 348 348 348 348 350 351 350 351 351 351 351 350 350 349 349 349 351 351 351 350 349 349 349 348 349 348 350 349 349 348 348 349 349 348 348 350 350 350 348 348 349 348
-9999 -9999 -9999 -9999 -9999 -9999 -9999 -9999 -9999 -9999 -9999 -9999 -9999 -9999 -9999 348 349 350 350 350 349 348 348 348 347 347 349 349 348 348 348 348 348 348 348 350 350 350 350 350 350 350 349 350 350 350 351 351 351 350 350 350 350 351 351 351 351 351 351 351 351 351 349 349 349 349 350 352 352 352 351 349 351 350 350 350 349 349 349 349 349 349 349 350 351 350 350 350 349 348 349
-9999 -9999 -9999 -9999 -9999 -9999 -9999 -9999 -9999 -9999 350 349 349 351 351 348 351 351 351 350 349 348 348 348 349 349 350 349 349 349 350 351 350 348 350 350 351 350 350 350 350 350 350 350 351 351 352 353 353 351 351 351 351 351 351 351 351 351 351 351 351 351 351 349 349 349 351 352 352 352 351 351 352 352 352 351 351 352 352 351 350 350 352 352 351 352 350 351 351 351 351
-9999 -9999 -9999 -9999 -9999 -9999 -9999 -9999 350 350 350 351 351 351 351 351 351 351 351 349 348 349 348 348 349 350 350 349 350 350 350 351 351 351 351 351 351 351 351 351 351 351 350 351 352 353 353 353 353 353 353 353 352 352 352 352 351 352 352 352 351 352 352 352 350 352 351 352 352 352 353 353 353 353 353 352 352 352 351 351 351 352 353 353 353 351 352 353 354 354 352
-9999 -9999 -9999 -9999 -9999 -9999 350 350 350 350 351 351 351 351 351 351 351 351 351 351 349 349 350 349 351 350 350 350 350 351 351 351 351 351 351 351 351 351 353 353 353 353 351 352 352 353 353 353 353 353 353 353 353 352 352 352 352 352 352 352 352 352 352 352 350 352 352 352 352 352 353 353 353 353 353 353 352 352 352 352 352 353 353 353 353 353 353 354 354 354 354
-9999 -9999 -9999 -9999 -9999 351 351 350 350 352 352 353 353 352 351 351 351 351 351 351 351 351 351 351 351 351 350 350 351 351 351 351 351 351 351 352 352 353 353 353 353 353 353 353 353 353 353 353 353 353 353 353 353 353 352 352 352 352 352 352 352 352 352 350 352 352 352 352 352 353 353 353 353 353 353 355 354 354 354 353 353 353 353 353 353 353 354 355 355 354 355
-9999 -9999 -9999 -9999 351 351 351 352 352 352 353 353 353 352 351 351 351 351 351 351 351 351 351 351 352 351 351 352 353 352 352 352 353 353 353 354 354 354 354 355 355 354 353 354 354 354 355 354 353 353 352 353 353 353 352 352 353 352 352 352 352 352 352 352 351 351 352 351 351 353 353 353 353 353 353 355 355 354 354 354 354 353 354 353 354 356 355 356 357 357 357
-9999 -9999 -9999 351 352 352 351 353 353 353 353 353 353 353 353 352 351 351 351 351 351 351 351 353 353 353 353 353 353 353 353 353 353 354 353 354 354 354 355 356 356 354 354 354 354 356 356 356 355 354 354 354 354 354 354 352 352 352 352 352 352 352 353 353 353 353 353 352 353 352 353 353 353 353 354 355 355 354 354 354 354 354 353 355 354 355 354 354 357 357 357
-9999 -9999 351 352 353 352 353 354 353 353 353 353 353 353 352 352 352 352 352 353 353 351 351 352 353 353 354 353 353 353 353 353 354 354 353 354 355 356 356 356 356 356 356 356 356 356 356 356 356 355 355 354 354 354 354 354 354 354 353 353 353 353 353 353 353 353 353 353 353 353 352 352 353 354 354 355 354 355 354 355 356 355 355 355 355 356 356 356 356 357 357
-9999 353 353 354 354 354 354 354 354 354 354 353 353 353 353 352 352 353 353 354 353 353 353 354 354 354 354 354 353 354 356 356 355 355 354 354 355 355 357 357 357 357 356 356 356 357 356 356 356 356 355 355 355 355 355 354 354 354 354 355 354 355 355 355 353 353 353 355 355 354 354 354 354 353 354 355 355 355 356 356 356 356 356 355 356 357 357 357 357 357 358
353 353 354 354 354 354 354 354 354 354 354 354 353 353 353 352 353 353 353 353 353 353 353 354 354 354 354 354 354 356 356 356 356 356 356 356 357 357 357 358 357 357 357 357 357 357 357 357 356 356 356 357 356 356 355 355 355 355 355 356 355 356 356 356 356 356 356 356 356 355 355 355 355 354 354 354 356 356 356 356 356 356 356 356 357 357 357 357 357 357 358
353 353 354 354 354 354 355 355 354 354 354 354 354 354 354 354 353 353 353 353 353 354 354 354 355 355 356 356 356 356 356 358 358 356 356 358 358 358 358 357 358 357 357 357 357 357 357 357 357 357 357 357 356 356 356 356 356 355 356 356 356 356 356 356 356 356 356 356 356 356 356 355 355 355 355 354 356 356 356 356 356 357 357 357 357 357 357 357 358 358 358
353 356 356 356 356 356 356 355 354 354 354 354 354 354 354 354 354 354 355 355 356 356 357 357 357 357 357 357 358 356 359 359 359 359 359 359 359 358 358 358 358 358 358 357 357 357 357 357 357 357 357 357 357 357 356 356 356 356 356 356 356 356 356 356 356 356 356 356 356 356 357 355 356 357 356 356 356 356 356 358 358 357 357 357 357 357 357 358 358 358 358
356 356 356 356 356 356 356 356 354 354 354 354 354 354 354 354 354 356 356 356 356 357 358 358 358 359 359 359 359 359 359 359 359 359 359 359 359 359 358 358 358 358 358 357 357 357 358 357 357 357 357 357 357 357 357 357 357 357 356 357 356 356 356 356 356 356 356 356 356 357 357 357 356 356 356 356 356 356 356 357 357 357 357 357 357 357 358 358 358 358 358
356 356 356 356 356 356 356 356 356 356 356 355 355 354 354 357 357 357 357 356 356 357 359 360 360 360 361 361 361 360 359 359 359 359 359 359 359 359 359 359 359 359 359 359 357 359 357 357 359 358 358 357 357 357 357 358 358 358 358 358 358 358 357 357 357 357 357 357 357 356 356 357 357 357 357 357 358 357 357 357 357 357 357 357 357 358 358 358 358 359 360
356 357 357 356 356 356 356 356 356 356 356 355 355 355 357 357 357 357 359 357 357 358 359 359 361 361 361 361 361 361 360 359 359 359 359 359 359 359 359 359 359 359 359 359 359 359 358 359 360 360 360 360 359 359 358 358 358 358 358 358 358 358 358 357 357 357 357 357 357 357 357 357 359 359 359 359 359 359 359 357 357 357 357 357 358 358 359 359 359 361 361
357 357 357 357 357 357 357 356 356 356 355 356 356 356 357 358 358 359 359 359 359 359 359 359 360 361 361 361 361 361 361 361 359 360 360 360 359 359 359 359 360 359 359 359 359 359 360 360 360 360 360 360 360 360 359 359 358 358 358 358 357 357 357 357 357 357 357 358 358 359 359 359 360 360 360 360 359 359 359 360 360 360 359 359 359 359 359 361 361 361 362
357 357 357 357 357 357 357 357 357 356 357 358 357 356 358 359 360 360 360 360 359 359 359 361 362 361 361 361 361 361 361 361 360 361 361 361 361 359 359 359 360 359 359 359 359 359 360 360 360 360 360 358 360 361 361 361 360 359 359 359 359 358 358 357 359 360 357 360 360 360 360 360 360 362 362 362 361 360 362 360 360 360 360 360 360 361 361 361 361 363 363
357 357 357 357 357 357 357 357 357 357 359 359 358 358 359 359 360 360 360 361 361 362 362 362 362 362 361 361 361 361 360 360 360 360 360 360 361 360 360 361 362 360 359 359 361 361 361 361 359 359 359 360 361 361 362 362 361 361 360 360 360 360 360 360 360 360 360 360 362 363 363 362 362 362 362 362 362 362 360 361 361 360 360 362 361 362 362 362 363 363 363
359 358 357 357 357 357 357 358 360 360 360 359 359 359 359 360 361 360 360 361 361 362 362 362 362 362 362 362 362 361 361 361 361 361 361 361 361 360 360 360 360 360 360 361 361 362 361 361 360 360 361 361 361 361 362 363 361 361 360 360 360 360 360 360 360 360 360 362 362 363 363 362 362 361 362 362 362 362 362 360 360 360 361 361 362 362 362 362 363 363 364
359 358 358 358 359 359 360 360 360 360 360 360 360 360 361 362 362 362 362 360 361 361 361 362 362 362 362 362 362 362 362 362 364 364 363 362 362 362 361 360 360 360 360 362 361 362 361 361 360 361 361 362 361 361 362 364 362 361 361 360 360 361 360 360 360 360 363 362 362 362 363 363 362 361 362 362 363 362 363 363 363 362 362 362 362 362 362 362 363 364 365
359 359 358 359 359 360 360 360 360 360 360 360 362 362 362 362 362 362 362 361 360 362 361 362 362 362 362 362 362 362 362 362 362 363 363 364 363 362 362 361 360 360 360 362 362 362 362 361 361 361 362 363 361 361 361 362 362 363 362 362 363 363 363 363 361 361 363 362 361 361 362 362 362 361 362 362 363 363 363 363 363 363 363 363 362 362 362 363 364 366 366
360 360 359 360 361 361 361 361 361 361 361 360 362 362 362 362 362 362 362 362 362 362 362 362 363 363 362 362 362 362 362 362 362 362 362 364 363 363 363 363 363 360 360 363 363 363 363 361 361 363 363 363 362 362 362 362 362 364 363 363 363 363 363 363 363 363 363 362 361 361 361 362 362 362 362 363 363 363 362 363 363 363 363 363 364 363 363 363 364 366 366
360 362 361 362 362 362 362 361 361 361 361 361 361 361 361 362 362 362 362 362 362 362 362 362 362 362 363 363 362 362 362 362 362 362 363 364 362 363 363 363 363 363 361 361 363 363 362 362 363 363 362 362 362 362 362 362 363 363 363 363 363 363 363 364 364 364 363 363 362 362 362 361 362 362 363 363 363 363 363 363 362 363 363 362 364 365 364 363 363 363 366
360 362 362 362 362 362 362 362 362 362 362 362 362 363 363 363 363 363 363 363 363 362 362 363 363 362 362 363 363 363 363 362 362 362 362 362 362 362 363 363 363 363 363 362 363 363 362 363 363 363 362 362 362 362 362 362 363 362 363 363 362 363 363 364 364 364 364 364 364 364 363 363 363 363 363 363 363 364 364 365 364 364 363 364 363 363 363 363 363 364 365
361 362 361 363 363 363 363 363 363 364 364 364 364 364 364 365 363 364 364 364 365 365 365 364 362 364 364 364 364 364 364 363 363 363 363 362 362 362 362 363 364 363 364 363 363 361 361 362 362 363 362 362 362 362 363 365 362 363 365 365 363 364 364 364 364 364 364 364 364 364 364 364 363 363 363 363 363 365 365 365 365 365 365 364 364 365 365 364 365 365 366
362 361 362 363 363 363 363 363 363 363 364 363 364 364 364 364 365 365 365 363 364 364 363 363 365 365 365 365 366 366 365 365 365 365 365 363 363 363 363 363 364 364 365 364 364 364 364 363 362 362 362 362 364 365 365 365 363 364 365 364 364 364 364 364 364 364 364 365 364 364 363 366 365 363 363 363 365 366 365 365 365 365 365 365 365 365 365 365 365 366 366
361 361 363 363 364 364 364 364 363 363 363 363 363 364 364 364 364 364 364 364 363 363 365 365 365 365 366 366 366 365 365 365 365 364 364 363 363 363 363 363 363 364 364 365 364 364 364 364 364 363 363 363 364 365 365 365 363 364 365 364 364 364 365 366 364 364 364 364 364 364 364 366 364 363 363 363 365 365 365 365 365 365 365 365 365 365 366 366 366 366 367
361 363 363 364 365 365 365 364 364 366 365 364 363 363 364 364 364 364 364 364 365 366 366 366 366 367 367 365 365 365 365 365 365 365 366 366 366 366 365 365 363 363 364 364 364 364 364 364 364 364 363 363 364 365 365 365 365 364 365 364 364 365 366 367 367 366 364 364 364 364 364 366 366 366 365 364 364 365 366 365 365 365 365 365 365 366 366 366 366 368 368
362 363 364 365 365 364 365 366 364 365 366 366 366 366 366 366 366 366 365 365 366 366 367 367 367 368 366 366 367 368 367 365 366 366 367 366 366 366 366 366 366 365 365 364 364 364 364 365 365 364 364 364 364 364 366 366 366 364 364 364 365 366 365 365 367 367 366 365 366 365 365 366 366 366 366 365 365 365 365 365 365 365 365 365 366 366 366 366 368 368 369
363 363 365 365 365 365 366 366 366 364 366 367 367 366 366 366 366 366 367 367 367 368 369 368 368 367 368 368 368 368 366 368 368 368 369 369 368 367 367 368 366 366 366 365 365 365 365 365 365 365 365 364 365 366 366 366 366 365 365 366 366 366 366 365 367 367 367 367 366 366 366 366 366 366 366 366 365 365 365 365 365 365 366 366 367 367 368 368 369 369 371
364 364 365 366 365 365 366 366 366 366 367 367 367 367 367 367 368 369 369 369 368 368 369 369 369 369 369 369 367 366 368 368 369 369 368 368 368 368 367 367 366 366 366 365 366 366 365 365 365 365 365 365 365 366 366 366 366 366 366 367 367 366 365 366 367 366 366 367 368 368 367 366 366 366 366 365 365 365 365 365 366 366 367 367 368 368 369 369 369 370 369
364 364 365 365 365 366 366 366 366 366 367 367 367 369 369 369 369 369 369 369 369 369 370 370 370 371 369 369 368 369 369 369 369 368 368 368 367 367 367 367 367 367 367 367 367 368 366 365 365 365 365 365 365 365 366 366 366 366 366 366 368 367 365 368 368 366 367 366 368 366 366 366 366 365 365 365 365 365 366 367 368 367 368 369 369 370 369 368 368 370 368
364 365 365 365 366 367 367 367 365 367 368 368 368 370 370 370 370 369 369 369 369 369 369 369 370 371 370 369 369 369 369 369 369 369 369 369 369 368 367 367 367 367 367 367 368 368 368 368 368 367 367 367 365 365 366 366 366 366 367 367 367 366 365 366 365 365 366 365 366 366 366 366 366 366 365 366 366 366 368 368 368 368 369 369 370 370 370 370 368 369 368
