Demos/Rbased/CrashCourse/data/climate_processing/PresentLayers/Pyxidanthera_brevifolia/bio_15.asc
NCOLS 275 
NROWS 194 
XLLCORNER -80.3749999998233 
YLLCORNER 33.9 
CELLSIZE 0.00833333333316008 
NODATA_value -9999 
[rows 63 to 83 of 194, columns 48 to 95 of 275]
18.0278511047363 18.4126472473145 18.3964157104492 18.5943355560303 18.5926151275635 18.5749645233154 18.4680614471436 18.8390312194824 18.9592742919922 18.9181709289551 18.9442863464355 19.0499858856201 19.0106811523438 19.1530952453613 19.1530952453613 19.2283573150635 19.29638671875 19.2168102264404 18.9909744262695 19.1411418914795 18.9924373626709 19.0664253234863 19.0350723266602 19.318660736084 19.2821731567383 19.5871238708496 19.5974216461182 19.5871238708496 19.5437717437744 19.9041481018066 19.9041481018066 19.8780155181885 20.0032196044922 20.0109996795654 19.9868640899658 19.9868640899658 19.7467727661133 19.7467727661133 19.9776973724365 19.8655605316162 19.9341640472412 19.9341640472412 19.8163967132568 19.706672668457 19.5705280303955 19.5466232299805 19.621410369873 19.6455268859863
18.4476451873779 18.40846824646 18.2955341339111 18.3938980102539 18.3938980102539 18.4731197357178 18.4416923522949 18.7830238342285 18.8390312194824 18.8390312194824 19.0126438140869 19.1202697753906 19.2659015655518 19.2283573150635 19.2283573150635 19.0365524291992 19.2115612030029 19.2168102264404 19.2796936035156 19.1411418914795 19.3686790466309 19.2359752655029 19.3686790466309 19.318660736084 19.5528736114502 19.6679916381836 19.6456432342529 19.8922424316406 19.9041481018066 19.8348083496094 19.9041481018066 20.0090007781982 20.1915187835693 19.8653812408447 19.7839698791504 19.9372138977051 19.9141540527344 19.9141540527344 19.9776973724365 20.044734954834 20.0665702819824 19.9341640472412 19.8477630615234 19.7546100616455 19.682559967041 19.731653213501 19.621410369873 19.6328449249268
18.3870410919189 18.3700675964355 18.226655960083 18.4731197357178 18.367525100708 18.4731197357178 18.4826927185059 18.6261386871338 18.9724998474121 19.0194873809814 19.1336898803711 19.1336898803711 19.2775745391846 19.2283573150635 19.2145614624023 18.9971370697021 19.1755084991455 19.225040435791 19.2796936035156 19.3524723052979 19.3232593536377 19.3605155944824 19.6346035003662 19.5528736114502 19.6648292541504 19.6679916381836 19.699743270874 19.8646984100342 19.9343891143799 19.9041481018066 20.1294498443604 19.7839698791504 19.8653812408447 20.0568656921387 19.9012393951416 20.0390853881836 20.0427494049072 20.1189746856689 20.044734954834 20.0665702819824 20.0390853881836 19.8163967132568 19.8477630615234 19.7546100616455 19.8590717315674 19.731653213501 19.8858013153076 20.0447177886963
18.3700675964355 18.3700675964355 18.3082981109619 18.391658782959 18.391658782959 18.4731197357178 18.5975112915039 18.8212776184082 18.8116989135742 18.9997406005859 19.1939544677734 19.1939544677734 19.2575206756592 19.3409194946289 19.2153930664062 18.9971370697021 19.1755084991455 19.2128353118896 19.225040435791 19.405574798584 19.405574798584 19.5434093475342 19.6346035003662 19.6648292541504 19.6648292541504 19.699743270874 19.855504989624 19.8922424316406 19.9595222473145 20.0090007781982 20.0090007781982 20.1995830535889 19.7984027862549 19.9779491424561 20.0500221252441 19.9779491424561 19.8596096038818 20.0427494049072 20.1189746856689 20.2356185913086 19.9955902099609 20.0665702819824 20.269983291626 20.0352878570557 19.8590717315674 19.9564304351807 19.9920063018799 20.0715255737305
18.4378852844238 18.3700675964355 18.3700675964355 18.4731197357178 18.5013446807861 18.6777515411377 18.8562831878662 18.8710231781006 18.8710231781006 19.0666561126709 19.173023223877 19.3085479736328 19.3336582183838 19.2632846832275 19.1068458557129 19.2890434265137 19.2854061126709 19.2128353118896 19.3604545593262 19.4321918487549 19.4768943786621 19.6612854003906 19.6712131500244 19.7210369110107 19.723503112793 19.9118022918701 19.8922424316406 19.9007434844971 20.0097713470459 19.8655605316162 19.8655605316162 20.0339279174805 20.1371383666992 20.1307544708252 20.0500221252441 20.2794876098633 20.0500221252441 20.0500221252441 20.188325881958 20.1360187530518 19.9248752593994 20.269983291626 20.269983291626 20.0471591949463 20.1203765869141 20.1543807983398 20.257698059082 20.1853084564209
18.7137508392334 18.3082981109619 18.4731197357178 18.4731197357178 18.6620597839355 18.6174335479736 18.6538009643555 18.8790092468262 19.0964508056641 19.1258907318115 19.1336898803711 19.3085479736328 19.339168548584 19.3941097259521 19.2168102264404 19.2311687469482 19.2128353118896 19.3920860290527 19.4332008361816 19.6914806365967 19.5074310302734 19.750057220459 19.7210369110107 19.8488082885742 19.9118022918701 19.8294010162354 20.0220375061035 19.9007434844971 20.1499576568604 20.1995830535889 20.1995830535889 20.3917579650879 20.3917579650879 20.3917579650879 20.287504196167 20.3550262451172 20.0500221252441 20.0500221252441 20.3143253326416 20.3792400360107 20.4593162536621 20.2244472503662 20.0352878570557 20.0808448791504 20.0616970062256 20.1543807983398 20.257698059082 20.1853084564209
18.7137508392334 18.4425735473633 18.4731197357178 18.4731197357178 18.5498313903809 18.6402931213379 18.6536312103271 19.1373348236084 19.0126438140869 19.2215328216553 19.2177410125732 19.2490692138672 19.4324855804443 19.3028354644775 19.4688034057617 19.4137477874756 19.3232593536377 19.2824745178223 19.7392082214355 19.6914806365967 19.6914806365967 19.6613864898682 19.9217510223389 19.8465366363525 19.9456615447998 19.9492416381836 20.1381340026855 20.1071910858154 20.3462944030762 20.3193969726562 20.3193969726562 20.3917579650879 20.3917579650879 20.3917579650879 20.6877632141113 20.2419910430908 20.2419910430908 20.2804355621338 20.1550273895264 20.1550273895264 20.1550273895264 20.2244472503662 20.2463283538818 20.0587940216064 20.1800098419189 20.3419876098633 20.257698059082 20.2128372192383
18.7441463470459 18.6678733825684 18.6538009643555 18.5292053222656 18.6620597839355 18.8104972839355 18.7815170288086 18.7683849334717 19.0383110046387 19.2585887908936 19.3338298797607 19.2800407409668 19.5075740814209 19.4962215423584 19.4810905456543 19.3185081481934 19.4104557037354 19.4104557037354 19.6476020812988 19.7392082214355 19.9217510223389 19.9217510223389 19.8846607208252 19.8877391815186 19.9456615447998 19.9492416381836 20.0168361663818 20.1536273956299 20.091136932373 20.3506698608398 20.3506698608398 20.5427570343018 20.2116031646729 20.3742294311523 20.3742294311523 20.4410858154297 20.2419910430908 20.2804355621338 20.3684902191162 20.3667049407959 20.197338104248 20.2244472503662 20.3317203521729 20.3419876098633 20.2962589263916 20.2962589263916 20.1853084564209 20.2400360107422
18.7921752929688 18.9078216552734 18.9456176757812 18.773250579834 18.9466094970703 18.9767513275146 18.9003238677979 18.9003238677979 18.9464130401611 19.180154800415 19.0578536987305 19.3338298797607 19.3975601196289 19.5556640625 19.4810905456543 19.6834278106689 19.7161674499512 19.75124168396 19.9001483917236 19.9001483917236 19.9544944763184 19.9217510223389 19.7591552734375 19.8877391815186 19.8877391815186 20.1338977813721 20.1381340026855 20.2393169403076 20.3506698608398 20.3506698608398 20.5427570343018 20.4054069519043 20.3742294311523 20.3742294311523 20.3942127227783 20.4966583251953 20.5585250854492 20.3010711669922 20.3195114135742 20.3856430053711 20.3856430053711 20.2393836975098 20.3096923828125 20.3979377746582 20.2847805023193 20.401159286499 20.4896354675293 20.4896354675293
18.8714389801025 18.8100547790527 18.9744167327881 18.9794464111328 18.91481590271 18.9544906616211 19.1317977905273 19.1630115509033 19.0681018829346 19.180154800415 19.2050285339355 19.2983894348145 19.5720138549805 19.5720138549805 19.5977382659912 19.7159557342529 19.5532741546631 19.7318592071533 19.8665466308594 19.6602668762207 19.8419456481934 20.1447105407715 19.9145603179932 19.9863376617432 20.1397895812988 20.1145439147949 20.1381340026855 20.3286800384521 20.3286800384521 20.4615631103516 20.5427570343018 20.7705326080322 20.8214111328125 20.569128036499 20.3742294311523 20.4966583251953 20.5585250854492 20.5585250854492 20.4342803955078 20.4342803955078 20.4265594482422 20.3096923828125 20.3096923828125 20.3096923828125 20.4104709625244 20.401159286499 20.4896354675293 20.4184303283691
19.1891937255859 19.2344245910645 19.1751518249512 19.3227863311768 19.1680736541748 19.0314235687256 19.2394008636475 19.2394008636475 19.2585887908936 19.2585887908936 19.2920341491699 19.31764793396 19.3567695617676 19.5720138549805 19.5977382659912 19.5977382659912 19.7318592071533 19.7045078277588 19.8825950622559 19.7340335845947 19.7569236755371 19.7569236755371 19.9410057067871 19.9863376617432 20.0939350128174 20.3268699645996 20.2140045166016 20.3025856018066 20.3506698608398 20.5780220031738 20.5427570343018 20.6877632141113 20.8235988616943 20.569128036499 20.6051502227783 20.4727916717529 20.5552234649658 20.4540100097656 20.4280967712402 20.4963340759277 20.5654125213623 20.3096923828125 20.3979377746582 20.4712314605713 20.5870399475098 20.4780101776123 20.4780101776123 20.4896354675293
19.1891937255859 18.8165149688721 18.9794464111328 18.9794464111328 19.1447677612305 19.1889991760254 19.2394008636475 19.4116859436035 19.4094638824463 19.4094638824463 19.3714733123779 19.5817260742188 19.5448207855225 19.5720138549805 19.887134552002 19.8525199890137 19.7485637664795 19.8465366363525 20.0244884490967 19.8193283081055 19.9149398803711 19.7569236755371 19.9400043487549 19.9087448120117 20.1316146850586 20.1965065002441 20.2140045166016 20.3399753570557 20.3794841766357 20.5698871612549 20.5780220031738 20.7705326080322 20.8235988616943 20.569128036499 20.5988960266113 20.8298988342285 20.931489944458 20.4540100097656 20.4342803955078 20.5168037414551 20.6063385009766 20.5142211914062 20.5870399475098 20.5870399475098 20.4896354675293 20.4896354675293 20.6943683624268 20.7094974517822
18.8165149688721 19.0596733093262 18.9672622680664 18.8324413299561 18.8824768066406 18.8824768066406 19.2017726898193 19.3202667236328 19.3722896575928 19.3714733123779 19.4082145690918 19.6595649719238 19.5448207855225 19.7118358612061 19.887134552002 19.7943801879883 19.8670063018799 20.0429649353027 19.8465366363525 20.0244884490967 20.0244884490967 20.0000057220459 20.0570545196533 19.9786739349365 20.1316146850586 20.1316146850586 20.1669845581055 20.4018974304199 20.4018974304199 20.5913753509521 20.5913753509521 20.4854373931885 20.4568958282471 20.7705326080322 20.8298988342285 20.8298988342285 20.901819229126 20.5168037414551 20.5434036254883 20.7784366607666 20.51780128479 20.5870399475098 20.7164192199707 20.401159286499 20.6588039398193 20.6943683624268 20.8119602203369 20.5544185638428
18.8589172363281 19.0193901062012 19.0596733093262 19.0521812438965 19.0364055633545 18.8982028961182 19.0719699859619 19.357364654541 19.3722896575928 19.407995223999 19.407995223999 19.5430297851562 19.6896934509277 19.7118358612061 19.863842010498 19.6881771087646 19.7522869110107 20.0429649353027 19.9143867492676 20.0589065551758 20.0244884490967 20.057788848877 20.0570545196533 20.213249206543 20.1160984039307 20.1645393371582 20.1965065002441 20.423791885376 20.423791885376 20.6592864990234 20.5913753509521 20.5780220031738 20.6373519897461 20.6663188934326 20.6373519897461 20.9350547790527 20.5434036254883 20.4265594482422 20.5368175506592 20.6587905883789 20.688928604126 20.538236618042 20.5427570343018 20.6190643310547 20.6588039398193 20.4780101776123 20.6477031707764 20.7876033782959
18.8291435241699 19.0174160003662 19.0108585357666 19.1218929290771 19.1738452911377 19.1738452911377 19.2056846618652 19.285758972168 19.357364654541 19.4900360107422 19.4952259063721 19.7445831298828 19.6547183990479 19.6896934509277 19.6641731262207 19.780445098877 19.8670063018799 19.8670063018799 19.9143867492676 20.0589065551758 20.0929889678955 20.0402565002441 19.8289642333984 20.011266708374 20.2344570159912 20.2038059234619 20.3881568908691 20.2673721313477 20.5011348724365 20.4314632415771 20.5941028594971 20.5941028594971 20.5941028594971 20.6373519897461 20.7400531768799 20.8086719512939 20.6592864990234 20.7790279388428 20.6587905883789 20.7169361114502 20.8318634033203 20.8133716583252 20.8602104187012 20.8047790527344 20.6588039398193 20.7384338378906 20.7559413909912 20.7918853759766
18.9794464111328 18.9794464111328 19.147985458374 19.1844329833984 19.1416568756104 19.475944519043 19.4905166625977 19.4973049163818 19.6173076629639 19.6869163513184 19.6869163513184 19.7466087341309 19.6457328796387 19.7637023925781 19.5791206359863 19.7637023925781 19.8670063018799 19.8293571472168 20.0805683135986 20.0429649353027 19.896125793457 20.1154441833496 19.904275894165 20.0850925445557 20.0850925445557 20.2344570159912 20.2370567321777 20.1985492706299 20.4310512542725 20.5152950286865 20.5826206207275 20.5941028594971 20.585807800293 20.6201839447021 20.8086719512939 20.7999591827393 20.6201839447021 20.7164192199707 20.7169361114502 20.7300357818604 20.8042297363281 20.8133716583252 20.8878917694092 20.6477031707764 20.7384338378906 20.7559413909912 20.8386974334717 20.8219547271729
19.2117385864258 19.1920127868652 19.2252826690674 19.2252826690674 19.2021427154541 19.4473094940186 19.3470211029053 19.6024971008301 19.6024971008301 19.6173076629639 19.7020721435547 19.5687961578369 19.7280731201172 19.5848045349121 19.5069561004639 19.8601608276367 19.8749980926514 19.8670063018799 20.0429649353027 20.0499382019043 20.0126571655273 20.0929889678955 20.2093772888184 20.1736621856689 20.1738929748535 20.2536239624023 20.2536239624023 20.2975368499756 20.4212436676025 20.4212436676025 20.5773811340332 20.57444190979 20.6416416168213 20.64914894104 20.5956115722656 20.4568958282471 20.6081352233887 20.7067089080811 20.6003284454346 20.6003284454346 20.9221096038818 20.7344398498535 20.7528896331787 20.773193359375 20.782657623291 20.7559413909912 20.8955230712891 20.7245960235596
19.2117385864258 18.9889755249023 19.0176811218262 19.1173725128174 19.1600780487061 19.2913932800293 19.475944519043 19.7785148620605 19.4363136291504 19.572078704834 19.572078704834 19.4607887268066 19.4607887268066 19.5938663482666 19.5069561004639 19.9417057037354 19.8749980926514 19.9552249908447 20.1222457885742 20.0429649353027 20.1732006072998 19.9910469055176 20.066011428833 20.1064682006836 20.285327911377 20.285327911377 20.3286800384521 20.2046642303467 20.4509811401367 20.4509811401367 20.4954090118408 20.7230987548828 20.6588039398193 20.57444190979 20.4314632415771 20.7280044555664 20.5436325073242 20.5513744354248 20.6003284454346 20.802791595459 20.6943683624268 20.773193359375 20.5989799499512 20.6383991241455 20.8955230712891 20.9160423278809 20.9467811584473 20.8522415161133
18.9889755249023 19.1153259277344 19.1153259277344 19.1153259277344 19.3251304626465 19.460916519165 19.475944519043 19.8214435577393 19.4806423187256 19.4071235656738 19.4659290313721 19.4607887268066 19.4607887268066 19.3697185516357 19.6303291320801 19.9072799682617 19.9417057037354 19.9417057037354 19.9456615447998 20.0032196044922 19.997501373291 20.1262111663818 20.2123908996582 20.066011428833 20.1736621856689 20.353666305542 20.3545703887939 20.2304935455322 20.5181045532227 20.5181045532227 20.5181045532227 20.6043643951416 20.4292755126953 20.5513744354248 20.6190643310547 20.73171043396 20.7575302124023 20.802791595459 20.6943683624268 20.6943683624268 20.8042297363281 20.5911922454834 20.9433689117432 20.6383991241455 20.7134246826172 20.7658958435059 20.8522415161133 20.8522415161133
19.1153259277344 19.2070064544678 19.1635227203369 19.3344593048096 19.4510631561279 19.314868927002 19.460916519165 19.6472091674805 19.4806423187256 19.4071235656738 19.435396194458 19.5528736114502 19.5844459533691 19.5844459533691 19.6568927764893 19.7921504974365 19.7921504974365 19.6612854003906 19.8374252319336 20.1709575653076 20.2521915435791 20.1647720336914 20.0264568328857 20.0264568328857 20.1692295074463 20.0512409210205 20.2172527313232 20.3361148834229 20.3361148834229 20.5181045532227 20.5181045532227 20.5847949981689 20.5599918365479 20.5599918365479 20.6043643951416 20.6791019439697 20.6484107971191 20.7257137298584 20.5876483917236 20.6659660339355 20.6225357055664 20.8690185546875 20.8476753234863 20.8064670562744 20.9200839996338 20.8522415161133 20.8522415161133 21.0622901916504
19.1358776092529 19.092113494873 19.3385391235352 19.3581504821777 19.3581504821777 19.4352054595947 19.5304164886475 19.6472091674805 19.5492858886719 19.5045967102051 19.6980953216553 19.7423477172852 19.6157836914062 19.7158718109131 19.5844459533691 19.7158718109131 19.737211227417 19.9072799682617 20.1241703033447 20.1241703033447 20.1709575653076 19.8891868591309 20.0264568328857 20.0715255737305 20.035795211792 20.3154582977295 20.3508338928223 20.3155384063721 20.3155384063721 20.3361148834229 20.3361148834229 20.40283203125 20.5001640319824 20.4475841522217 20.4166011810303 20.6908397674561 20.6908397674561 20.5438766479492 20.6659660339355 20.779842376709 20.8321018218994 20.8321018218994 20.9911785125732 20.9911785125732 20.7405624389648 20.7943134307861 21.0668334960938 21.0668334960938
