Demos/Rbased/CrashCourse/data/climate_processing/PresentLayers/Pyxidanthera_brevifolia/bio_9.asc
NCOLS 215 
NROWS 157 
XLLCORNER -80.4833333333333 
YLLCORNER 34.2333333333333 
CELLSIZE 0.00833333333333336 
NODATA_value -9999 
[rows 88 to 109 of 157, columns 98 to 146 of 215]
11.6499996185303 11.6333332061768 11.6333332061768 11.6666669845581 11.6833333969116 11.7166662216187 11.7333335876465 11.7166662216187 11.6999998092651 11.7333335876465 11.7666664123535 11.7666664123535 11.7666664123535 11.7666664123535 11.7666664123535 11.7666664123535 11.8000001907349 11.8000001907349 11.8166666030884 11.8500003814697 11.8833332061768 11.9333333969116 11.9666662216187 11.9666662216187 11.9499998092651 11.9499998092651 11.9499998092651 11.9166669845581 11.9166669845581 11.9166669845581 11.9000005722046 11.9000005722046 11.8666667938232 11.8500003814697 11.8666667938232 11.8500003814697 11.8500003814697 11.8833332061768 11.8833332061768 11.8833332061768 11.9166669845581 11.9166669845581 11.9166669845581 11.9166669845581 11.9499998092651 11.9499998092651 11.9499998092651 11.9499998092651 11.9499998092651
11.7166662216187 11.6833333969116 11.6833333969116 11.6833333969116 11.6999998092651 11.7166662216187 11.7333335876465 11.75 11.75 11.7333335876465 11.7666664123535 11.7833337783813 11.7833337783813 11.7833337783813 11.7666664123535 11.8000001907349 11.8000001907349 11.8000001907349 11.8166666030884 11.8833332061768 11.9333333969116 11.9499998092651 12 11.9833326339722 11.9833326339722 11.9833326339722 11.9833326339722 11.9833326339722 11.9833326339722 11.9833326339722 11.9499998092651 11.9333333969116 11.9333333969116 11.9333333969116 11.9333333969116 11.9166669845581 11.9166669845581 11.9166669845581 11.9166669845581 11.9166669845581 11.9333333969116 11.9499998092651 11.9333333969116 11.9499998092651 11.9499998092651 11.9499998092651 11.9499998092651 11.9499998092651 11.9499998092651
11.7166662216187 11.6833333969116 11.7166662216187 11.7166662216187 11.7166662216187 11.75 11.75 11.7666664123535 11.7666664123535 11.7666664123535 11.7666664123535 11.7833337783813 11.7833337783813 11.8166666030884 11.8000001907349 11.8000001907349 11.8166666030884 11.8333330154419 11.8666667938232 11.9000005722046 11.9499998092651 12 12.033332824707 12.033332824707 12.0166664123535 12.0166664123535 12.0166664123535 12 12 12 12 11.9833326339722 11.9666662216187 11.9499998092651 11.9666662216187 11.9499998092651 11.9499998092651 11.9499998092651 11.9333333969116 11.9499998092651 11.9499998092651 11.9499998092651 11.9499998092651 11.9499998092651 11.9499998092651 11.9499998092651 11.9499998092651 12 12.0166664123535
11.75 11.75 11.7333335876465 11.7333335876465 11.75 11.7833337783813 11.7833337783813 11.8333339691162 11.8333339691162 11.8166666030884 11.8166666030884 11.8166666030884 11.8333330154419 11.8666667938232 11.8666667938232 11.8666667938232 11.8666667938232 11.8333330154419 11.9000005722046 11.9166669845581 11.9499998092651 11.9666662216187 12.0499992370605 12.0499992370605 12.0166664123535 12.0166664123535 12 12.0166664123535 12.0166664123535 12 12 12 11.9666662216187 11.9833335876465 11.9666662216187 11.9499998092651 11.9499998092651 11.9499998092651 11.9499998092651 11.9499998092651 11.9499998092651 11.9499998092651 11.9499998092651 11.9499998092651 11.9499998092651 11.9666662216187 12.0166664123535 12.0166664123535 12.0166664123535
11.75 11.75 11.7333335876465 11.7833337783813 11.8000001907349 11.8166666030884 11.8166666030884 11.8166666030884 11.8333339691162 11.8500003814697 11.8833332061768 11.8833332061768 11.8666667938232 11.8666667938232 11.8833332061768 11.8833332061768 11.8833332061768 11.8833332061768 11.9000005722046 11.9333333969116 11.9499998092651 11.9833335876465 12.0499992370605 12.0499992370605 12.033332824707 12.0166664123535 12.033332824707 12.033332824707 12.033332824707 12.0166664123535 12.0166664123535 12.0166664123535 12 12 12 11.9499998092651 11.9499998092651 11.9499998092651 11.9499998092651 11.9833335876465 11.9833335876465 11.9833335876465 11.9833335876465 12 12.0166664123535 12.0166664123535 12.0166664123535 12.0166664123535 12.033332824707
11.8166666030884 11.7833337783813 11.7833337783813 11.8166666030884 11.8333339691162 11.8500003814697 11.8500003814697 11.8666667938232 11.8833332061768 11.8833332061768 11.8999996185303 11.9333333969116 11.9333333969116 11.9333333969116 11.8999996185303 11.9166669845581 11.9000005722046 11.9000005722046 11.9166669845581 11.9499998092651 11.9666662216187 11.9833335876465 12.0499992370605 12.0499992370605 12.0166664123535 12.0166664123535 12.033332824707 12.033332824707 12.033332824707 12.033332824707 12.033332824707 12.0166664123535 12 12 12 11.9666662216187 11.9833335876465 11.9833335876465 11.9833335876465 11.9833335876465 12.0166664123535 12.0166664123535 12.0166664123535 12.0166664123535 12.0166664123535 12.033332824707 12.0499992370605 12.0499992370605 12.0499992370605
11.8166666030884 11.8166666030884 11.8333330154419 11.8500003814697 11.8500003814697 11.8833332061768 11.8999996185303 11.8999996185303 11.8999996185303 11.9166669845581 11.9166669845581 11.9333333969116 11.9666662216187 11.9666662216187 11.9666662216187 11.9666662216187 11.9166669845581 11.9166669845581 11.9333333969116 11.9499998092651 11.9833335876465 12 12.033332824707 12.033332824707 12.033332824707 12.0166664123535 12.033332824707 12.033332824707 12.033332824707 12.033332824707 12.033332824707 12.033332824707 12.0166664123535 12.0166664123535 12.0166664123535 12.0166664123535 12 11.9833335876465 11.9833335876465 12.0166664123535 12.0166664123535 12.033332824707 12.033332824707 12.0499992370605 12.0499992370605 12.0499992370605 12.0499992370605 12.0666666030884 12.0666666030884
11.8500003814697 11.8500003814697 11.8500003814697 11.8500003814697 11.8999996185303 11.9333333969116 11.9333333969116 11.9333333969116 11.9666662216187 11.9833335876465 11.9833335876465 11.9833335876465 11.9833335876465 11.9833335876465 11.9833335876465 11.9833335876465 11.9833335876465 11.9666662216187 11.9666662216187 11.9499998092651 11.9833335876465 12 12.0166664123535 12.0166664123535 12.033332824707 12.0499992370605 12.0499992370605 12.0499992370605 12.0499992370605 12.0499992370605 12.0499992370605 12.0499992370605 12.033332824707 12.033332824707 12.033332824707 12.0166664123535 12.0166664123535 12.0166664123535 12.033332824707 12.033332824707 12.0666666030884 12.0666666030884 12.0666666030884 12.0666666030884 12.0833330154419 12.0833330154419 12.0833330154419 12.0833330154419 12.0666666030884
11.8833332061768 11.8666667938232 11.8666667938232 11.8833332061768 11.9166669845581 11.9499998092651 11.9666662216187 11.9833335876465 11.9833335876465 11.9833335876465 11.9833335876465 12 12 11.9833335876465 11.9833335876465 11.9833335876465 11.9833335876465 11.9833335876465 11.9833335876465 11.9833335876465 12 12 12 12 12.033332824707 12.0499992370605 12.0499992370605 12.0499992370605 12.0666666030884 12.0666666030884 12.0499992370605 12.0499992370605 12.0499992370605 12.0499992370605 12.0499992370605 12.0499992370605 12.0499992370605 12.033332824707 12.033332824707 12.033332824707 12.0666666030884 12.0833330154419 12.1000003814697 12.1000003814697 12.1000003814697 12.1000003814697 12.1000003814697 12.1000003814697 12.1000003814697
11.8999996185303 11.9166669845581 11.9000005722046 11.9333333969116 11.9499998092651 11.9833335876465 11.9833335876465 11.9833335876465 11.9833335876465 11.9833335876465 12.0166664123535 12.0166664123535 12 11.9833335876465 11.9833335876465 11.9833335876465 11.9833335876465 11.9833335876465 12 12 12 12 12 12 12.0500001907349 12.0499992370605 12.0666666030884 12.0666666030884 12.0666666030884 12.0666666030884 12.0666666030884 12.0499992370605 12.0499992370605 12.0499992370605 12.0666666030884 12.0666666030884 12.0666666030884 12.0500001907349 12.0500001907349 12.0500001907349 12.0666666030884 12.1000003814697 12.1000003814697 12.1000003814697 12.1000003814697 12.1000003814697 12.1000003814697 12.1000003814697 12.1000003814697
11.9333333969116 11.9499998092651 11.9333333969116 11.9499998092651 11.9833335876465 11.9833335876465 12 12.0166664123535 12 11.9833335876465 12 12.0666666030884 12.033332824707 12.0166664123535 12 12 12 12 12 12 12 12 12 12 12.0333337783813 12.0666666030884 12.0666666030884 12.0833330154419 12.0833330154419 12.0666666030884 12.0666666030884 12.0666666030884 12.0666666030884 12.0666666030884 12.1000003814697 12.1000003814697 12.1000003814697 12.0500001907349 12.0500001907349 12.0666666030884 12.1000003814697 12.1000003814697 12.1166667938232 12.1333332061768 12.1499996185303 12.1166667938232 12.1166667938232 12.1166667938232 12.1166667938232
11.9333333969116 11.9499998092651 11.9666662216187 11.9833335876465 11.9833335876465 11.9833335876465 12.033332824707 12.033332824707 12.0666666030884 12.0666666030884 12.0666666030884 12.0833330154419 12.0499992370605 12.033332824707 12.0166664123535 12 12 12 12 12 12 12 12.0166664123535 12.0166664123535 12.0333337783813 12.0833330154419 12.0833330154419 12.0833330154419 12.0833330154419 12.0999994277954 12.0999994277954 12.0999994277954 12.1000003814697 12.1000003814697 12.1000003814697 12.1000003814697 12.1166667938232 12.0833330154419 12.0833330154419 12.0833330154419 12.1166667938232 12.1166667938232 12.1333332061768 12.1499996185303 12.1499996185303 12.1499996185303 12.1499996185303 12.1499996185303 12.1499996185303
11.9833335876465 11.9833335876465 11.9833335876465 11.9833335876465 11.9833335876465 12.0500001907349 12.0833330154419 12.0833330154419 12.0833330154419 12.0833330154419 12.0833330154419 12.0833330154419 12.0666666030884 12.0500001907349 12.0500001907349 12 12 12 12.0333337783813 12 12.0166664123535 12.0166664123535 12.0166664123535 12.0333337783813 12.0500001907349 12.0833330154419 12.0833330154419 12.0833330154419 12.0999994277954 12.0999994277954 12.1166667938232 12.0999994277954 12.1166667938232 12.1166667938232 12.1166667938232 12.1166667938232 12.1333332061768 12.1000003814697 12.1000003814697 12.1000003814697 12.1333332061768 12.1333332061768 12.1333332061768 12.1499996185303 12.1666669845581 12.1499996185303 12.1499996185303 12.1499996185303 12.1666669845581
12.0166664123535 12.0166664123535 12 12 12.0666666030884 12.0833330154419 12.0833330154419 12.0833330154419 12.0833330154419 12.0833330154419 12.0833330154419 12.0666666030884 12.0833330154419 12.0500001907349 12.0500001907349 12.0500001907349 12 12 12.0333337783813 12.0166664123535 12.0166664123535 12.0166664123535 12.0166664123535 12.0500001907349 12.0666666030884 12.0833330154419 12.0833330154419 12.0833330154419 12.1166667938232 12.0999994277954 12.0999994277954 12.1166667938232 12.1166667938232 12.1333332061768 12.1333332061768 12.1333332061768 12.1333332061768 12.1166667938232 12.1166667938232 12.1166667938232 12.1333332061768 12.1333332061768 12.1499996185303 12.1666669845581 12.1666669845581 12.1666669845581 12.1666669845581 12.1833333969116 12.216667175293
12.0333337783813 12.0166664123535 12.0166664123535 12.0500001907349 12.0833330154419 12.0833330154419 12.0833330154419 12.0833330154419 12.0833330154419 12.0833330154419 12.0833330154419 12.0833330154419 12.0833330154419 12.0833330154419 12.0833330154419 12.0833330154419 12.0500001907349 12.0166664123535 12.0333337783813 12.0500001907349 12.0333337783813 12.0166664123535 12.0333337783813 12.0500001907349 12.0666666030884 12.0999994277954 12.1166667938232 12.1166667938232 12.1166667938232 12.1333332061768 12.1333332061768 12.1499996185303 12.1499996185303 12.1499996185303 12.1499996185303 12.1666669845581 12.1333332061768 12.1333332061768 12.1333332061768 12.1333332061768 12.1333332061768 12.1499996185303 12.1499996185303 12.1666669845581 12.1666669845581 12.1666669845581 12.1999998092651 12.216667175293 12.2333335876465
12.0666666030884 12.0666666030884 12.0666666030884 12.0833330154419 12.0833330154419 12.0833330154419 12.1000003814697 12.0833330154419 12.0833330154419 12.0833330154419 12.0833330154419 12.0833330154419 12.0833330154419 12.0833330154419 12.0999994277954 12.0999994277954 12.0999994277954 12.0833330154419 12.0666666030884 12.0833330154419 12.0500001907349 12.0333337783813 12.0500001907349 12.0666666030884 12.0833330154419 12.0999994277954 12.1166667938232 12.1166667938232 12.1333332061768 12.1499996185303 12.1499996185303 12.1499996185303 12.1499996185303 12.1499996185303 12.1499996185303 12.1666669845581 12.1499996185303 12.1333332061768 12.1333332061768 12.1333332061768 12.1499996185303 12.1499996185303 12.1499996185303 12.1666669845581 12.1999998092651 12.2333335876465 12.2333335876465 12.2333335876465 12.2333335876465
12.1166667938232 12.1166667938232 12.1166667938232 12.1000003814697 12.0833330154419 12.0833330154419 12.0833330154419 12.0833330154419 12.0833330154419 12.0833330154419 12.0833330154419 12.1166667938232 12.0999994277954 12.0999994277954 12.0999994277954 12.0999994277954 12.0999994277954 12.0833330154419 12.0833330154419 12.0999994277954 12.0666666030884 12.0500001907349 12.0500001907349 12.0999994277954 12.0999994277954 12.1166667938232 12.1166667938232 12.1333332061768 12.1333332061768 12.1499996185303 12.1499996185303 12.1499996185303 12.1499996185303 12.1499996185303 12.1666669845581 12.1833333969116 12.1499996185303 12.1499996185303 12.1499996185303 12.1499996185303 12.1666669845581 12.1666669845581 12.1666669845581 12.216667175293 12.216667175293 12.2333335876465 12.2333335876465 12.2333335876465 12.2333335876465
12.1666669845581 12.1333332061768 12.1166667938232 12.1166667938232 12.1000003814697 12.0833330154419 12.1000003814697 12.1000003814697 12.0833330154419 12.1000003814697 12.1166667938232 12.1666669845581 12.1333332061768 12.1166667938232 12.1166667938232 12.0999994277954 12.1166667938232 12.1166667938232 12.1166667938232 12.1166667938232 12.0833330154419 12.0666666030884 12.0999994277954 12.0999994277954 12.0999994277954 12.1333332061768 12.1333332061768 12.1333332061768 12.1499996185303 12.1499996185303 12.1499996185303 12.1499996185303 12.1499996185303 12.1666669845581 12.1833333969116 12.1833333969116 12.1666669845581 12.1499996185303 12.1666669845581 12.1666669845581 12.1666669845581 12.1666669845581 12.2333335876465 12.25 12.25 12.25 12.2333335876465 12.2333335876465 12.2333335876465
12.1666669845581 12.1666669845581 12.1666669845581 12.1666669845581 12.1499996185303 12.1333332061768 12.1333332061768 12.1499996185303 12.1666669845581 12.1499996185303 12.1499996185303 12.1499996185303 12.1499996185303 12.1333332061768 12.1333332061768 12.1333332061768 12.1166667938232 12.1166667938232 12.1166667938232 12.1166667938232 12.0999994277954 12.1166667938232 12.0833330154419 12.0999994277954 12.1166667938232 12.1499996185303 12.1499996185303 12.1499996185303 12.1499996185303 12.1499996185303 12.1499996185303 12.1499996185303 12.1499996185303 12.1666669845581 12.216667175293 12.216667175293 12.1833333969116 12.1833333969116 12.1833333969116 12.1833333969116 12.2166662216187 12.2166662216187 12.2333335876465 12.25 12.25 12.25 12.25 12.25 12.25
12.1666669845581 12.1666669845581 12.1666669845581 12.1666669845581 12.1666669845581 12.1666669845581 12.1499996185303 12.1666669845581 12.1666669845581 12.1499996185303 12.1499996185303 12.1499996185303 12.1499996185303 12.1499996185303 12.1499996185303 12.1166667938232 12.1166667938232 12.1499996185303 12.1499996185303 12.1333332061768 12.1166667938232 12.1166667938232 12.1166667938232 12.1166667938232 12.1333332061768 12.1333332061768 12.1499996185303 12.1499996185303 12.1499996185303 12.1499996185303 12.1499996185303 12.1499996185303 12.1499996185303 12.1833333969116 12.216667175293 12.216667175293 12.1999998092651 12.1999998092651 12.1999998092651 12.1999998092651 12.2166662216187 12.2333335876465 12.25 12.25 12.25 12.25 12.25 12.2333335876465 12.25
12.1666669845581 12.1666669845581 12.1666669845581 12.1666669845581 12.1666669845581 12.1666669845581 12.1666669845581 12.1666669845581 12.1499996185303 12.1499996185303 12.1666669845581 12.1833333969116 12.1666669845581 12.1666669845581 12.1666669845581 12.1666669845581 12.1666669845581 12.1833333969116 12.1666669845581 12.1333332061768 12.1166667938232 12.1166667938232 12.1166667938232 12.1333332061768 12.1333332061768 12.1333332061768 12.1499996185303 12.1499996185303 12.1499996185303 12.1499996185303 12.1499996185303 12.1499996185303 12.1499996185303 12.1499996185303 12.1666669845581 12.216667175293 12.216667175293 12.1999998092651 12.1999998092651 12.2166662216187 12.2333335876465 12.25 12.25 12.25 12.25 12.25 12.25 12.25 12.25
12.1666669845581 12.1833333969116 12.1666669845581 12.1666669845581 12.1666669845581 12.1666669845581 12.1666669845581 12.1666669845581 12.1499996185303 12.1499996185303 12.1833333969116 12.1833333969116 12.1833333969116 12.1666669845581 12.1666669845581 12.1666669845581 12.1833333969116 12.1833333969116 12.1999998092651 12.1499996185303 12.1499996185303 12.1333332061768 12.1333332061768 12.1333332061768 12.1333332061768 12.1333332061768 12.1499996185303 12.1499996185303 12.1499996185303 12.1499996185303 12.1499996185303 12.1499996185303 12.1833333969116 12.1999998092651 12.216667175293 12.216667175293 12.216667175293 12.1999998092651 12.1999998092651 12.2333335876465 12.25 12.25 12.25 12.25 12.25 12.25 12.25 12.25 12.2333335876465
