Demos/Rbased/CrashCourse/data/climate_processing/PresentLayers/Pyxidanthera_brevifolia/bio_18.asc
NCOLS 275 
NROWS 194 
XLLCORNER -80.3749999998233 
YLLCORNER 33.9 
CELLSIZE 0.00833333333316008 
NODATA_value -9999 
[rows 80 to 119 of 194, columns 182 to 272 of 275]
389 389 389 389 388 388 389 389 389 391 391 391 391 392 393 395 395 395 396 396 396 398 398 399 399 399 400 401 402 403 403 404 405 406 406 407 407 409 410 410 411 411 413 413 414 414 417 -9999 -9999 -9999 -9999 -9999 -9999 -9999 -9999 -9999 -9999 -9999 -9999 -9999 -9999 -9999 -9999 -9999 -9999 -9999 -9999 -9999 -9999 -9999 -9999 -9999 -9999 -9999 -9999 -9999 -9999 -9999 -9999 -9999 -9999 -9999 -9999 -9999 -9999 -9999 -9999 -9999 -9999 -9999 -9999
389 389 389 390 388 389 389 389 392 392 392 392 392 392 394 395 395 396 396 396 397 398 398 399 399 400 400 401 403 403 404 405 406 406 406 407 407 409 410 411 411 413 413 414 414 414 417 -9999 -9999 -9999 -9999 -9999 -9999 -9999 -9999 -9999 -9999 -9999 -9999 -9999 -9999 -9999 -9999 -9999 -9999 -9999 -9999 -9999 -9999 -9999 -9999 -9999 -9999 -9999 -9999 -9999 -9999 -9999 -9999 -9999 -9999 -9999 -9999 -9999 -9999 -9999 -9999 -9999 -9999 -9999 -9999
389 389 390 390 389 389 390 390 392 392 392 393 393 393 394 395 395 396 396 396 397 398 399 399 399 400 402 403 403 403 404 405 406 406 407 407 410 410 410 411 411 413 413 414 414 415 417 418 -9999 -9999 -9999 -9999 -9999 -9999 -9999 -9999 -9999 -9999 -9999 -9999 -9999 -9999 -9999 -9999 -9999 -9999 -9999 -9999 -9999 -9999 -9999 -9999 -9999 -9999 -9999 -9999 -9999 -9999 -9999 -9999 -9999 -9999 -9999 -9999 -9999 -9999 -9999 -9999 -9999 -9999 -9999
390 390 390 390 390 390 390 391 391 392 393 393 393 393 394 395 396 396 396 397 398 399 399 399 400 401 402 403 403 404 404 406 406 406 407 407 410 410 411 411 413 413 414 415 416 417 417 418 -9999 -9999 -9999 -9999 -9999 -9999 -9999 -9999 -9999 -9999 -9999 -9999 -9999 -9999 -9999 -9999 -9999 -9999 -9999 -9999 -9999 -9999 -9999 -9999 -9999 -9999 -9999 -9999 -9999 -9999 -9999 -9999 -9999 -9999 -9999 -9999 -9999 -9999 -9999 -9999 -9999 -9999 -9999
390 390 390 390 390 390 391 391 392 393 393 393 394 394 394 396 396 396 397 398 398 400 400 401 401 402 403 403 403 404 404 406 406 407 407 410 410 410 411 411 413 413 415 415 417 417 418 418 419 -9999 -9999 -9999 -9999 -9999 -9999 -9999 -9999 -9999 -9999 -9999 -9999 -9999 -9999 -9999 -9999 -9999 -9999 -9999 -9999 -9999 -9999 -9999 -9999 -9999 -9999 -9999 -9999 -9999 -9999 -9999 -9999 -9999 -9999 -9999 -9999 -9999 -9999 -9999 -9999 -9999 -9999
391 391 392 392 391 391 391 391 393 393 393 394 394 394 395 396 396 398 398 399 399 400 400 401 401 403 403 403 404 404 405 406 406 407 408 410 410 411 411 413 413 415 415 417 417 418 418 419 420 -9999 -9999 -9999 -9999 -9999 -9999 -9999 -9999 -9999 -9999 -9999 -9999 -9999 -9999 -9999 -9999 -9999 -9999 -9999 -9999 -9999 -9999 -9999 -9999 -9999 -9999 -9999 -9999 -9999 -9999 -9999 -9999 -9999 -9999 -9999 -9999 -9999 -9999 -9999 -9999 -9999 -9999
391 392 392 392 393 391 391 391 393 393 393 394 394 395 396 396 396 397 398 400 400 400 401 401 401 403 403 404 404 404 406 406 407 407 410 410 411 411 411 413 414 415 415 417 417 418 418 421 421 422 -9999 -9999 -9999 -9999 -9999 -9999 -9999 -9999 -9999 -9999 -9999 -9999 -9999 -9999 -9999 -9999 -9999 -9999 -9999 -9999 -9999 -9999 -9999 -9999 -9999 -9999 -9999 -9999 -9999 -9999 -9999 -9999 -9999 -9999 -9999 -9999 -9999 -9999 -9999 -9999 -9999
392 392 392 392 393 394 391 392 393 393 394 395 394 397 397 396 398 398 398 400 400 400 401 401 403 403 403 404 404 406 406 406 407 408 410 410 411 411 413 413 415 415 417 417 418 418 421 421 422 422 -9999 -9999 -9999 -9999 -9999 -9999 -9999 -9999 -9999 -9999 -9999 -9999 -9999 -9999 -9999 -9999 -9999 -9999 -9999 -9999 -9999 -9999 -9999 -9999 -9999 -9999 -9999 -9999 -9999 -9999 -9999 -9999 -9999 -9999 -9999 -9999 -9999 -9999 -9999 -9999 -9999
392 392 392 393 394 394 392 393 393 394 394 395 396 397 397 397 398 398 398 400 400 401 401 401 403 403 404 404 404 406 407 407 408 408 410 410 411 412 413 414 415 416 417 417 418 418 421 421 422 422 424 -9999 -9999 -9999 -9999 -9999 -9999 -9999 -9999 -9999 -9999 -9999 -9999 -9999 -9999 -9999 -9999 -9999 -9999 -9999 -9999 -9999 -9999 -9999 -9999 -9999 -9999 -9999 -9999 -9999 -9999 -9999 -9999 -9999 -9999 -9999 -9999 -9999 -9999 -9999 -9999
392 392 392 394 394 394 394 394 394 395 395 395 397 397 397 398 398 398 399 400 400 401 401 402 403 403 404 404 406 406 407 408 408 410 410 411 411 413 414 415 415 417 417 418 418 421 421 422 422 424 425 -9999 -9999 -9999 -9999 -9999 -9999 -9999 -9999 -9999 -9999 -9999 -9999 -9999 -9999 -9999 -9999 -9999 -9999 -9999 -9999 -9999 -9999 -9999 -9999 -9999 -9999 -9999 -9999 -9999 -9999 -9999 -9999 -9999 -9999 -9999 -9999 -9999 -9999 -9999 -9999
392 392 393 394 394 394 395 394 395 395 395 396 397 397 398 398 398 399 400 400 401 401 401 403 403 404 404 404 406 407 408 408 408 410 410 411 411 413 414 415 415 417 417 419 420 421 421 422 423 425 425 -9999 -9999 -9999 -9999 -9999 -9999 -9999 -9999 -9999 -9999 -9999 -9999 -9999 -9999 -9999 -9999 -9999 -9999 -9999 -9999 -9999 -9999 -9999 -9999 -9999 -9999 -9999 -9999 -9999 -9999 -9999 -9999 -9999 -9999 -9999 -9999 -9999 -9999 -9999 -9999
393 394 395 395 395 395 395 395 395 395 396 396 397 397 398 398 398 399 400 400 401 401 402 403 403 404 404 405 407 407 408 408 409 410 411 411 413 414 414 415 416 417 418 419 421 421 422 422 425 425 426 426 -9999 -9999 -9999 -9999 -9999 -9999 -9999 -9999 -9999 -9999 -9999 -9999 -9999 -9999 -9999 -9999 -9999 -9999 -9999 -9999 -9999 -9999 -9999 -9999 -9999 -9999 -9999 -9999 -9999 -9999 -9999 -9999 -9999 -9999 -9999 -9999 -9999 -9999 -9999
394 394 395 395 396 396 396 396 395 395 396 396 397 398 398 398 399 399 400 401 401 401 402 403 404 405 405 407 407 408 408 408 410 410 411 411 414 414 415 415 417 417 418 419 421 421 422 424 425 425 426 427 -9999 -9999 -9999 -9999 -9999 -9999 -9999 -9999 -9999 -9999 -9999 -9999 -9999 -9999 -9999 -9999 -9999 -9999 -9999 -9999 -9999 -9999 -9999 -9999 -9999 -9999 -9999 -9999 -9999 -9999 -9999 -9999 -9999 -9999 -9999 -9999 -9999 -9999 -9999
394 395 395 396 396 396 396 396 397 397 396 396 397 398 398 398 399 399 400 401 401 402 402 403 404 404 405 407 407 408 408 408 410 410 411 411 414 414 415 416 417 417 419 420 421 421 422 425 425 426 427 428 429 -9999 -9999 -9999 -9999 -9999 -9999 -9999 -9999 -9999 -9999 -9999 -9999 -9999 -9999 -9999 -9999 -9999 -9999 -9999 -9999 -9999 -9999 -9999 -9999 -9999 -9999 -9999 -9999 -9999 -9999 -9999 -9999 -9999 -9999 -9999 -9999 -9999 -9999
394 394 395 396 396 396 396 397 398 398 399 399 398 398 398 399 399 399 402 402 402 403 404 405 405 405 406 407 407 408 408 410 410 411 411 413 414 415 415 417 417 419 419 421 421 422 424 425 425 426 427 429 430 -9999 -9999 -9999 -9999 -9999 -9999 -9999 -9999 -9999 -9999 -9999 -9999 -9999 -9999 -9999 -9999 -9999 -9999 -9999 -9999 -9999 -9999 -9999 -9999 -9999 -9999 -9999 -9999 -9999 -9999 -9999 -9999 -9999 -9999 -9999 -9999 -9999 -9999
394 394 396 396 396 396 397 397 398 398 399 399 399 399 398 399 400 399 402 402 402 403 403 405 405 405 406 407 408 408 408 410 410 411 411 414 414 415 415 417 417 419 420 421 421 422 424 425 426 427 429 429 431 431 -9999 -9999 -9999 -9999 -9999 -9999 -9999 -9999 -9999 -9999 -9999 -9999 -9999 -9999 -9999 -9999 -9999 -9999 -9999 -9999 -9999 -9999 -9999 -9999 -9999 -9999 -9999 -9999 -9999 -9999 -9999 -9999 -9999 -9999 -9999 -9999 -9999
395 396 396 396 396 397 397 397 398 399 399 399 400 401 400 400 400 402 402 402 403 403 404 405 405 406 407 407 408 408 409 410 411 411 413 414 414 415 416 417 418 419 420 421 422 424 425 425 426 427 429 429 431 433 -9999 -9999 -9999 -9999 -9999 -9999 -9999 -9999 -9999 -9999 -9999 -9999 -9999 -9999 -9999 -9999 -9999 -9999 -9999 -9999 -9999 -9999 -9999 -9999 -9999 -9999 -9999 -9999 -9999 -9999 -9999 -9999 -9999 -9999 -9999 -9999 -9999
397 397 396 396 396 398 398 397 400 400 400 400 401 402 402 403 403 402 402 402 403 403 404 405 405 406 407 407 408 408 410 410 411 411 414 414 415 415 417 417 419 419 421 421 422 424 425 425 427 428 429 431 432 433 434 -9999 -9999 -9999 -9999 -9999 -9999 -9999 -9999 -9999 -9999 -9999 -9999 -9999 -9999 -9999 -9999 -9999 -9999 -9999 -9999 -9999 -9999 -9999 -9999 -9999 -9999 -9999 -9999 -9999 -9999 -9999 -9999 -9999 -9999 -9999 -9999
397 397 397 397 398 398 398 399 400 400 400 401 401 402 403 403 403 404 404 403 403 403 405 405 406 406 407 408 408 409 410 410 411 411 414 414 415 416 417 418 419 420 421 421 423 424 425 425 427 429 429 431 432 433 435 -9999 -9999 -9999 -9999 -9999 -9999 -9999 -9999 -9999 -9999 -9999 -9999 -9999 -9999 -9999 -9999 -9999 -9999 -9999 -9999 -9999 -9999 -9999 -9999 -9999 -9999 -9999 -9999 -9999 -9999 -9999 -9999 -9999 -9999 -9999 -9999
397 397 397 398 398 398 398 400 400 400 401 401 402 403 403 403 403 404 405 405 404 405 405 405 406 406 407 408 408 410 410 410 411 411 414 414 415 416 417 418 419 420 421 421 424 425 425 427 428 429 430 431 433 434 435 435 -9999 -9999 -9999 -9999 -9999 -9999 -9999 -9999 -9999 -9999 -9999 -9999 -9999 -9999 -9999 -9999 -9999 -9999 -9999 -9999 -9999 -9999 -9999 -9999 -9999 -9999 -9999 -9999 -9999 -9999 -9999 -9999 -9999 -9999 -9999
397 397 398 398 398 398 399 400 400 400 401 401 402 403 403 403 404 405 405 406 406 406 405 405 406 406 408 408 408 410 410 411 412 412 414 414 415 416 417 418 420 421 421 423 424 425 425 428 428 429 431 432 433 434 435 436 -9999 -9999 -9999 -9999 -9999 -9999 -9999 -9999 -9999 -9999 -9999 -9999 -9999 -9999 -9999 -9999 -9999 -9999 -9999 -9999 -9999 -9999 -9999 -9999 -9999 -9999 -9999 -9999 -9999 -9999 -9999 -9999 -9999 -9999 -9999
398 399 399 398 398 398 400 400 400 401 401 401 403 403 403 404 404 404 405 406 406 406 406 405 406 407 408 408 409 410 411 412 412 414 414 414 415 417 418 419 420 421 422 424 424 425 425 428 429 430 432 432 434 434 435 437 438 -9999 -9999 -9999 -9999 -9999 -9999 -9999 -9999 -9999 -9999 -9999 -9999 -9999 -9999 -9999 -9999 -9999 -9999 -9999 -9999 -9999 -9999 -9999 -9999 -9999 -9999 -9999 -9999 -9999 -9999 -9999 -9999 -9999 -9999
399 399 399 398 398 400 401 401 402 402 402 403 404 404 404 404 404 404 405 406 406 406 407 407 407 407 408 408 409 411 411 412 412 414 414 415 416 417 418 419 420 421 422 424 425 425 428 428 429 430 432 433 434 435 436 438 439 -9999 -9999 -9999 -9999 -9999 -9999 -9999 -9999 -9999 -9999 -9999 -9999 -9999 -9999 -9999 -9999 -9999 -9999 -9999 -9999 -9999 -9999 -9999 -9999 -9999 -9999 -9999 -9999 -9999 -9999 -9999 -9999 -9999 -9999
399 399 399 399 399 401 401 401 402 402 402 404 404 404 404 405 406 406 407 406 406 406 407 408 408 409 409 409 410 411 411 412 413 414 414 415 416 418 418 420 420 422 423 424 425 427 428 428 429 431 432 434 434 436 437 438 439 440 -9999 -9999 -9999 -9999 -9999 -9999 -9999 -9999 -9999 -9999 -9999 -9999 -9999 -9999 -9999 -9999 -9999 -9999 -9999 -9999 -9999 -9999 -9999 -9999 -9999 -9999 -9999 -9999 -9999 -9999 -9999 -9999 -9999
399 399 399 399 400 401 401 402 402 402 402 404 404 404 405 405 406 407 407 407 408 409 409 410 410 410 409 409 410 411 412 412 413 414 414 415 416 418 418 420 421 422 424 424 426 427 428 428 430 432 433 434 435 436 438 438 440 441 -9999 -9999 -9999 -9999 -9999 -9999 -9999 -9999 -9999 -9999 -9999 -9999 -9999 -9999 -9999 -9999 -9999 -9999 -9999 -9999 -9999 -9999 -9999 -9999 -9999 -9999 -9999 -9999 -9999 -9999 -9999 -9999 -9999
399 399 399 400 401 401 401 402 402 402 402 404 404 404 405 405 406 407 407 407 408 409 409 410 410 410 412 412 411 411 412 412 413 414 414 415 417 418 420 420 422 423 424 424 427 427 428 429 431 432 433 435 436 436 438 439 440 441 442 -9999 -9999 -9999 -9999 -9999 -9999 -9999 -9999 -9999 -9999 -9999 -9999 -9999 -9999 -9999 -9999 -9999 -9999 -9999 -9999 -9999 -9999 -9999 -9999 -9999 -9999 -9999 -9999 -9999 -9999 -9999 -9999
399 399 399 400 401 401 402 402 402 402 404 405 404 405 405 405 407 407 407 407 409 409 409 410 410 411 412 412 413 413 412 413 414 414 414 416 418 418 420 421 422 423 424 426 427 428 428 431 431 432 434 435 436 437 438 440 441 442 442 -9999 -9999 -9999 -9999 -9999 -9999 -9999 -9999 -9999 -9999 -9999 -9999 -9999 -9999 -9999 -9999 -9999 -9999 -9999 -9999 -9999 -9999 -9999 -9999 -9999 -9999 -9999 -9999 -9999 -9999 -9999 -9999
400 400 400 401 402 402 403 403 403 404 405 405 405 406 406 405 407 407 407 408 410 409 410 410 410 412 412 412 413 414 414 415 415 414 415 417 418 418 421 421 423 424 425 427 427 428 430 431 432 433 435 435 437 439 439 441 441 442 444 445 -9999 -9999 -9999 -9999 -9999 -9999 -9999 -9999 -9999 -9999 -9999 -9999 -9999 -9999 -9999 -9999 -9999 -9999 -9999 -9999 -9999 -9999 -9999 -9999 -9999 -9999 -9999 -9999 -9999 -9999 -9999
400 400 401 401 402 403 403 403 403 404 405 405 406 406 406 406 408 408 408 409 410 411 411 411 410 412 412 412 413 414 414 415 415 417 417 417 418 419 421 422 423 424 425 427 427 430 431 431 432 433 435 435 437 439 440 441 441 443 445 445 -9999 -9999 -9999 -9999 -9999 -9999 -9999 -9999 -9999 -9999 -9999 -9999 -9999 -9999 -9999 -9999 -9999 -9999 -9999 -9999 -9999 -9999 -9999 -9999 -9999 -9999 -9999 -9999 -9999 -9999 -9999
400 401 401 402 403 403 403 403 404 404 405 405 406 406 406 408 408 408 409 409 410 411 411 411 413 413 413 414 415 415 416 416 418 418 419 418 418 421 421 422 423 425 426 427 429 430 431 431 434 434 435 436 437 439 440 441 441 444 445 445 448 -9999 -9999 -9999 -9999 -9999 -9999 -9999 -9999 -9999 -9999 -9999 -9999 -9999 -9999 -9999 -9999 -9999 -9999 -9999 -9999 -9999 -9999 -9999 -9999 -9999 -9999 -9999 -9999 -9999 -9999
401 401 401 402 403 403 403 403 404 405 405 406 406 406 408 408 408 408 409 410 410 411 411 412 413 413 413 415 415 416 416 417 418 418 419 420 420 421 421 423 424 425 426 427 430 430 431 432 434 435 436 437 438 440 440 441 444 444 445 446 448 -9999 -9999 -9999 -9999 -9999 -9999 -9999 -9999 -9999 -9999 -9999 -9999 -9999 -9999 -9999 -9999 -9999 -9999 -9999 -9999 -9999 -9999 -9999 -9999 -9999 -9999 -9999 -9999 -9999 -9999
401 401 403 404 404 404 404 405 405 406 406 407 407 407 409 409 409 410 410 410 411 411 411 413 413 413 414 415 415 416 416 418 418 418 420 420 422 423 424 424 424 425 426 428 430 430 431 433 434 436 436 438 438 440 440 442 444 444 445 448 448 449 -9999 -9999 -9999 -9999 -9999 -9999 -9999 -9999 -9999 -9999 -9999 -9999 -9999 -9999 -9999 -9999 -9999 -9999 -9999 -9999 -9999 -9999 -9999 -9999 -9999 -9999 -9999 -9999 -9999
402 402 403 404 404 404 404 405 406 406 407 407 407 407 409 409 409 410 411 411 412 412 413 414 414 414 416 415 416 416 417 418 418 419 421 421 422 423 424 424 425 426 428 428 430 430 433 434 434 436 437 438 439 440 441 443 444 444 447 448 448 450 -9999 -9999 -9999 -9999 -9999 -9999 -9999 -9999 -9999 -9999 -9999 -9999 -9999 -9999 -9999 -9999 -9999 -9999 -9999 -9999 -9999 -9999 -9999 -9999 -9999 -9999 -9999 -9999 -9999
402 403 404 404 404 404 405 406 406 407 407 407 407 408 409 409 410 410 411 412 412 412 414 414 414 415 416 416 417 418 418 419 419 421 421 421 422 423 424 424 427 427 428 429 430 430 433 434 434 437 437 439 440 440 442 443 444 444 447 448 449 451 452 -9999 -9999 -9999 -9999 -9999 -9999 -9999 -9999 -9999 -9999 -9999 -9999 -9999 -9999 -9999 -9999 -9999 -9999 -9999 -9999 -9999 -9999 -9999 -9999 -9999 -9999 -9999 -9999
403 403 404 404 405 406 406 407 407 408 408 408 408 409 409 409 410 411 411 412 412 413 414 414 414 415 416 417 418 418 419 419 421 421 421 422 424 425 425 427 427 427 429 431 431 433 433 434 435 437 438 439 441 441 443 443 444 447 447 448 449 451 453 -9999 -9999 -9999 -9999 -9999 -9999 -9999 -9999 -9999 -9999 -9999 -9999 -9999 -9999 -9999 -9999 -9999 -9999 -9999 -9999 -9999 -9999 -9999 -9999 -9999 -9999 -9999 -9999
404 405 405 405 405 406 406 407 407 408 408 408 409 410 410 411 411 412 413 413 413 415 415 415 415 416 416 417 418 418 419 419 422 422 423 424 424 426 426 427 428 430 430 432 433 434 436 434 436 437 439 440 441 442 443 444 446 447 447 449 450 451 453 453 -9999 -9999 -9999 -9999 -9999 -9999 -9999 -9999 -9999 -9999 -9999 -9999 -9999 -9999 -9999 -9999 -9999 -9999 -9999 -9999 -9999 -9999 -9999 -9999 -9999 -9999 -9999
404 405 405 405 405 406 406 406 407 408 408 408 409 410 410 411 411 412 413 413 414 415 415 415 417 417 417 418 419 420 420 421 422 422 424 424 425 426 428 428 429 430 430 432 433 434 436 436 436 437 438 440 442 442 443 446 446 447 448 450 450 452 453 454 -9999 -9999 -9999 -9999 -9999 -9999 -9999 -9999 -9999 -9999 -9999 -9999 -9999 -9999 -9999 -9999 -9999 -9999 -9999 -9999 -9999 -9999 -9999 -9999 -9999 -9999 -9999
404 405 405 405 406 406 406 406 408 408 408 409 410 410 411 411 412 412 413 413 414 415 415 415 417 417 417 419 419 420 421 422 422 423 424 425 427 427 428 429 430 430 432 433 434 435 436 437 439 438 439 440 442 442 445 446 446 448 450 450 452 452 453 455 456 -9999 -9999 -9999 -9999 -9999 -9999 -9999 -9999 -9999 -9999 -9999 -9999 -9999 -9999 -9999 -9999 -9999 -9999 -9999 -9999 -9999 -9999 -9999 -9999 -9999 -9999
404 405 405 405 407 407 408 409 409 409 409 410 411 411 412 412 413 412 413 413 414 415 415 415 417 417 418 419 419 420 422 423 424 425 425 426 427 427 429 430 431 432 433 433 435 435 436 438 439 439 440 440 442 444 445 446 446 449 450 451 452 452 454 455 456 -9999 -9999 -9999 -9999 -9999 -9999 -9999 -9999 -9999 -9999 -9999 -9999 -9999 -9999 -9999 -9999 -9999 -9999 -9999 -9999 -9999 -9999 -9999 -9999 -9999 -9999
405 406 406 407 407 407 408 409 409 409 409 410 411 411 412 412 413 414 414 414 416 416 416 418 418 417 418 420 421 422 422 423 424 425 425 427 427 428 430 431 431 432 433 433 435 437 437 438 439 442 441 441 442 445 445 446 447 449 450 451 452 453 455 456 456 459 -9999 -9999 -9999 -9999 -9999 -9999 -9999 -9999 -9999 -9999 -9999 -9999 -9999 -9999 -9999 -9999 -9999 -9999 -9999 -9999 -9999 -9999 -9999 -9999 -9999
