Demos/Rbased/CrashCourse/data/climate_processing/PresentLayers/Pyxidanthera_brevifolia/bio_15.asc
NCOLS 275 
NROWS 194 
XLLCORNER -80.3749999998233 
YLLCORNER 33.9 
CELLSIZE 0.00833333333316008 
NODATA_value -9999 
[rows 63 to 83 of 194, columns 144 to 191 of 275]
19.8227195739746 19.6616153717041 19.7645988464355 19.8665466308594 20.0344772338867 20.0344772338867 20.0344772338867 20.0344772338867 19.9479312896729 19.9479312896729 20.0443668365479 20.0948314666748 20.2289791107178 19.9762496948242 20.1485977172852 20.041166305542 19.997501373291 19.997501373291 20.0454177856445 20.1127681732178 20.2722053527832 20.2933044433594 20.4191665649414 20.4191665649414 20.5205001831055 20.4819316864014 20.5413722991943 20.5027713775635 20.3608684539795 20.3455429077148 20.4957847595215 20.5176601409912 20.4934940338135 20.6239643096924 20.8868007659912 20.8868007659912 20.8868007659912 21.150354385376 21.144624710083 21.2754974365234 21.0908603668213 21.0908603668213 21.21999168396 21.2517375946045 21.2231769561768 21.4031085968018 21.2923488616943 21.5611915588379
19.8227195739746 19.8227195739746 20.0256690979004 20.0219764709473 19.8634757995605 19.9462261199951 20.0344772338867 20.1626625061035 20.1647720336914 20.0364208221436 20.0443668365479 20.1007556915283 20.2289791107178 20.2719688415527 20.1485977172852 20.3190784454346 20.1509170532227 20.1990280151367 20.1990280151367 20.4197216033936 20.2722053527832 20.4329624176025 20.4329624176025 20.280876159668 20.280876159668 20.4329624176025 20.5205001831055 20.6483116149902 20.4431953430176 20.4431953430176 20.5480365753174 20.570182800293 20.570182800293 20.7736015319824 20.7812595367432 20.8868007659912 20.8868007659912 20.8949661254883 21.1230163574219 21.2511596679688 21.2307243347168 21.382438659668 21.382438659668 21.4954433441162 21.4419765472412 21.5954532623291 21.3773384094238 21.6706314086914
20.1132526397705 20.1511669158936 20.1932430267334 20.191593170166 20.1331748962402 20.1626625061035 20.1331748962402 20.0850868225098 20.1647720336914 20.1647720336914 20.1410160064697 20.27463722229 20.2289791107178 20.2212944030762 20.2646026611328 20.3190784454346 20.329797744751 20.2066822052002 20.2066822052002 20.3063907623291 20.4117946624756 20.4329624176025 20.4329624176025 20.4329624176025 20.4329624176025 20.5638790130615 20.6222743988037 20.6483116149902 20.8520431518555 20.963171005249 20.963171005249 20.7580299377441 20.8089599609375 20.921350479126 20.7812595367432 20.984842300415 20.8868007659912 21.0459022521973 21.2461585998535 21.382438659668 21.4359531402588 21.4359531402588 21.4954433441162 21.4419765472412 21.5954532623291 21.5954532623291 21.5954532623291 21.7339286804199
19.8735694885254 19.9687423706055 19.9687423706055 19.9687423706055 20.0219764709473 20.1932926177979 20.1945705413818 20.3223552703857 20.1357269287109 20.1177501678467 20.1647720336914 20.27463722229 20.2289791107178 20.2719688415527 20.2212944030762 20.3190784454346 20.4344959259033 20.2066822052002 20.4344959259033 20.3120212554932 20.5562648773193 20.5712642669678 20.6222743988037 20.6222743988037 20.7124214172363 20.683765411377 20.8404731750488 20.8404731750488 20.8229598999023 20.9348526000977 20.9348526000977 20.9348526000977 20.9348526000977 20.963171005249 21.0459022521973 21.1356067657471 21.0459022521973 21.0459022521973 21.2461585998535 21.3285980224609 21.3285980224609 21.3285980224609 21.5954532623291 21.5954532623291 21.5954532623291 21.7511539459229 21.7511539459229 21.8469104766846
20.1287536621094 20.1287536621094 20.1287536621094 20.1287536621094 19.9687423706055 20.1553745269775 20.0667324066162 20.1945705413818 20.3223552703857 20.3223552703857 20.3223552703857 20.214017868042 20.3190784454346 20.3190784454346 20.3190784454346 20.329797744751 20.5650768280029 20.5650768280029 20.5364017486572 20.5650768280029 20.6721534729004 20.5712642669678 20.6222743988037 20.6222743988037 20.6222743988037 20.6222743988037 20.7438697814941 20.7518539428711 20.8594627380371 20.9492053985596 20.9996280670166 20.9996280670166 20.963171005249 21.0668334960938 21.21999168396 21.329309463501 21.329309463501 21.4419765472412 21.3285980224609 21.3285980224609 21.4824504852295 21.4824504852295 21.5954532623291 21.5954532623291 21.7511539459229 21.7511539459229 21.797061920166 21.9132785797119
20.1287536621094 20.1287536621094 20.1287536621094 20.1287536621094 20.1278324127197 20.3638935089111 20.2048435211182 20.3223552703857 20.4167175292969 20.4212436676025 20.4212436676025 20.4299163818359 20.4778308868408 20.4758605957031 20.6064128875732 20.6165103912354 20.6165103912354 20.7202301025391 20.5832824707031 20.4735488891602 20.4735488891602 20.5787811279297 20.7094974517822 20.7094974517822 20.7094974517822 20.8334655761719 20.8817024230957 20.8955230712891 20.8955230712891 20.8955230712891 21.0030212402344 21.1009063720703 21.1009063720703 21.1245918273926 21.21999168396 21.329309463501 21.4419765472412 21.4419765472412 21.5954532623291 21.4824504852295 21.4824504852295 21.5954532623291 21.5954532623291 21.701244354248 21.701244354248 21.8133544921875 21.797061920166 22.0697078704834
20.257698059082 20.1287536621094 20.1287536621094 20.1287536621094 20.2172527313232 20.2621116638184 20.3545703887939 20.5817260742188 20.5782680511475 20.4212436676025 20.4212436676025 20.4212436676025 20.4212436676025 20.4297580718994 20.478271484375 20.4778308868408 20.5220737457275 20.5832824707031 20.5962104797363 20.4735488891602 20.4735488891602 20.5787811279297 20.5787811279297 20.7094974517822 20.8334655761719 20.8334655761719 20.8334655761719 20.8859977722168 20.9339065551758 20.8955230712891 21.0030212402344 21.0030212402344 21.0030212402344 21.2038097381592 21.3647708892822 21.3647708892822 21.2500343322754 21.3605518341064 21.3605518341064 21.4664096832275 21.5457286834717 21.6585063934326 21.701244354248 21.701244354248 21.8133544921875 21.953893661499 21.953893661499 21.9858627319336
20.4193458557129 20.257698059082 20.257698059082 20.2172527313232 20.2172527313232 20.2621116638184 20.4914093017578 20.5817260742188 20.6251220703125 20.5782680511475 20.5782680511475 20.5782680511475 20.5782680511475 20.5860691070557 20.478271484375 20.478271484375 20.5826206207275 20.5826206207275 20.6391086578369 20.5962104797363 20.6049194335938 20.7094974517822 20.7094974517822 20.7094974517822 20.8334655761719 20.8334655761719 20.8334655761719 20.8334655761719 21.0387992858887 21.0387992858887 21.1941299438477 21.1566467285156 21.2660827636719 21.2660827636719 21.3556632995605 21.3556632995605 21.3647708892822 21.474702835083 21.3605518341064 21.7587795257568 21.846887588501 21.846887588501 21.846887588501 21.7344226837158 21.9858627319336 21.9858627319336 21.9858627319336 22.0972118377686
20.470272064209 20.4193458557129 20.506591796875 20.6337909698486 20.3902645111084 20.3809089660645 20.4804573059082 20.5847949981689 20.5847949981689 20.6251220703125 20.5782680511475 20.5782680511475 20.5860691070557 20.5860691070557 20.6347694396973 20.6347694396973 20.7375297546387 20.7489261627197 20.7489261627197 20.8793296813965 20.8817024230957 20.8645095825195 20.8645095825195 20.9705772399902 20.9861145019531 20.9861145019531 21.0387992858887 21.0387992858887 21.0387992858887 21.0387992858887 21.1463794708252 21.2547950744629 21.2547950744629 21.2547950744629 21.3556632995605 21.3647708892822 21.474702835083 21.7587795257568 21.7587795257568 21.5152225494385 21.846887588501 21.846887588501 21.846887588501 21.9874458312988 22.0976333618164 21.9393844604492 22.0972118377686 22.2130031585693
20.470272064209 20.5587615966797 20.6337909698486 20.6781253814697 20.6781253814697 20.5413856506348 20.6415710449219 20.5847949981689 20.5847949981689 20.6251220703125 20.6251220703125 20.5860691070557 20.5860691070557 20.6347694396973 20.6347694396973 20.7375297546387 20.7375297546387 20.8793296813965 20.8793296813965 20.8793296813965 20.8793296813965 20.9833869934082 20.8645095825195 20.9861145019531 20.9861145019531 21.0387992858887 21.0387992858887 21.0387992858887 21.0387992858887 21.0387992858887 21.1463794708252 21.2547950744629 21.4079322814941 21.4079322814941 21.4977970123291 21.4977970123291 21.4977970123291 21.5820541381836 21.4679431915283 21.5789108276367 21.7344226837158 22.0032825469971 22.0032825469971 21.9874458312988 22.0514850616455 22.0972118377686 22.0972118377686 22.2130031585693
20.6857261657715 20.6842937469482 20.6842937469482 20.6684284210205 20.6781253814697 20.6684284210205 20.6415710449219 20.7427291870117 20.7427291870117 20.7427291870117 20.6251220703125 20.6324424743652 20.6814022064209 20.6347694396973 20.7375297546387 20.8678283691406 20.8793296813965 20.8793296813965 20.8793296813965 20.8793296813965 20.8793296813965 20.8793296813965 21.1029853820801 20.9819450378418 20.9861145019531 20.9861145019531 21.0387992858887 21.0387992858887 21.0387992858887 21.1938533782959 21.4079322814941 21.4079322814941 21.4079322814941 21.4079322814941 21.4079322814941 21.4079322814941 21.4977970123291 21.6079921722412 21.7627906799316 21.7682647705078 22.0110950469971 21.9570922851562 21.9415302276611 21.9956855773926 22.2089443206787 22.2089443206787 22.0972118377686 22.3724746704102
20.8476409912109 20.6842937469482 20.7289047241211 20.7187900543213 20.6684284210205 20.7684917449951 20.7684917449951 20.7427291870117 20.7427291870117 20.7427291870117 20.7490482330322 20.7899360656738 20.6814022064209 20.7653846740723 20.8678283691406 20.8678283691406 20.8793296813965 20.8793296813965 20.8793296813965 20.8793296813965 20.8793296813965 20.9833869934082 21.1029853820801 21.1029853820801 21.0351963043213 21.1890449523926 21.1494636535645 21.1494636535645 21.1938533782959 21.1938533782959 21.4079322814941 21.4079322814941 21.4079322814941 21.4079322814941 21.4079322814941 21.5632629394531 21.5632629394531 21.7627906799316 21.8707103729248 21.6673183441162 21.8818092346191 21.9570922851562 21.9415302276611 22.2089443206787 22.2089443206787 22.2089443206787 22.2139415740967 22.3296413421631
20.8455867767334 20.8455867767334 20.8797607421875 20.7187900543213 20.8291664123535 20.8690395355225 20.7684917449951 20.8690395355225 20.7427291870117 20.7490482330322 20.7490482330322 20.7490482330322 20.9288368225098 21.0691184997559 21.0691184997559 21.0794086456299 21.0351963043213 21.0351963043213 21.0351963043213 21.0351963043213 21.0351963043213 21.1389389038086 21.2562313079834 21.2562313079834 21.3092460632324 21.3092460632324 21.1890449523926 21.1494636535645 21.1494636535645 21.1494636535645 21.3636341094971 21.4538249969482 21.3636341094971 21.518741607666 21.6087512969971 21.6087512969971 21.6087512969971 21.8265933990479 21.8265933990479 21.8924427032471 21.8801498413086 22.2570877075195 22.2089443206787 22.2634181976318 22.2089443206787 22.3256168365479 22.4740428924561 22.4740428924561
20.8346309661865 20.8346309661865 20.8797607421875 20.8797607421875 20.8815517425537 20.8175430297852 20.8690395355225 20.7684917449951 20.8690395355225 20.7490482330322 20.7490482330322 20.9288368225098 20.9288368225098 21.0286140441895 21.0386085510254 21.0794086456299 21.0351963043213 21.0351963043213 21.0351963043213 21.0351963043213 21.0351963043213 21.0497932434082 21.2562313079834 21.2562313079834 21.2562313079834 21.3092460632324 21.1890449523926 21.1890449523926 21.1890449523926 21.1890449523926 21.4538249969482 21.6087512969971 21.6087512969971 21.6087512969971 21.6087512969971 21.6087512969971 21.8490409851074 21.8265933990479 22.122730255127 21.9817390441895 22.122730255127 22.2004947662354 22.2433643341064 22.2089443206787 22.3588523864746 22.4740428924561 22.4740428924561 22.4740428924561
20.8455867767334 20.8904151916504 20.8797607421875 20.8815517425537 20.9763355255127 20.9763355255127 20.9763355255127 20.8690395355225 20.8754920959473 20.8754920959473 20.8797607421875 20.9288368225098 20.9288368225098 21.0386085510254 21.0386085510254 21.0386085510254 21.0386085510254 21.0386085510254 21.0386085510254 21.0351963043213 21.0497932434082 21.1524810791016 21.3092460632324 21.3092460632324 21.3092460632324 21.3092460632324 21.3092460632324 21.1890449523926 21.3450889587402 21.6735858917236 21.6467437744141 21.6467437744141 21.6467437744141 21.7394943237305 21.7394943237305 21.6087512969971 22.0052089691162 22.0164623260498 22.122730255127 22.122730255127 22.122730255127 22.2004947662354 22.2004947662354 22.3588523864746 22.3588523864746 22.4740428924561 22.4740428924561 22.6340026855469
20.8455867767334 20.8797607421875 20.8797607421875 20.8815517425537 20.9763355255127 20.9763355255127 20.9763355255127 20.9763355255127 21.2112865447998 21.1637935638428 21.2126789093018 21.0878620147705 21.1861038208008 21.0386085510254 21.0386085510254 21.0386085510254 21.0386085510254 21.0386085510254 21.0386085510254 21.052417755127 21.1540241241455 21.1114044189453 21.3092460632324 21.3092460632324 21.3995761871338 21.4648342132568 21.4648342132568 21.4648342132568 21.3450889587402 21.6714305877686 21.7774620056152 21.6467437744141 21.6467437744141 21.6467437744141 21.9330348968506 21.9330348968506 22.0422840118408 22.0164623260498 22.0164623260498 22.122730255127 22.279935836792 22.2004947662354 22.4139881134033 22.3588523864746 22.4740428924561 22.4740428924561 22.6340026855469 22.5946464538574
21.0489635467529 20.8797607421875 20.8797607421875 20.8815517425537 20.9763355255127 20.9763355255127 20.9763355255127 20.9814472198486 21.1114044189453 21.2112865447998 21.2126789093018 21.3106651306152 21.3200645446777 21.195384979248 21.195384979248 21.195384979248 21.195384979248 21.195384979248 21.2084503173828 21.2084503173828 21.3085346221924 21.3085346221924 21.2669086456299 21.4241390228271 21.4241390228271 21.6859588623047 21.6458969116211 21.6458969116211 21.5280342102051 21.6595554351807 21.8952255249023 21.7774620056152 21.8924427032471 21.8924427032471 21.8924427032471 21.8924427032471 22.0020008087158 22.0539131164551 22.122730255127 22.122730255127 22.3918838500977 22.3588523864746 22.5448055267334 22.3588523864746 22.4740428924561 22.5946464538574 22.5946464538574 22.701208114624
21.0489635467529 21.0945682525635 21.0439777374268 20.9763355255127 20.9763355255127 21.1061630249023 21.1061630249023 21.1114044189453 21.1114044189453 21.1114044189453 21.2604236602783 21.2126789093018 21.3200645446777 21.3200645446777 21.195384979248 21.195384979248 21.195384979248 21.2084503173828 21.2084503173828 21.3085346221924 21.3085346221924 21.3085346221924 21.3625984191895 21.4660549163818 21.555980682373 21.555980682373 21.6458969116211 21.6458969116211 21.7494239807129 21.7494239807129 22.0100994110107 22.0100994110107 21.8924427032471 21.8924427032471 21.8924427032471 21.8924427032471 22.1067867279053 22.2623157501221 22.2751770019531 22.2751770019531 22.2751770019531 22.3758869171143 22.5448055267334 22.3194694519043 22.5946464538574 22.5946464538574 22.5946464538574 22.8542995452881
21.0945682525635 21.0952548980713 21.1877021789551 21.1372489929199 21.1061630249023 21.1061630249023 21.1114044189453 21.1114044189453 21.1114044189453 21.1608924865723 21.2581539154053 21.3665142059326 21.3200645446777 21.3665142059326 21.3200645446777 21.195384979248 21.195384979248 21.2084503173828 21.3085346221924 21.3085346221924 21.3085346221924 21.3085346221924 21.3625984191895 21.4660549163818 21.5978527069092 21.5978527069092 21.555980682373 21.6458969116211 21.9046325683594 21.9046325683594 22.0100994110107 22.0100994110107 22.0100994110107 21.8924427032471 21.8924427032471 21.8924427032471 22.2623157501221 22.2623157501221 22.2751770019531 22.2751770019531 22.2751770019531 22.5342712402344 22.5060062408447 22.7249794006348 22.5946464538574 22.5946464538574 22.8952178955078 22.8886260986328
21.0945682525635 21.1877021789551 21.1877021789551 21.266508102417 21.2058601379395 21.2058601379395 21.2710781097412 21.2710781097412 21.2710781097412 21.2581539154053 21.2669086456299 21.2669086456299 21.3665142059326 21.3665142059326 21.3200645446777 21.3200645446777 21.2084503173828 21.2084503173828 21.3085346221924 21.3085346221924 21.3085346221924 21.3085346221924 21.4950008392334 21.5193843841553 21.7537803649902 21.7537803649902 21.7537803649902 21.9448509216309 21.9046325683594 21.9046325683594 22.0100994110107 22.0100994110107 22.0100994110107 22.0100994110107 22.0498371124268 22.1532783508301 22.2623157501221 22.2623157501221 22.2623157501221 22.2751770019531 22.4332256317139 22.5342712402344 22.6656894683838 22.7249794006348 22.7605171203613 22.6223754882812 22.8886260986328 22.8523616790771
21.0945682525635 21.1877021789551 21.3168869018555 21.4163436889648 21.3659191131592 21.4149551391602 21.2710781097412 21.2336158752441 21.2835807800293 21.3790493011475 21.3868103027344 21.3868103027344 21.3665142059326 21.3665142059326 21.3665142059326 21.3665142059326 21.33323097229 21.4656257629395 21.4950008392334 21.4950008392334 21.6138019561768 21.481653213501 21.6138019561768 21.6138019561768 21.7166576385498 21.7166576385498 21.7537803649902 21.9448509216309 21.9448509216309 22.0503692626953 22.0503692626953 22.0503692626953 22.0100994110107 22.1670722961426 22.0127296447754 22.1158866882324 22.2252140045166 22.2252140045166 22.3961277008057 22.3961277008057 22.5083312988281 22.5083312988281 22.7605171203613 22.929235458374 22.7605171203613 22.9134654998779 22.8777618408203 22.8523616790771
