Demos/Rbased/CrashCourse/data/climate_processing/PresentLayers/Pyxidanthera_brevifolia/bio_3.asc
NCOLS 275 
NROWS 194 
XLLCORNER -80.3749999998233 
YLLCORNER 33.9 
CELLSIZE 0.00833333333316008 
NODATA_value -9999 
[rows 154 to 175 of 194, columns 96 to 143 of 275]
40.6801681518555 40.706127166748 40.7840118408203 40.8099708557129 40.6314735412598 40.7091102600098 40.7091102600098 40.7091102600098 40.734992980957 40.786750793457 40.7378768920898 40.7636756896973 40.7636756896973 40.7894744873047 40.7894744873047 40.7894744873047 40.7894744873047 40.8410758972168 40.792179107666 40.843620300293 40.9464988708496 40.843620300293 40.843620300293 40.843620300293 40.843620300293 40.9207801818848 40.9464988708496 40.8693389892578 40.8693389892578 40.9958724975586 40.9958724975586 40.9700736999512 41.0714302062988 41.0973091125488 40.9958724975586 41.0474739074707 40.9465026855469 40.9465026855469 41.0216751098633 41.0474739074707 40.9722213745117 41.0474739074707 41.2008285522461 41.124870300293 41.0990715026855 41.0990715026855 41.0973091125488 40.9937896728516
40.8333358764648 40.8072929382324 40.706127166748 40.7580490112305 40.8099708557129 40.8359298706055 40.734992980957 40.760871887207 40.8385124206543 40.786750793457 40.8385124206543 40.7378768920898 40.7636756896973 40.7894744873047 40.8410758972168 40.8152770996094 40.8152770996094 40.8668746948242 40.8178977966309 40.8950576782227 40.769229888916 40.8205108642578 40.8950614929199 40.8693389892578 40.8693389892578 40.843620300293 40.843620300293 40.8693389892578 40.8693389892578 40.9958724975586 40.9700698852539 40.9700698852539 40.9700698852539 40.9700698852539 41.0714302062988 40.9958724975586 40.9958724975586 41.0973091125488 40.9958724975586 40.9958724975586 41.0714302062988 41.1231918334961 41.0732727050781 41.0990715026855 41.1749496459961 41.0973091125488 41.0973091125488 41.0436134338379
40.7320861816406 40.784008026123 40.7580490112305 40.7320899963379 40.7580490112305 40.7840118408203 40.8359298706055 40.734992980957 40.760871887207 40.812629699707 40.9161529541016 40.8410720825195 40.9161529541016 40.9161529541016 40.7894744873047 40.8410758972168 40.8410758972168 40.7407417297363 40.792179107666 40.9442710876465 40.9207801818848 40.9465026855469 40.9465026855469 40.8950614929199 40.8693428039551 40.9207801818848 40.9465026855469 40.9465026855469 41.021671295166 40.9958724975586 40.9958724975586 41.0474700927734 41.0474700927734 41.021671295166 41.021671295166 41.0732688903809 41.021671295166 41.0973091125488 41.0714302062988 41.1490707397461 41.1749496459961 41.1490707397461 41.021671295166 41.0990676879883 41.124870300293 41.0973091125488 41.1993789672852 41.1458320617676
40.7320861816406 40.7580451965332 40.8099670410156 40.8099670410156 40.706127166748 40.8099708557129 40.8099708557129 40.9138145446777 40.9397735595703 40.763671875 40.8152732849121 40.866870880127 40.8926696777344 40.866870880127 40.9420318603516 40.9420318603516 40.9420318603516 40.9184722900391 40.9184722900391 40.843620300293 40.9207801818848 40.9465026855469 40.9465026855469 40.9465026855469 40.9465026855469 40.9465026855469 40.9465026855469 40.9207801818848 40.9722213745117 40.843620300293 40.9958686828613 40.9958686828613 41.021671295166 41.021671295166 41.0474700927734 41.0732688903809 41.0732688903809 41.1231918334961 41.1231918334961 41.1490707397461 41.1231918334961 41.0973091125488 41.0990676879883 41.124870300293 41.1490707397461 41.1734199523926 41.1214981079102 41.0677070617676
40.6801643371582 40.7580451965332 40.8359298706055 40.861888885498 40.8359298706055 40.8099670410156 40.8099708557129 40.8618927001953 40.9397735595703 40.9397735595703 40.8385124206543 40.8385124206543 40.8385124206543 40.8643913269043 40.8902702331543 40.9161491394043 40.9161491394043 40.866870880127 40.8410720825195 40.9184722900391 40.8950614929199 40.9207801818848 40.8693389892578 40.9207801818848 40.9207801818848 40.9207801818848 40.9465026855469 40.9207801818848 40.9207801818848 40.9207801818848 41.021671295166 41.021671295166 40.9958686828613 41.021671295166 41.021671295166 41.021671295166 41.0714302062988 41.1231918334961 41.1231918334961 41.1749496459961 41.1231880187988 41.1490707397461 41.1231880187988 41.2253379821777 41.1734199523926 41.0955352783203 41.1979179382324 41.0416679382324
40.7580451965332 40.7580451965332 40.784008026123 40.8359298706055 40.8099670410156 40.9114608764648 40.8854179382324 40.7580490112305 40.8359298706055 40.8618927001953 40.8618927001953 40.9138145446777 40.812629699707 40.812629699707 40.8385124206543 40.8643913269043 40.9161491394043 40.9420280456543 40.8410720825195 40.9958686828613 40.9442710876465 40.843620300293 40.843620300293 40.8693428039551 40.8693428039551 40.8693428039551 40.9207801818848 40.9465026855469 40.9465026855469 40.9207801818848 40.9958686828613 40.9958686828613 41.0973052978516 41.1231880187988 40.9700698852539 41.0714302062988 41.0714302062988 41.1231918334961 41.1231918334961 41.1231918334961 41.2253379821777 41.1734161376953 41.1734199523926 41.1474571228027 41.0176544189453 41.0436172485352 41.171875 41.0677070617676
40.7580451965332 40.7580451965332 40.784008026123 40.8099670410156 40.784008026123 40.9895858764648 40.8593788146973 40.8593788146973 40.9114608764648 40.8359298706055 40.9114570617676 40.8878517150879 40.8878517150879 40.8878517150879 40.786750793457 40.8643913269043 40.8902702331543 40.8643913269043 40.8410720825195 40.8926696777344 41.0196685791016 40.9420280456543 40.8410720825195 40.8926734924316 40.9679069519043 40.9958724975586 41.021671295166 40.9958686828613 41.0973052978516 41.0973052978516 41.0973052978516 41.0714263916016 41.1231880187988 41.1490669250488 41.1734161376953 41.1734161376953 41.1734161376953 41.1474571228027 41.0955352783203 41.1474571228027 41.0695762634277 41.0955352783203 41.1214981079102 41.0955352783203 41.1214981079102 41.0436134338379 41.0176544189453 41.09375
40.8333358764648 40.7580451965332 40.8854141235352 40.8854141235352 40.859375 41.0397071838379 40.9613380432129 40.8593788146973 40.9114608764648 40.9635429382324 40.8359298706055 40.8099708557129 40.8359298706055 40.8878517150879 40.8878517150879 40.9397735595703 40.8902702331543 40.8643913269043 40.9679069519043 40.890266418457 40.9161491394043 40.9161491394043 40.9420280456543 40.9420280456543 40.9420280456543 40.9420280456543 41.0196685791016 41.1231880187988 41.1231880187988 41.1490669250488 41.1231880187988 41.1749458312988 41.1490669250488 41.1490669250488 41.1734161376953 41.1993789672852 41.1734161376953 41.0695762634277 41.0695762634277 41.0176544189453 41.0436134338379 41.0695762634277 41.2239608764648 41.1979179382324 41.171875 41.1458358764648 41.09375 41.09375
40.8072929382324 40.7812538146973 40.8854141235352 40.9375 40.9874610900879 41.0135841369629 41.0135841369629 40.9613380432129 40.859375 40.9114608764648 40.9114608764648 40.9375 40.8099708557129 40.8359298706055 40.8618927001953 40.9138107299805 40.9657325744629 40.9657325744629 41.0176544189453 40.864387512207 40.9161491394043 40.864387512207 40.9420280456543 40.9420280456543 40.9420280456543 40.9420280456543 40.9679069519043 41.0973052978516 41.0973052978516 41.1231880187988 41.1749458312988 41.1490669250488 41.1490669250488 41.0714263916016 41.1474571228027 41.1474571228027 41.1474571228027 41.0176544189453 40.9916954040527 41.09375 41.09375 41.1197929382324 41.09375 41.0677108764648 41.1441993713379 41.2486953735352 41.0416679382324 40.9895820617676
40.8072929382324 40.7812538146973 40.9613380432129 40.9375 41.0135841369629 40.9874610900879 40.9874610900879 40.9874610900879 40.8568458557129 40.8854179382324 40.9613380432129 41.0397071838379 41.0397071838379 40.7840118408203 40.8618927001953 40.9138107299805 40.9138107299805 40.8618927001953 40.9397735595703 40.8902702331543 40.864387512207 40.864387512207 40.890266418457 40.9420280456543 40.9420280456543 40.9937858581543 40.9679069519043 41.0196685791016 41.0455474853516 41.0714263916016 41.0714263916016 41.0455474853516 41.2253341674805 41.1993751525879 41.2239608764648 41.1979179382324 41.0695762634277 41.0176544189453 41.09375 41.09375 41.09375 41.0677108764648 41.015625 41.1687622070312 41.1687622070312 41.0919532775879 41.1180763244629 40.9635429382324
40.8854179382324 40.8072929382324 40.9090919494629 40.9635391235352 40.8333320617676 41.0901489257812 41.0901489257812 41.0135841369629 40.9352149963379 40.9352149963379 40.8854179382324 40.9874610900879 40.9375038146973 40.9375 40.8618927001953 40.9397735595703 40.8878517150879 40.9138107299805 40.9138107299805 40.9397735595703 40.9657325744629 40.9916915893555 40.939769744873 40.9657325744629 40.8902702331543 40.9420280456543 40.9679069519043 40.9679069519043 40.9937896728516 41.0455474853516 41.1734161376953 41.1214942932129 41.1474533081055 41.1474533081055 41.2239608764648 41.1979179382324 41.1458358764648 41.1458358764648 41.2225723266602 41.09375 41.015625 41.0919570922852 41.1687622070312 41.1425590515137 41.1163520812988 41.0135841369629 41.0397071838379 41.0658302307129
40.8593788146973 40.8072929382324 40.9090919494629 40.9375 40.8854141235352 41.0901489257812 41.0377349853516 40.9874610900879 40.9874610900879 40.9352149963379 40.9874610900879 40.9352149963379 40.9375 40.9114608764648 40.9635429382324 41.015625 40.9138145446777 40.8878517150879 41.015625 41.015625 41.015625 41.0416679382324 40.9657325744629 41.09375 41.0677108764648 41.0176544189453 40.9679069519043 40.9937858581543 41.0196685791016 41.1214942932129 41.095531463623 41.1214942932129 41.0955352783203 41.1214942932129 41.171875 41.1458358764648 41.171875 41.1197929382324 41.1197929382324 41.0416679382324 41.0658302307129 41.1687622070312 41.1425590515137 41.0115280151367 41.0639419555664 41.0639419555664 40.9874610900879 40.9352149963379
-9999 -9999 -9999 40.9375 40.9114570617676 40.9352111816406 41.0377349853516 41.0901489257812 41.0135841369629 40.9352149963379 40.9613380432129 40.9874610900879 40.859375 40.9114608764648 40.9375 40.9635429382324 41.0416679382324 41.015625 40.9895858764648 41.015625 41.0677108764648 41.0677108764648 41.0416679382324 41.0416679382324 41.09375 41.09375 41.1197929382324 41.171875 41.1214942932129 41.0955352783203 41.0695724487305 41.0695724487305 41.0695724487305 41.0955352783203 41.1979179382324 41.1458358764648 41.171875 41.0677108764648 41.015625 41.0919570922852 41.1425590515137 41.1425590515137 41.0115280151367 40.9831733703613 41.009464263916 40.9329147338867 40.9853248596191 40.8829689025879
-9999 -9999 -9999 -9999 -9999 -9999 -9999 -9999 -9999 -9999 40.9352149963379 40.9874610900879 40.9613380432129 40.8333358764648 40.9375 40.9635429382324 40.9895858764648 41.015625 41.015625 41.0416679382324 41.015625 41.0416679382324 41.0416679382324 41.09375 41.09375 41.1197929382324 41.09375 41.1197929382324 41.1458358764648 41.0436134338379 41.017650604248 41.0436134338379 41.0955352783203 41.1214942932129 41.0416679382324 41.0677108764648 41.0436134338379 41.1703262329102 41.1180801391602 41.0397071838379 41.1163520812988 40.9853248596191 40.9831733703613 41.0337562561035 41.0337562561035 40.880500793457 41.009464263916 40.9352149963379
-9999 -9999 -9999 -9999 -9999 -9999 -9999 -9999 -9999 -9999 -9999 -9999 -9999 -9999 -9999 -9999 -9999 41.015625 41.015625 41.015625 41.015625 41.0416679382324 40.9635429382324 41.0677108764648 41.0677108764648 41.09375 41.1197929382324 41.09375 41.0677108764648 41.1458358764648 41.017650604248 41.017650604248 41.0695724487305 41.017650604248 41.0416679382324 41.0677070617676 41.09375 41.1442031860352 41.0919570922852 40.9613380432129 40.9853248596191 41.0620384216309 40.9831733703613 40.9019012451172 40.9282722473145 41.0073852539062 40.9568901062012 40.9853248596191
-9999 -9999 -9999 -9999 -9999 -9999 -9999 -9999 -9999 -9999 -9999 -9999 -9999 -9999 -9999 -9999 -9999 -9999 -9999 -9999 -9999 -9999 -9999 40.9635429382324 41.0416679382324 41.015625 40.9895858764648 41.015625 41.015625 41.1458358764648 41.1197929382324 41.017650604248 41.0436134338379 41.09375 41.1180763244629 41.0937461853027 41.1180801391602 41.0658340454102 40.9874610900879 40.9853248596191 40.9831733703613 40.9831733703613 40.9305992126465 41.0073852539062 41.0337562561035 40.9043121337891 40.9329147338867 40.9591178894043
-9999 -9999 -9999 -9999 -9999 -9999 -9999 -9999 -9999 -9999 -9999 -9999 -9999 -9999 -9999 -9999 -9999 -9999 -9999 -9999 -9999 -9999 -9999 -9999 -9999 -9999 -9999 -9999 -9999 -9999 41.0677108764648 41.09375 41.1441993713379 41.1703224182129 41.09375 41.0156211853027 41.1180801391602 40.9613380432129 41.0901489257812 41.0357513427734 40.9831733703613 40.9305992126465 40.851734161377 41.0073852539062 40.981014251709 40.8780212402344 40.880500793457 40.9067077636719
-9999 -9999 -9999 -9999 -9999 -9999 -9999 -9999 -9999 -9999 -9999 -9999 -9999 -9999 -9999 -9999 -9999 -9999 -9999 -9999 -9999 -9999 -9999 -9999 -9999 -9999 -9999 -9999 -9999 -9999 -9999 -9999 -9999 -9999 -9999 -9999 41.1425590515137 41.0377388000488 41.114616394043 41.0357513427734 41.009464263916 40.9305992126465 40.851734161377 40.9282722473145 40.851734161377 40.8780212402344 40.8542976379395 40.9067077636719
-9999 -9999 -9999 -9999 -9999 -9999 -9999 -9999 -9999 -9999 -9999 -9999 -9999 -9999 -9999 -9999 -9999 -9999 -9999 -9999 -9999 -9999 -9999 -9999 -9999 -9999 -9999 -9999 -9999 -9999 -9999 -9999 -9999 -9999 -9999 -9999 -9999 -9999 -9999 -9999 -9999 -9999 40.8254470825195 40.9282722473145 40.9019012451172 40.851734161377 40.8542976379395 40.9067077636719
-9999 -9999 -9999 -9999 -9999 -9999 -9999 -9999 -9999 -9999 -9999 -9999 -9999 -9999 -9999 -9999 -9999 -9999 -9999 -9999 -9999 -9999 -9999 -9999 -9999 -9999 -9999 -9999 -9999 -9999 -9999 -9999 -9999 -9999 -9999 -9999 -9999 -9999 -9999 -9999 -9999 -9999 -9999 -9999 -9999 -9999 -9999 -9999
-9999 -9999 -9999 -9999 -9999 -9999 -9999 -9999 -9999 -9999 -9999 -9999 -9999 -9999 -9999 -9999 -9999 -9999 -9999 -9999 -9999 -9999 -9999 -9999 -9999 -9999 -9999 -9999 -9999 -9999 -9999 -9999 -9999 -9999 -9999 -9999 -9999 -9999 -9999 -9999 -9999 -9999 -9999 -9999 -9999 -9999 -9999 -9999
-9999 -9999 -9999 -9999 -9999 -9999 -9999 -9999 -9999 -9999 -9999 -9999 -9999 -9999 -9999 -9999 -9999 -9999 -9999 -9999 -9999 -9999 -9999 -9999 -9999 -9999 -9999 -9999 -9999 -9999 -9999 -9999 -9999 -9999 -9999 -9999 -9999 -9999 -9999 -9999 -9999 -9999 -9999 -9999 -9999 -9999 -9999 -9999
