Demos/Rbased/CrashCourse/data/climate_processing/PresentLayers/Pyxidanthera_brevifolia/elev.asc
NCOLS 215 
NROWS 157 
XLLCORNER -80.4833333333333 
YLLCORNER 34.2333333333333 
CELLSIZE 0.00833333333333336 
NODATA_value -9999 
[rows 92 to 137 of 157, columns 0 to 95 of 215]
-9999 -9999 -9999 -9999 -9999 -9999 -9999 -9999 -9999 -9999 -9999 -9999 -9999 -9999 -9999 -9999 -9999 167 169 163 148 144 149 146 141 137 131 125 131 130 135 126 116 106 105 113 98 93 95 104 106 99 88 86 71 71 82 94 88 74 85 94 90 102 88 87 78 79 75 63 57 54 54 55 59 35 32 50 68 80 73 73 62 45 55 72 77 91 74 60 76 71 74 72 70 71 81 89 87 88 88 88 80 83 78 74
-9999 -9999 -9999 -9999 -9999 -9999 -9999 -9999 -9999 -9999 -9999 -9999 -9999 -9999 -9999 -9999 172 163 161 156 144 153 155 150 146 138 127 121 119 117 116 109 105 107 97 93 85 82 80 88 87 83 72 70 70 67 91 97 94 70 82 86 87 91 91 92 84 76 71 69 82 66 72 63 46 42 33 31 42 74 69 66 44 59 74 80 87 98 86 67 70 63 70 57 59 75 71 78 90 82 81 78 76 78 81 83
-9999 -9999 -9999 -9999 -9999 -9999 -9999 -9999 -9999 -9999 -9999 -9999 -9999 -9999 -9999 178 170 165 158 156 162 157 150 144 135 130 126 120 114 118 113 114 103 98 92 94 107 99 92 79 74 74 88 90 72 66 69 78 83 76 80 83 81 82 80 89 88 85 81 72 79 77 78 73 58 43 39 34 32 43 55 40 49 72 70 65 78 94 91 73 62 53 53 63 71 65 65 76 80 80 75 71 75 81 87 84
-9999 -9999 -9999 -9999 -9999 -9999 -9999 -9999 -9999 -9999 -9999 -9999 -9999 -9999 168 164 168 172 172 163 154 151 152 156 146 146 143 128 126 129 125 110 106 112 103 114 114 98 91 88 97 98 99 103 95 83 64 61 65 65 71 78 72 71 71 79 75 78 85 84 81 85 78 70 65 54 48 39 31 32 34 32 49 54 52 62 87 89 86 77 69 53 47 62 64 55 60 68 78 77 70 64 75 81 90 86
-9999 -9999 -9999 -9999 -9999 -9999 -9999 -9999 -9999 -9999 -9999 -9999 -9999 162 155 154 161 166 163 164 151 146 144 146 149 147 140 135 134 127 116 112 119 127 116 116 114 103 104 106 98 105 106 100 91 91 87 83 75 61 55 67 69 67 75 74 66 73 76 81 79 71 71 68 59 50 46 47 40 33 31 35 40 45 47 52 58 70 65 65 68 54 46 51 50 53 65 71 78 76 68 64 78 85 81 78
-9999 -9999 -9999 -9999 -9999 -9999 -9999 -9999 -9999 -9999 -9999 -9999 165 172 163 149 151 158 153 166 163 158 148 137 139 142 149 147 140 130 118 125 133 134 119 115 108 104 108 110 105 101 96 92 87 81 78 77 76 69 51 53 52 60 65 69 56 63 61 68 81 71 61 59 53 50 49 51 48 45 34 30 38 38 41 48 49 51 51 60 60 51 39 52 66 69 68 74 77 74 69 65 81 79 74 73
-9999 -9999 -9999 -9999 -9999 -9999 -9999 -9999 -9999 -9999 155 153 165 174 165 154 142 148 146 157 149 163 157 144 136 131 137 138 141 135 125 133 144 136 127 122 114 115 118 105 101 97 96 91 97 98 94 90 80 68 62 55 44 51 52 57 55 67 56 62 71 76 69 59 54 52 50 52 48 46 43 33 31 34 34 38 41 47 48 50 48 40 42 54 56 61 67 77 75 72 65 62 72 76 73 70
-9999 -9999 -9999 -9999 -9999 -9999 -9999 -9999 -9999 169 157 148 162 157 163 156 147 141 137 139 149 159 162 150 138 128 127 128 133 136 132 139 154 141 148 137 127 126 109 109 104 107 103 101 107 103 96 96 91 77 56 53 50 43 41 41 46 53 52 55 58 72 69 59 55 51 48 46 46 44 40 38 30 29 32 35 34 36 41 43 40 43 52 59 65 62 63 72 70 67 59 61 70 72 70 65
-9999 -9999 -9999 -9999 -9999 -9999 -9999 -9999 182 169 156 147 143 147 151 145 152 156 135 132 142 149 150 150 149 145 138 123 118 122 127 126 133 133 128 125 120 112 106 98 101 99 96 102 96 94 87 88 90 75 69 62 50 46 42 38 40 45 46 53 63 75 65 63 57 54 51 51 51 47 47 46 33 29 27 30 30 31 30 31 32 36 45 59 61 60 61 66 61 59 58 61 66 67 66 61
-9999 -9999 -9999 -9999 -9999 -9999 -9999 174 175 166 156 152 138 139 139 144 147 155 142 128 132 133 141 145 146 145 152 143 123 112 113 122 131 141 133 112 106 108 100 92 96 91 90 92 89 86 78 79 76 73 74 65 60 58 46 39 38 40 43 49 53 61 61 66 62 54 54 54 53 49 50 52 44 29 27 29 29 32 30 32 33 33 37 57 54 58 65 58 54 55 58 63 64 62 63 60
-9999 -9999 -9999 -9999 -9999 -9999 148 154 165 154 154 152 136 132 137 137 145 151 146 142 125 127 132 127 126 129 134 141 138 116 113 126 126 129 130 122 106 97 95 92 84 86 79 78 76 75 67 71 65 64 63 66 69 71 57 46 40 37 38 43 42 44 49 61 59 56 54 56 53 53 51 47 38 30 30 31 30 30 33 32 31 31 33 42 52 60 58 51 58 62 64 63 63 62 59 55
-9999 -9999 -9999 -9999 -9999 -9999 153 138 141 142 146 150 148 126 130 137 139 143 146 149 133 133 122 117 115 122 120 129 128 125 111 115 114 123 128 118 105 100 100 96 88 98 91 88 89 80 72 55 53 50 46 52 61 67 58 58 44 37 38 38 34 35 39 44 53 56 56 55 51 51 48 41 30 29 30 30 32 28 30 31 30 32 37 39 47 59 53 51 62 63 63 62 61 63 62 54
-9999 -9999 -9999 -9999 -9999 138 144 126 128 140 144 152 148 126 124 132 136 141 146 146 148 143 135 136 130 123 111 111 109 117 111 101 108 114 117 115 104 95 91 85 82 84 82 84 87 78 71 64 60 56 54 45 52 56 52 48 44 40 56 59 53 42 36 34 35 41 48 45 40 45 41 34 31 35 32 30 31 32 28 26 30 33 34 36 43 47 51 47 56 60 57 59 60 62 63 60
-9999 -9999 -9999 -9999 117 107 115 128 121 136 145 143 136 116 125 138 146 149 150 139 140 145 143 142 140 136 141 127 113 114 110 114 104 100 103 112 110 107 100 100 93 75 77 74 68 63 57 54 56 54 50 44 47 48 46 43 40 48 62 63 61 44 38 36 36 32 31 30 32 29 32 31 30 32 31 29 30 32 32 32 28 29 32 35 38 44 47 44 48 56 54 56 59 58 59 57
-9999 -9999 -9999 -9999 140 113 113 162 148 123 128 131 114 113 133 138 148 150 144 127 128 130 140 157 165 155 137 120 136 129 130 134 132 117 104 100 110 101 93 86 82 86 94 88 69 55 48 49 48 48 48 51 52 56 54 47 55 59 57 48 43 46 57 65 63 56 44 39 35 35 38 32 31 29 29 27 29 30 33 31 30 29 33 38 37 44 49 44 44 51 51 57 58 58 57 57
-9999 -9999 -9999 147 134 107 110 146 140 111 118 115 102 114 123 131 139 137 129 122 126 131 140 139 148 147 140 141 150 138 137 138 138 135 108 95 95 101 102 97 91 88 80 73 71 65 58 53 65 66 49 59 67 70 52 50 59 68 57 45 51 54 60 78 88 74 59 60 53 54 43 42 42 35 33 28 28 30 28 28 30 26 30 33 33 39 45 45 42 49 50 56 56 57 57 57
-9999 -9999 -9999 117 112 104 102 117 116 104 104 103 115 126 129 138 138 126 119 117 125 123 122 129 135 150 161 146 148 131 125 114 122 126 108 95 100 107 101 92 82 78 86 90 84 63 59 71 77 64 50 63 71 64 62 59 76 72 53 57 59 74 73 81 79 73 70 59 53 38 41 49 40 37 32 29 27 30 29 26 32 28 27 31 32 37 43 43 39 44 54 54 54 56 58 54
-9999 -9999 123 108 104 111 111 101 99 93 108 116 125 131 136 151 133 115 112 118 119 115 126 133 141 147 138 132 122 114 110 104 104 105 107 97 92 105 99 96 93 102 98 92 72 63 83 77 65 53 56 67 70 80 84 73 77 71 67 71 71 82 63 59 52 49 53 50 39 48 63 58 40 36 30 29 28 28 31 32 34 31 26 32 30 35 38 37 36 43 45 46 45 47 49 46
-9999 -9999 134 124 132 130 125 105 94 96 110 122 131 128 127 139 123 111 110 111 111 120 125 135 152 148 138 135 131 127 128 123 133 120 109 100 91 101 112 109 105 89 75 67 67 81 87 67 56 61 67 80 93 78 74 69 71 79 77 67 73 68 60 53 44 44 42 42 45 56 70 73 51 36 34 30 29 27 28 33 30 25 31 27 28 35 39 38 40 42 42 43 43 40 41 42
-9999 149 139 139 151 144 139 120 101 93 102 118 120 117 120 118 111 102 105 105 110 112 125 134 134 131 135 138 144 154 149 134 136 135 126 113 99 93 108 116 102 85 79 81 80 87 67 57 63 66 74 93 84 72 71 66 60 63 73 63 59 63 55 45 51 57 54 58 51 66 81 76 59 40 30 28 29 25 28 27 26 28 28 27 28 35 39 38 41 38 37 40 43 44 46 48
-9999 147 150 149 152 142 135 133 125 100 90 94 102 116 113 104 101 106 110 110 114 120 125 143 125 114 124 119 132 158 167 139 121 115 111 108 101 90 101 114 108 98 94 83 74 68 66 61 68 82 92 95 91 92 89 95 81 56 57 59 53 50 52 49 48 67 63 68 50 64 68 58 49 35 30 27 27 28 28 28 27 26 25 26 31 35 38 35 33 38 40 43 46 45 46 47
-9999 137 136 140 146 148 147 142 135 114 96 87 96 109 95 104 112 120 121 123 128 136 132 127 110 110 118 136 150 148 147 139 127 135 133 125 113 92 95 105 116 115 91 85 91 88 75 78 79 92 105 100 90 84 71 68 70 59 52 49 49 57 64 62 56 53 74 74 59 71 57 49 40 33 29 27 28 27 26 29 24 26 24 24 29 33 33 32 38 42 44 44 43 43 44 46
145 137 123 128 139 139 136 134 127 116 109 93 88 91 99 108 117 119 114 113 112 110 107 104 107 120 128 151 136 118 130 123 127 145 132 119 109 94 91 100 109 114 94 105 108 104 88 99 98 99 94 80 77 74 66 61 52 53 54 57 53 63 68 74 66 57 67 67 63 73 71 50 55 35 30 27 27 27 25 24 25 27 26 26 28 29 32 38 40 43 42 43 43 42 43 44
139 141 126 118 126 125 132 139 136 126 118 106 86 95 100 108 112 114 101 100 98 98 103 111 126 140 148 141 130 110 119 112 129 135 117 103 93 92 90 106 120 122 116 117 117 109 105 116 100 87 76 74 69 61 59 50 60 61 63 70 57 67 83 82 66 65 71 71 74 75 62 48 59 44 31 29 26 25 28 28 30 29 26 27 27 27 34 41 39 40 41 42 43 42 45 44
140 140 143 136 118 111 120 127 123 123 110 101 84 88 101 116 108 102 95 94 101 102 108 112 124 147 140 121 116 108 103 110 122 129 122 108 91 92 96 98 109 115 106 104 99 89 80 93 92 91 73 65 60 58 54 60 73 71 84 85 67 67 77 81 74 85 84 75 71 64 56 57 72 59 33 27 26 27 27 31 32 34 31 27 27 29 32 39 41 39 41 42 43 40 42 44
149 142 143 142 134 131 111 105 119 122 119 111 86 83 94 99 95 96 106 101 116 128 123 128 129 142 134 136 133 120 103 101 109 116 127 118 88 99 105 118 126 122 109 94 86 83 75 72 69 69 65 56 60 66 71 76 82 79 89 96 75 77 90 100 88 75 73 75 67 54 61 72 69 48 31 30 29 27 25 30 26 26 27 25 27 27 27 37 38 39 38 40 40 40 43 43
141 133 133 133 133 132 125 106 101 120 112 102 90 82 88 88 102 112 109 109 125 137 136 142 142 154 145 140 130 124 115 104 95 100 108 103 89 95 117 125 123 124 121 101 108 94 85 82 94 81 68 63 76 92 85 84 87 106 116 105 95 107 111 96 74 67 70 76 65 52 56 64 55 36 27 29 30 31 30 27 26 26 25 25 24 26 26 27 31 39 40 36 37 41 42 42
145 132 123 118 114 113 110 105 97 106 108 110 97 81 79 80 89 100 104 102 109 121 132 134 120 122 136 145 124 112 108 105 100 95 90 92 87 86 98 103 105 115 127 122 112 107 96 107 101 75 86 96 86 97 91 90 84 89 87 88 93 101 91 83 70 57 69 68 65 57 50 56 52 41 29 28 30 27 29 25 23 23 24 24 25 24 26 28 31 33 32 33 40 42 43 42
146 139 137 139 132 116 106 102 96 94 90 93 94 82 77 76 92 101 107 113 127 138 121 109 104 111 126 150 134 125 131 133 126 109 105 107 100 83 91 102 114 126 134 125 127 125 100 96 84 87 108 107 93 80 73 70 73 82 70 75 76 77 79 74 68 56 67 72 67 62 50 42 41 34 31 29 28 29 29 27 26 26 24 24 24 24 25 25 29 31 28 32 34 41 46 44
137 131 130 124 119 112 120 124 114 109 105 90 87 94 93 80 97 101 107 129 132 113 99 110 123 136 149 150 143 141 137 123 105 106 115 113 100 85 96 120 137 134 121 107 118 118 97 91 90 102 110 92 79 84 80 64 62 73 68 61 60 70 77 69 69 67 57 71 66 61 60 56 48 49 40 30 29 29 27 26 26 26 24 23 23 23 24 23 23 26 29 32 33 38 41 43
122 129 126 120 119 125 136 132 126 125 117 113 106 105 94 80 79 86 103 120 107 91 99 110 117 117 128 150 151 145 127 103 96 93 88 90 86 90 101 117 111 100 96 102 107 121 118 121 116 124 109 97 105 110 84 68 59 57 58 53 62 78 74 80 77 71 50 59 62 55 54 63 56 46 33 31 32 33 26 27 27 26 25 24 24 25 24 22 24 25 28 31 31 38 42 40
126 135 133 130 131 132 125 119 114 115 115 106 100 100 87 77 75 77 90 97 88 94 111 106 111 132 151 160 156 133 120 117 112 109 103 89 80 90 94 88 86 94 109 119 126 131 130 126 131 111 114 117 113 92 75 71 68 71 69 56 57 68 78 78 58 56 43 48 61 57 47 54 53 43 34 49 36 31 25 27 25 26 26 26 27 26 26 24 23 22 29 31 29 36 43 41
126 132 122 124 126 124 118 114 113 107 104 96 100 96 90 83 75 74 76 88 106 128 140 128 120 146 159 152 153 151 144 135 129 128 118 94 81 87 87 88 100 114 129 131 127 128 121 116 116 118 96 97 100 93 87 93 85 80 68 60 50 60 70 66 57 56 42 43 58 59 55 44 42 35 41 43 28 27 25 28 24 23 25 26 27 25 27 25 24 22 24 33 30 37 41 41
120 116 113 124 128 126 127 129 121 114 107 108 110 109 94 84 77 73 75 87 115 137 146 152 154 160 153 149 149 144 133 127 121 116 111 103 89 76 82 90 98 116 130 119 117 115 106 105 123 116 102 85 80 81 87 80 64 58 61 65 59 53 62 60 53 53 43 41 43 48 52 47 38 44 43 37 27 26 25 27 27 28 27 26 26 25 25 25 25 26 24 32 32 32 34 39
110 111 113 116 117 117 120 115 109 104 97 95 98 95 88 84 77 71 72 83 96 108 120 130 135 127 137 147 143 136 115 102 100 98 95 87 80 72 73 95 111 119 117 103 99 98 99 115 127 115 95 88 87 75 73 71 68 72 77 76 66 54 50 51 46 48 56 60 53 43 42 43 52 50 51 39 28 25 28 28 28 25 27 25 26 27 26 26 22 23 22 27 28 29 30 32
104 112 106 106 111 117 117 110 104 102 113 111 96 94 92 87 82 77 74 75 87 96 108 107 101 106 137 144 141 135 121 125 129 124 125 117 96 73 80 101 102 103 100 88 93 114 119 122 121 112 110 111 106 97 79 90 86 81 72 74 71 66 68 65 62 61 64 63 63 57 58 57 56 56 59 52 38 30 29 29 30 27 29 28 28 26 25 26 22 22 24 30 29 28 29 30
95 110 100 103 107 118 124 120 113 111 114 124 115 108 99 88 83 76 72 70 82 98 94 95 105 123 143 146 139 132 135 140 133 127 122 113 96 70 76 84 85 86 86 96 110 128 132 128 115 121 121 111 102 95 85 81 79 75 71 72 71 68 67 66 66 65 65 63 61 62 57 58 55 55 55 50 54 37 28 31 28 26 28 29 26 26 25 23 22 21 22 24 27 28 29 29
81 94 108 114 114 118 121 122 123 122 129 126 120 116 103 93 82 75 71 69 80 86 105 115 119 132 142 142 136 126 127 132 132 123 111 99 93 84 66 71 76 91 113 125 129 133 130 116 97 109 116 113 98 91 86 80 68 71 72 69 69 67 64 63 64 66 67 63 63 58 55 55 57 52 52 44 42 35 29 32 30 30 28 28 26 27 26 23 21 21 23 23 22 26 27 28
-9999 85 104 112 110 103 108 112 123 136 137 135 126 119 111 93 81 74 71 72 95 104 106 116 127 132 138 133 128 119 118 122 128 128 119 111 101 87 76 65 73 94 122 130 130 127 117 114 94 86 94 99 90 87 83 69 64 69 71 69 67 66 65 62 62 64 65 65 64 60 58 56 51 50 50 47 52 48 30 28 28 28 26 24 25 25 21 24 21 23 24 24 22 24 24 23
-9999 79 92 108 102 97 105 117 128 135 135 134 128 118 108 94 84 74 71 74 104 111 108 114 122 128 130 128 121 114 108 111 118 128 122 110 99 86 78 66 74 97 117 124 111 106 113 124 110 92 80 79 76 79 75 70 62 65 68 69 66 64 60 60 58 61 62 61 62 60 56 55 54 53 52 54 54 51 33 29 30 26 24 20 22 22 23 23 21 22 22 22 21 23 24 23
-9999 89 84 86 94 106 117 121 115 122 127 123 118 112 102 89 87 76 73 74 89 89 95 110 121 127 125 126 122 119 112 98 99 104 117 113 96 84 75 64 79 95 118 109 100 116 124 115 105 102 87 75 68 66 69 65 63 57 63 63 63 62 62 56 55 59 59 59 59 59 56 55 56 54 52 52 53 51 37 30 30 27 28 25 21 21 22 24 21 23 21 22 21 25 24 23
-9999 -9999 94 81 78 92 110 106 108 118 118 110 110 105 94 90 87 80 73 69 80 90 105 118 120 118 112 116 119 118 110 102 91 102 114 110 99 87 75 64 76 105 105 91 106 123 120 107 93 87 79 74 68 63 61 61 64 61 60 64 60 59 60 58 52 57 57 57 57 58 55 53 55 54 51 52 52 50 42 30 26 26 26 26 22 23 21 22 24 21 21 24 26 26 25 22
-9999 -9999 100 91 72 78 89 99 105 103 104 101 107 99 89 89 89 82 73 71 70 88 112 113 107 99 110 120 116 118 116 106 90 97 108 108 101 88 78 64 69 85 91 105 122 118 104 96 84 79 72 69 66 66 63 60 59 57 54 59 56 58 59 57 52 52 56 54 55 54 54 55 55 53 50 51 52 53 48 34 28 29 26 25 24 19 19 22 26 23 22 25 26 28 27 24
-9999 -9999 -9999 90 84 75 76 81 85 88 84 92 104 93 85 87 86 85 75 71 66 77 99 100 91 97 112 114 111 114 113 108 92 86 88 92 90 86 81 68 69 94 111 118 114 109 99 84 79 73 67 66 64 63 63 62 60 57 56 50 47 48 48 49 51 51 55 54 54 55 54 50 50 50 50 52 54 47 47 37 35 33 29 26 21 22 24 24 25 24 23 24 27 -9999 -9999 -9999
-9999 -9999 -9999 107 102 87 79 79 79 76 74 79 91 90 88 85 83 83 77 70 69 67 83 85 81 95 107 109 102 105 114 105 99 90 77 86 87 84 77 66 67 86 97 105 102 93 84 75 70 70 64 65 65 62 62 59 54 53 48 50 54 53 49 45 43 43 47 49 53 54 56 54 49 50 53 54 53 49 52 49 50 51 41 30 21 22 23 23 24 25 24 -9999 -9999 -9999 -9999 -9999
-9999 -9999 -9999 -9999 107 100 101 103 96 89 78 75 76 85 89 86 86 83 81 73 70 68 70 70 93 112 117 108 96 105 108 95 91 87 75 79 77 75 78 70 64 81 93 99 96 85 76 70 64 64 60 58 56 52 53 50 49 50 55 58 57 56 57 53 51 51 47 42 44 48 51 53 47 50 54 54 53 53 52 54 57 51 41 35 29 22 21 22 -9999 -9999 -9999 -9999 -9999 -9999 -9999 -9999
