Demos/Rbased/CrashCourse/data/climate_processing/PresentLayers/Pyxidanthera_brevifolia/elev.asc
NCOLS 275 
NROWS 194 
XLLCORNER -80.3749999998233 
YLLCORNER 33.9 
CELLSIZE 0.00833333333316008 
NODATA_value -9999 
[rows 94 to 140 of 194, columns 96 to 191 of 275]
67 67 65 66 64 58 54 62 67 65 65 67 62 59 62 61 60 60 56 59 62 64 61 57 56 57 62 61 62 60 57 56 58 59 60 58 58 58 58 58 53 52 52 50 51 52 50 50 50 48 47 46 48 47 42 42 46 45 39 37 42 42 40 40 42 45 48 48 46 46 46 46 45 46 47 45 44 43 43 42 38 37 40 39 41 42 35 36 40 41 41 40 37 39 41 38
66 65 64 65 65 62 54 60 66 65 61 64 62 62 61 61 57 58 57 59 61 60 60 58 53 56 59 60 60 61 59 56 55 55 58 58 56 57 56 53 52 51 52 51 49 50 50 50 49 49 49 48 45 44 44 40 42 44 40 36 40 41 41 39 40 42 44 47 48 45 43 43 44 45 44 43 43 41 40 38 37 43 41 42 45 44 36 34 40 42 41 41 39 37 39 38
63 64 63 62 62 62 54 58 65 62 61 61 63 63 56 57 56 57 54 58 60 59 58 59 56 52 57 59 59 60 59 55 54 54 53 53 55 55 50 50 50 50 50 50 49 48 50 49 49 49 48 48 47 45 42 41 37 43 41 36 39 40 39 38 37 40 41 44 46 46 45 44 42 42 43 43 44 44 41 36 41 44 42 43 45 45 38 35 34 36 41 41 39 35 40 42
63 62 62 60 61 60 57 55 63 60 60 61 60 59 54 55 57 55 56 58 61 58 58 58 56 52 57 59 59 58 59 57 55 53 54 52 52 48 48 49 50 49 49 50 49 48 48 48 48 48 48 47 47 46 44 41 36 38 40 35 37 39 39 38 37 36 39 40 43 47 45 45 42 41 42 43 43 39 38 41 44 44 43 45 46 44 42 39 35 34 35 38 37 35 39 42
64 62 63 62 60 60 61 53 58 60 60 61 59 56 52 55 56 54 58 60 57 57 57 56 52 55 58 57 58 58 58 57 55 53 53 52 47 44 47 49 49 50 49 49 48 48 46 46 46 47 47 47 46 46 45 43 42 38 36 34 36 40 39 37 38 35 39 38 38 42 44 44 43 40 41 41 39 40 43 44 45 44 44 45 46 46 44 38 36 35 33 35 35 37 40 42
60 62 59 58 56 61 62 58 51 58 62 61 59 56 52 49 52 55 56 57 56 56 56 53 50 56 58 57 56 59 56 57 55 54 53 48 45 44 44 46 47 48 49 48 47 47 47 44 45 46 46 46 46 45 44 44 42 42 40 34 36 40 41 39 36 34 35 36 37 38 42 43 43 41 40 39 42 46 47 46 46 47 47 48 46 43 41 39 39 39 33 33 35 40 40 40
57 62 62 56 55 58 59 62 51 57 62 58 55 55 51 51 53 54 56 56 55 56 58 52 51 55 55 56 57 57 55 56 55 54 48 45 44 44 44 43 43 45 47 48 47 47 46 45 44 45 45 45 45 44 43 42 42 40 38 33 33 39 41 39 37 35 33 34 35 36 37 42 42 42 41 42 44 45 46 47 48 48 47 46 45 43 45 42 43 39 34 33 36 38 36 38
54 60 60 58 53 54 60 59 53 59 61 56 52 53 50 51 53 56 55 55 54 55 55 52 51 54 55 54 54 55 55 54 53 50 46 44 44 44 43 44 43 42 42 44 46 46 46 45 44 43 43 44 45 43 42 40 42 41 40 35 32 36 41 40 38 35 32 32 35 35 36 37 42 43 42 44 46 46 47 47 48 48 49 45 47 47 47 48 44 37 32 34 37 37 38 38
53 54 55 57 58 54 56 56 53 59 57 53 53 52 48 51 54 54 55 54 53 54 54 50 49 53 54 54 55 55 54 52 49 46 46 46 44 43 43 44 42 42 42 42 41 45 45 45 45 45 41 43 42 43 43 41 39 39 36 34 32 35 39 39 38 35 31 32 34 35 36 37 39 45 46 46 47 47 46 48 49 49 48 47 47 46 47 47 41 33 32 37 38 40 41 43
58 56 56 51 51 52 52 52 51 59 57 56 54 51 47 50 52 52 54 54 53 54 53 49 49 54 53 53 54 55 53 51 46 45 46 46 45 43 42 44 43 42 42 41 41 40 42 44 44 44 43 41 41 41 43 42 41 41 40 38 32 33 38 37 37 35 31 32 33 35 36 37 39 41 46 47 47 46 47 47 49 49 49 48 47 45 42 45 37 32 33 36 38 39 42 42
61 58 57 56 58 59 50 50 50 56 58 58 54 52 51 46 52 50 50 51 53 55 53 51 46 51 52 52 52 54 49 46 45 45 45 46 46 44 42 42 41 41 41 41 41 41 39 40 43 44 44 43 42 39 42 42 41 41 40 39 33 32 37 37 36 33 32 33 34 35 37 38 40 41 43 48 48 46 43 46 48 47 46 45 44 42 38 36 33 32 33 37 37 38 41 40
59 60 58 56 55 54 48 47 53 56 56 54 52 51 52 47 49 48 51 52 53 53 56 54 46 47 51 52 51 48 44 43 44 44 44 44 44 44 44 43 42 41 41 41 40 40 40 39 39 41 42 42 42 40 38 41 41 40 39 39 37 32 32 35 34 32 36 37 35 36 37 39 41 41 42 43 47 45 42 43 45 44 41 40 39 36 35 34 31 31 37 40 40 39 37 36
58 59 60 57 59 58 53 47 55 56 54 53 54 52 50 48 46 46 50 50 52 52 52 51 48 48 51 51 48 43 42 42 42 42 44 44 44 44 44 44 43 42 41 40 39 38 38 39 38 37 38 38 38 39 37 37 38 36 36 36 37 34 30 30 31 30 31 36 37 37 37 38 39 41 41 41 41 43 41 39 41 39 38 38 39 38 35 31 32 33 37 38 37 36 36 37
58 57 57 58 59 59 55 45 51 52 52 50 50 50 51 50 44 49 49 50 50 51 52 50 46 47 50 48 44 41 41 40 40 41 43 43 42 42 42 43 43 42 41 40 39 38 38 38 37 37 37 36 36 35 36 35 34 33 32 32 31 31 32 31 30 30 30 31 36 36 39 40 40 41 41 39 37 35 38 40 41 43 45 45 44 41 32 32 30 35 38 37 33 35 40 38
58 56 55 57 60 62 59 54 48 47 48 47 45 49 52 48 46 49 49 48 49 49 51 50 46 49 47 44 42 39 41 38 38 41 42 42 42 40 39 42 42 42 41 41 39 38 38 38 37 37 36 35 35 35 35 34 33 32 32 32 33 32 32 31 31 30 30 28 29 33 37 40 42 39 38 33 32 33 36 43 45 43 40 39 39 36 30 31 30 31 32 34 36 34 34 35
58 54 52 57 59 61 57 55 52 51 50 49 47 44 45 43 44 50 51 49 48 48 50 47 45 48 42 42 42 41 39 36 38 40 41 41 41 40 41 39 42 41 41 41 41 41 39 38 37 37 36 36 35 35 34 33 34 33 33 33 32 32 32 31 31 31 30 30 29 29 37 40 40 39 33 31 33 36 35 35 40 37 33 34 35 32 30 31 29 34 36 36 37 36 35 36
53 52 53 57 59 60 55 50 52 51 52 50 52 49 47 44 40 41 50 52 51 48 47 45 45 43 42 41 41 39 37 36 39 39 40 41 40 38 38 37 40 40 40 39 40 42 42 41 40 38 38 37 37 37 36 36 36 35 35 35 34 32 31 31 30 30 30 30 29 28 28 36 37 32 31 33 35 37 36 32 32 35 35 32 31 31 32 30 31 36 38 38 36 36 35 36
49 54 57 58 60 59 54 50 51 54 51 50 51 50 50 48 42 37 50 53 48 47 47 42 37 41 41 39 37 35 36 40 41 40 39 40 39 38 37 35 38 38 39 39 40 41 42 41 40 39 38 38 38 39 38 37 36 38 37 37 37 35 33 32 31 31 29 29 28 28 27 29 31 32 36 36 35 34 32 30 29 30 34 32 31 31 30 30 35 36 36 39 36 36 39 38
50 55 58 61 61 57 54 51 48 49 49 49 50 52 48 46 45 40 43 52 47 49 48 37 35 40 37 36 33 37 40 42 41 41 39 37 38 37 35 37 38 39 39 39 37 39 41 41 39 39 39 39 39 39 37 36 37 38 38 38 37 35 34 35 35 35 31 30 29 27 27 27 27 32 32 33 32 29 28 29 29 27 28 30 31 31 29 31 33 34 35 35 36 40 42 39
48 55 57 60 61 58 56 52 49 47 48 49 47 47 47 47 46 44 38 46 46 45 41 35 33 36 32 34 38 40 41 41 41 41 40 35 36 34 33 37 37 38 38 39 36 39 39 41 40 39 38 37 39 38 36 34 35 37 37 36 36 35 33 33 33 35 34 32 31 29 27 27 27 27 27 27 28 27 27 28 29 28 25 27 30 30 32 35 35 36 37 38 41 43 43 43
48 55 54 59 60 58 57 53 50 49 48 48 51 47 48 47 46 45 40 37 42 40 39 37 30 32 37 37 40 40 40 40 40 41 40 37 36 36 32 36 36 37 37 36 34 37 39 41 39 40 38 37 36 38 37 35 34 33 36 35 36 34 34 32 32 34 34 33 33 31 30 28 27 26 26 27 27 27 26 27 28 28 24 24 25 29 34 36 34 36 38 41 43 43 42 41
48 53 55 57 60 57 59 54 52 51 50 46 45 47 46 45 45 45 43 35 31 38 38 38 30 34 40 40 41 40 38 39 38 40 40 39 38 39 32 35 35 33 37 35 34 39 40 39 38 39 39 38 36 35 38 37 36 34 34 33 34 32 31 31 31 32 33 32 32 33 32 32 30 26 25 26 26 26 26 26 27 26 25 24 23 27 36 35 34 35 39 43 42 42 39 38
46 44 51 52 53 55 55 53 52 48 48 46 44 45 45 45 43 44 43 35 28 32 33 29 31 38 41 40 40 40 38 37 39 40 41 40 38 37 32 30 33 34 37 35 34 38 38 38 37 39 37 35 36 34 38 38 38 37 37 32 31 30 29 29 30 31 33 31 31 33 32 32 31 30 26 25 26 26 25 24 24 24 24 23 23 23 31 34 34 33 37 38 38 37 36 35
39 41 48 51 52 51 49 50 50 48 49 48 49 47 44 41 42 43 37 34 32 27 27 33 40 42 40 40 40 40 38 36 37 38 40 39 38 36 35 30 30 33 36 34 33 37 37 36 34 38 37 34 32 35 37 38 38 36 35 31 32 35 34 32 30 28 31 30 30 31 31 31 31 30 29 26 25 25 25 24 24 24 24 23 23 23 28 31 32 32 32 32 33 34 35 35
40 42 42 47 51 51 48 50 50 48 48 48 50 49 48 44 42 35 35 34 30 27 32 38 38 40 39 38 39 39 39 34 36 38 38 38 39 38 35 33 27 30 35 31 35 37 35 34 34 38 38 37 32 33 34 35 37 36 34 36 39 39 38 35 32 26 32 33 30 30 29 28 28 28 27 28 26 24 24 24 24 24 24 23 23 23 23 25 29 32 36 37 38 37 36 37
41 46 40 44 50 50 49 49 50 49 49 49 51 49 48 47 41 38 33 33 30 26 33 39 39 39 40 36 37 38 39 33 35 36 36 39 39 37 35 34 31 28 32 30 34 37 35 32 34 37 38 37 36 32 30 30 34 36 39 40 40 37 33 27 26 28 30 31 31 30 30 31 29 27 27 27 27 24 24 24 23 23 23 23 23 23 25 29 28 34 35 37 38 39 38 38
43 43 43 44 43 46 46 49 50 49 50 49 49 49 47 43 39 37 33 30 30 25 35 40 40 40 39 36 32 33 34 31 34 37 38 39 39 37 35 34 31 30 28 32 30 33 31 33 35 36 37 36 35 34 33 28 30 39 40 36 35 29 25 28 32 32 32 31 32 31 32 29 27 26 26 25 24 24 24 23 23 23 23 23 23 23 23 29 28 28 34 37 37 36 36 35
44 43 44 44 42 43 45 47 47 49 50 48 46 46 41 37 37 34 35 36 28 25 32 38 39 38 38 37 29 35 34 31 34 37 39 39 38 38 37 36 35 31 27 31 33 29 29 34 35 34 36 37 38 36 34 31 28 37 38 35 28 24 30 34 35 32 32 32 33 32 29 27 27 30 32 25 24 24 23 23 23 23 23 23 22 22 23 26 28 26 27 34 36 35 36 34
44 44 45 45 43 42 43 45 44 49 47 49 47 44 40 37 36 38 38 36 32 25 28 34 37 41 36 28 33 37 36 33 33 35 38 38 38 39 37 34 29 29 29 26 30 32 26 32 33 32 34 37 36 33 31 30 26 33 35 30 24 29 35 35 31 30 31 33 31 28 27 28 30 33 26 22 23 22 22 22 22 22 23 22 22 23 27 27 26 27 27 28 32 34 35 34
44 43 42 47 46 41 41 42 44 46 46 48 46 42 41 40 39 38 39 37 34 28 26 30 35 36 28 32 36 38 37 36 36 34 36 38 38 38 38 35 30 32 30 33 26 30 25 31 28 33 36 36 34 33 32 33 30 25 28 25 26 34 35 30 28 29 34 32 28 28 30 32 31 24 21 21 22 21 21 21 21 21 22 22 21 24 24 25 27 27 28 29 29 33 35 37
41 40 40 41 45 44 43 42 43 38 42 42 40 42 41 40 41 39 40 39 36 33 27 25 30 33 29 37 39 38 38 38 37 37 37 39 40 38 37 33 35 37 34 36 31 24 27 29 32 34 35 35 34 33 35 35 35 29 23 24 34 36 33 28 28 30 30 28 28 32 29 24 21 21 21 21 21 21 21 21 21 21 21 22 25 25 25 27 29 29 29 30 30 30 35 37
43 41 40 41 41 40 41 41 40 38 36 32 33 40 40 38 40 41 40 40 37 36 34 27 25 27 27 36 38 39 38 38 38 38 39 39 40 39 39 36 37 40 39 40 38 29 27 31 31 30 31 30 32 32 36 35 33 26 21 28 35 36 29 27 27 27 28 27 30 25 20 21 21 21 20 20 21 21 20 20 21 21 22 25 27 26 27 27 28 29 29 31 31 30 32 36
41 43 42 40 39 39 41 40 41 35 31 31 30 33 34 38 40 40 40 38 36 34 33 29 25 24 24 32 38 39 36 36 38 38 40 40 41 41 39 38 39 42 41 40 38 31 23 26 29 26 26 28 30 35 35 33 28 21 25 34 36 32 26 24 26 28 29 28 23 20 20 20 20 20 20 19 20 20 20 20 21 22 26 26 26 27 28 28 29 29 30 33 32 30 31 34
41 44 43 40 40 42 44 42 38 32 31 29 29 31 31 32 33 38 40 38 37 33 32 35 32 25 24 26 36 35 33 34 36 35 36 41 41 41 39 38 40 43 42 37 33 30 29 22 23 25 26 28 30 33 33 29 23 21 31 36 34 28 29 30 24 31 28 27 21 20 20 20 20 20 20 19 20 21 21 23 24 25 26 26 27 28 29 30 30 31 31 31 30 28 26 27
42 44 43 42 41 44 43 39 33 32 32 30 28 31 30 30 31 34 37 37 37 35 35 36 33 30 24 23 30 34 32 32 33 33 34 35 38 39 34 35 39 39 36 34 33 35 33 30 24 20 24 27 28 28 29 26 20 25 33 35 30 31 33 31 23 27 26 23 19 19 19 20 20 20 19 20 21 22 24 25 25 26 26 26 27 28 30 31 31 33 33 31 29 26 24 24
46 44 41 40 40 39 41 34 32 31 30 30 28 30 30 30 31 31 31 32 34 35 36 37 34 32 29 23 27 34 31 31 32 32 33 33 34 36 33 32 35 35 34 35 34 35 31 29 28 25 20 24 26 26 27 25 22 34 35 31 30 31 31 28 23 26 25 20 19 19 19 20 20 19 20 22 21 23 24 24 26 27 27 26 26 28 30 30 31 32 32 31 30 27 27 23
43 41 39 42 40 37 34 32 32 32 32 31 29 27 30 30 30 31 31 31 31 30 31 33 33 31 31 23 25 34 33 30 32 33 33 32 32 33 31 31 33 31 28 30 32 31 29 29 27 26 21 19 20 23 26 23 21 34 33 30 29 28 25 25 23 25 24 18 18 19 19 19 19 18 19 21 22 23 23 24 25 26 26 26 26 27 28 30 31 32 32 30 28 24 25 25
42 40 43 42 40 32 32 32 32 31 31 31 29 27 29 30 30 31 31 31 30 30 29 30 31 30 30 22 22 32 34 31 31 31 32 31 30 31 29 30 30 28 27 27 29 29 28 28 27 27 26 23 20 18 22 20 23 33 32 26 27 24 21 21 22 26 23 18 18 18 18 18 18 18 20 21 23 23 24 25 26 26 26 26 27 27 27 29 31 30 30 28 26 26 23 20
41 41 42 41 32 30 30 30 31 30 31 32 30 27 27 29 29 30 30 30 30 30 28 29 29 30 29 22 21 29 33 32 29 28 29 32 29 29 27 26 26 27 28 28 28 28 27 26 28 26 26 26 22 19 19 18 22 33 32 26 23 21 21 23 23 26 23 18 18 18 18 17 17 20 21 22 23 23 24 26 26 26 26 27 26 26 26 27 27 27 27 27 26 24 22 20
40 40 42 35 32 31 31 29 29 29 29 31 31 29 26 26 28 30 29 30 30 30 28 29 28 29 28 21 21 29 33 32 29 27 29 29 29 27 26 24 28 30 29 31 32 30 27 26 27 26 25 24 22 21 22 17 19 31 31 23 19 22 26 26 24 23 24 22 18 18 18 17 17 20 21 21 23 22 22 24 24 25 25 25 26 26 27 27 27 27 27 26 25 22 22 24
39 35 32 33 34 32 31 30 29 29 27 29 30 30 28 25 24 27 28 28 30 30 28 26 26 28 27 20 22 29 33 31 30 29 27 26 27 27 27 25 25 28 30 32 32 28 26 25 26 25 24 24 23 22 23 18 17 22 27 21 19 24 26 27 27 27 29 28 22 17 17 17 18 20 20 20 21 22 23 24 24 25 26 27 27 27 27 27 27 26 26 25 24 23 25 26
39 31 29 30 32 34 33 31 29 30 28 26 29 28 29 26 24 24 28 29 28 30 29 28 25 26 26 20 22 28 32 30 30 30 29 28 27 25 24 24 22 23 25 28 30 26 25 25 23 23 23 23 22 24 23 21 17 18 23 25 17 22 25 27 30 33 32 27 20 16 16 17 18 21 19 20 22 23 24 25 25 26 27 27 27 27 26 27 27 27 27 26 26 25 25 26
36 33 30 29 30 31 32 32 30 30 30 27 26 26 27 26 23 24 28 29 30 29 29 28 27 23 24 20 22 29 33 29 28 28 28 28 28 28 27 26 26 24 22 20 24 25 25 24 22 21 23 23 22 24 24 24 17 16 19 21 17 20 26 30 29 24 18 16 15 16 16 16 17 18 19 20 22 23 24 25 25 25 26 27 27 26 27 27 27 27 27 27 26 25 26 26
36 37 35 32 31 30 30 30 30 31 31 30 26 24 24 23 23 24 28 30 30 29 28 27 26 24 20 21 23 29 31 29 27 27 28 28 29 27 27 26 26 26 26 24 19 22 25 26 26 20 22 23 22 21 24 25 21 17 16 16 16 18 23 19 17 16 16 16 16 16 17 17 17 19 20 21 23 23 24 24 24 26 26 27 27 25 26 27 27 27 27 27 27 26 26 27
35 36 37 37 34 32 30 29 29 30 31 31 29 28 27 25 24 23 27 29 30 29 29 28 28 25 21 21 22 25 28 28 28 26 27 26 27 27 27 26 26 26 26 25 24 20 24 24 25 22 20 21 22 21 22 21 21 23 19 17 15 15 15 16 16 16 16 16 16 17 17 17 16 16 16 18 21 23 24 23 24 26 27 28 27 24 26 26 26 26 26 27 27 27 26 25
27 31 36 39 37 33 30 28 27 27 29 31 30 29 27 28 27 22 23 27 29 29 28 27 27 25 21 19 20 25 29 28 29 27 27 25 26 25 25 26 26 26 26 24 23 24 20 20 23 22 18 21 23 20 22 21 20 24 22 17 14 14 15 15 15 15 15 15 17 17 17 16 16 20 20 17 18 22 21 21 24 25 26 27 26 24 26 26 26 26 27 27 27 27 27 25
21 24 29 33 36 34 31 28 27 26 27 28 30 31 29 28 26 27 24 20 26 27 28 27 26 24 23 20 19 21 27 29 28 25 26 25 24 22 24 25 24 24 26 26 24 24 22 21 20 19 18 17 17 16 21 20 18 20 18 15 14 15 15 15 14 14 15 16 16 16 17 17 20 23 23 21 17 18 18 19 19 22 26 25 23 23 23 24 26 26 27 27 27 26 27 26
