Demos/Rbased/CrashCourse/data/climate_processing/PresentLayers/Pyxidanthera_brevifolia/elev.asc
NCOLS 275 
NROWS 194 
XLLCORNER -80.3749999998233 
YLLCORNER 33.9 
CELLSIZE 0.00833333333316008 
NODATA_value -9999 
[rows 47 to 93 of 194, columns 0 to 95 of 275]
-9999 -9999 -9999 -9999 -9999 -9999 -9999 -9999 -9999 -9999 -9999 -9999 -9999 -9999 -9999 -9999 -9999 -9999 -9999 -9999 -9999 -9999 -9999 -9999 -9999 -9999 -9999 -9999 -9999 -9999 -9999 -9999 -9999 -9999 -9999 -9999 -9999 -9999 -9999 -9999 -9999 -9999 -9999 -9999 -9999 -9999 -9999 -9999 -9999 -9999 -9999 -9999 -9999 -9999 -9999 -9999 -9999 -9999 -9999 -9999 116 142 162 156 125 113 113 106 129 147 150 154 142 130 137 146 144 153 162 168 163 154 148 148 146 138 126 130 143 141 139 135 130 122 116 108
-9999 -9999 -9999 -9999 -9999 -9999 -9999 -9999 -9999 -9999 -9999 -9999 -9999 -9999 -9999 -9999 -9999 -9999 -9999 -9999 -9999 -9999 -9999 -9999 -9999 -9999 -9999 -9999 -9999 -9999 -9999 -9999 -9999 -9999 -9999 -9999 -9999 -9999 -9999 -9999 -9999 -9999 -9999 -9999 -9999 -9999 -9999 -9999 -9999 -9999 -9999 -9999 -9999 -9999 -9999 -9999 -9999 -9999 -9999 118 146 157 152 137 118 102 98 118 143 146 148 142 133 129 140 138 142 157 162 163 154 156 160 156 160 149 135 119 125 127 139 140 135 126 114 107
-9999 -9999 -9999 -9999 -9999 -9999 -9999 -9999 -9999 -9999 -9999 -9999 -9999 -9999 -9999 -9999 -9999 -9999 -9999 -9999 -9999 -9999 -9999 -9999 -9999 -9999 -9999 -9999 -9999 -9999 -9999 -9999 -9999 -9999 -9999 -9999 -9999 -9999 -9999 -9999 -9999 -9999 -9999 -9999 -9999 -9999 -9999 -9999 -9999 -9999 -9999 -9999 -9999 -9999 -9999 -9999 -9999 -9999 117 134 158 138 131 117 108 95 111 134 135 138 137 128 126 146 149 148 146 153 161 149 142 142 151 143 145 145 137 128 117 121 128 131 135 132 120 105
-9999 -9999 -9999 -9999 -9999 -9999 -9999 -9999 -9999 -9999 -9999 -9999 -9999 -9999 -9999 -9999 -9999 -9999 -9999 -9999 -9999 -9999 -9999 -9999 -9999 -9999 -9999 -9999 -9999 -9999 -9999 -9999 -9999 -9999 -9999 -9999 -9999 -9999 -9999 -9999 -9999 -9999 -9999 -9999 -9999 -9999 -9999 -9999 -9999 -9999 -9999 -9999 -9999 -9999 -9999 -9999 -9999 90 126 130 128 124 109 111 93 107 114 108 110 115 112 123 132 139 148 157 160 155 152 148 137 134 135 128 141 151 142 138 129 115 111 115 122 129 115 104
-9999 -9999 -9999 -9999 -9999 -9999 -9999 -9999 -9999 -9999 -9999 -9999 -9999 -9999 -9999 -9999 -9999 -9999 -9999 -9999 -9999 -9999 -9999 -9999 -9999 -9999 -9999 -9999 -9999 -9999 -9999 -9999 -9999 -9999 -9999 -9999 -9999 -9999 -9999 -9999 -9999 -9999 -9999 -9999 -9999 -9999 -9999 -9999 -9999 -9999 -9999 -9999 -9999 -9999 -9999 -9999 66 93 106 107 111 109 100 87 89 94 97 110 112 121 126 143 152 145 149 154 146 143 140 146 135 124 116 132 146 150 143 142 140 132 117 113 108 108 109 103
-9999 -9999 -9999 -9999 -9999 -9999 -9999 -9999 -9999 -9999 -9999 -9999 -9999 -9999 -9999 -9999 -9999 -9999 -9999 -9999 -9999 -9999 -9999 -9999 -9999 -9999 -9999 -9999 -9999 -9999 -9999 -9999 -9999 -9999 -9999 -9999 -9999 -9999 -9999 -9999 -9999 -9999 -9999 -9999 -9999 -9999 -9999 -9999 -9999 -9999 -9999 -9999 -9999 -9999 -9999 62 74 93 89 111 108 89 82 84 106 110 120 122 134 151 147 148 151 158 156 144 132 136 131 137 131 120 115 130 137 131 130 136 141 137 128 124 121 115 104 101
-9999 -9999 -9999 -9999 -9999 -9999 -9999 -9999 -9999 -9999 -9999 -9999 -9999 -9999 -9999 -9999 -9999 -9999 -9999 -9999 -9999 -9999 -9999 -9999 -9999 -9999 -9999 -9999 -9999 -9999 -9999 -9999 -9999 -9999 -9999 -9999 -9999 -9999 -9999 -9999 -9999 -9999 -9999 -9999 -9999 -9999 -9999 -9999 -9999 -9999 -9999 -9999 -9999 -9999 62 60 72 82 88 107 95 77 90 94 97 118 136 148 145 150 153 156 159 164 152 142 134 123 122 135 125 112 117 124 121 117 122 132 141 143 138 136 131 125 111 102
-9999 -9999 -9999 -9999 -9999 -9999 -9999 -9999 -9999 -9999 -9999 -9999 -9999 -9999 -9999 -9999 -9999 -9999 -9999 -9999 -9999 -9999 -9999 -9999 -9999 -9999 -9999 -9999 -9999 -9999 -9999 -9999 -9999 -9999 -9999 -9999 -9999 -9999 -9999 -9999 -9999 -9999 -9999 -9999 -9999 -9999 -9999 -9999 -9999 -9999 -9999 -9999 -9999 71 78 74 62 62 73 86 79 97 116 120 112 114 130 144 152 153 137 136 138 151 148 135 131 119 112 120 123 114 109 113 119 128 133 137 146 139 134 131 134 128 122 111
-9999 -9999 -9999 -9999 -9999 -9999 -9999 -9999 -9999 -9999 -9999 -9999 -9999 -9999 -9999 -9999 -9999 -9999 -9999 -9999 -9999 -9999 -9999 -9999 -9999 -9999 -9999 -9999 -9999 -9999 -9999 -9999 -9999 -9999 -9999 -9999 -9999 -9999 -9999 -9999 -9999 -9999 -9999 -9999 -9999 -9999 -9999 -9999 -9999 -9999 -9999 -9999 76 78 90 87 86 68 58 63 86 103 132 152 137 128 130 137 139 135 130 124 138 136 144 146 140 124 119 108 111 112 105 117 122 131 132 123 133 121 117 121 116 122 133 126
-9999 -9999 -9999 -9999 -9999 -9999 -9999 -9999 -9999 -9999 -9999 -9999 -9999 -9999 -9999 -9999 -9999 -9999 -9999 -9999 -9999 -9999 -9999 -9999 -9999 -9999 -9999 -9999 -9999 -9999 -9999 -9999 -9999 -9999 -9999 -9999 -9999 -9999 -9999 -9999 -9999 -9999 -9999 -9999 -9999 -9999 -9999 -9999 -9999 -9999 -9999 83 94 94 90 95 94 91 78 58 76 107 136 128 140 123 116 117 133 118 118 124 133 126 131 136 131 128 126 114 101 104 102 114 117 113 112 118 121 118 106 107 112 128 131 125
-9999 -9999 -9999 -9999 -9999 -9999 -9999 -9999 -9999 -9999 -9999 -9999 -9999 -9999 -9999 -9999 -9999 -9999 -9999 -9999 -9999 -9999 -9999 -9999 -9999 -9999 -9999 -9999 -9999 -9999 -9999 -9999 -9999 -9999 -9999 -9999 -9999 -9999 -9999 -9999 -9999 -9999 -9999 -9999 -9999 -9999 -9999 -9999 -9999 -9999 88 91 103 102 95 87 85 88 79 65 83 116 129 111 123 106 103 117 124 104 104 125 127 118 129 134 119 112 109 107 98 100 110 111 103 106 121 113 106 113 104 102 113 120 126 135
-9999 -9999 -9999 -9999 -9999 -9999 -9999 -9999 -9999 -9999 -9999 -9999 -9999 -9999 -9999 -9999 -9999 -9999 -9999 -9999 -9999 -9999 -9999 -9999 -9999 -9999 -9999 -9999 -9999 -9999 -9999 -9999 -9999 -9999 -9999 -9999 -9999 -9999 -9999 -9999 -9999 -9999 -9999 -9999 -9999 -9999 -9999 -9999 -9999 102 101 112 122 109 92 80 80 65 62 65 82 106 105 101 99 89 87 93 105 94 115 117 110 114 128 129 123 117 106 97 97 109 108 98 100 113 123 112 98 96 98 111 121 123 122 127
-9999 -9999 -9999 -9999 -9999 -9999 -9999 -9999 -9999 -9999 -9999 -9999 -9999 -9999 -9999 -9999 -9999 -9999 -9999 -9999 -9999 -9999 -9999 -9999 -9999 -9999 -9999 -9999 -9999 -9999 -9999 -9999 -9999 -9999 -9999 -9999 -9999 -9999 -9999 -9999 -9999 -9999 -9999 -9999 -9999 -9999 -9999 -9999 102 119 131 146 132 99 88 77 74 57 68 75 80 89 90 94 84 76 64 74 82 99 106 103 108 122 125 112 114 120 111 95 96 103 96 104 109 106 100 97 95 108 118 115 114 117 105 113
-9999 -9999 -9999 -9999 -9999 -9999 -9999 -9999 -9999 -9999 -9999 -9999 -9999 -9999 -9999 -9999 -9999 -9999 -9999 -9999 -9999 -9999 -9999 -9999 -9999 -9999 -9999 -9999 -9999 -9999 -9999 -9999 -9999 -9999 -9999 -9999 -9999 -9999 -9999 -9999 -9999 -9999 -9999 -9999 -9999 -9999 -9999 102 117 137 138 122 99 101 93 67 62 61 84 114 134 107 93 87 65 63 75 88 115 120 131 124 121 116 108 116 105 106 107 93 84 87 93 105 104 91 86 87 96 104 110 106 97 96 101 112
-9999 -9999 -9999 -9999 -9999 -9999 -9999 -9999 -9999 -9999 -9999 -9999 -9999 -9999 -9999 -9999 -9999 -9999 -9999 -9999 -9999 -9999 -9999 -9999 -9999 -9999 -9999 -9999 -9999 -9999 -9999 -9999 -9999 -9999 -9999 -9999 -9999 -9999 -9999 -9999 -9999 -9999 -9999 -9999 -9999 -9999 102 112 127 149 135 113 85 79 97 75 58 61 72 90 118 126 122 75 58 69 72 84 112 119 125 128 113 101 98 103 105 94 105 93 83 101 101 94 90 87 91 98 101 106 96 108 109 101 105 112
-9999 -9999 -9999 -9999 -9999 -9999 -9999 -9999 -9999 -9999 -9999 -9999 -9999 -9999 -9999 -9999 -9999 -9999 -9999 -9999 -9999 -9999 -9999 -9999 -9999 -9999 -9999 -9999 -9999 -9999 -9999 -9999 -9999 -9999 -9999 -9999 -9999 -9999 -9999 -9999 -9999 -9999 -9999 -9999 98 106 116 133 138 122 111 105 92 72 69 63 59 56 59 69 75 106 106 65 58 71 81 103 96 103 111 122 116 106 95 95 101 93 93 87 93 97 92 84 89 97 104 112 116 115 105 113 123 119 118 128
-9999 -9999 -9999 -9999 -9999 -9999 -9999 -9999 -9999 -9999 -9999 -9999 -9999 -9999 -9999 -9999 -9999 -9999 -9999 -9999 -9999 -9999 -9999 -9999 -9999 -9999 -9999 -9999 -9999 -9999 -9999 -9999 -9999 -9999 -9999 -9999 -9999 -9999 -9999 -9999 -9999 -9999 -9999 112 111 128 139 146 141 121 98 85 78 105 125 91 75 74 60 51 50 63 61 53 60 78 98 110 113 126 124 115 106 99 88 95 95 89 83 78 84 84 80 79 88 89 98 105 107 112 117 128 132 129 129 133
-9999 -9999 -9999 -9999 -9999 -9999 -9999 -9999 -9999 -9999 -9999 -9999 -9999 -9999 -9999 -9999 -9999 -9999 -9999 -9999 -9999 -9999 -9999 -9999 -9999 -9999 -9999 -9999 -9999 -9999 -9999 -9999 -9999 -9999 -9999 -9999 -9999 -9999 -9999 -9999 -9999 -9999 115 119 132 135 141 126 112 108 130 117 119 135 129 100 86 89 82 66 56 45 52 87 88 74 92 106 104 112 103 108 99 92 84 93 87 79 81 87 84 94 98 94 86 87 95 96 102 108 123 133 129 128 127 124
-9999 -9999 -9999 -9999 -9999 -9999 -9999 -9999 -9999 -9999 -9999 -9999 -9999 -9999 -9999 -9999 -9999 -9999 -9999 -9999 -9999 -9999 -9999 -9999 -9999 -9999 -9999 -9999 -9999 -9999 -9999 -9999 -9999 -9999 -9999 -9999 -9999 -9999 -9999 -9999 -9999 113 105 116 134 144 146 140 124 140 143 139 147 138 129 105 84 71 77 75 61 47 70 104 117 102 91 95 106 109 96 99 91 82 76 77 76 80 85 98 95 97 105 99 106 100 90 99 102 112 120 132 120 124 116 102
-9999 -9999 -9999 -9999 -9999 -9999 -9999 -9999 -9999 -9999 -9999 -9999 -9999 -9999 -9999 -9999 -9999 -9999 -9999 -9999 -9999 -9999 -9999 -9999 -9999 -9999 -9999 -9999 -9999 -9999 -9999 -9999 -9999 -9999 -9999 -9999 -9999 -9999 -9999 -9999 112 114 103 114 119 139 146 137 138 140 142 147 147 138 132 100 88 79 67 65 48 56 91 114 111 119 101 101 101 108 94 89 89 70 80 85 90 89 88 95 111 108 115 107 110 106 97 89 89 92 108 125 115 114 114 100
-9999 -9999 -9999 -9999 -9999 -9999 -9999 -9999 -9999 -9999 -9999 -9999 -9999 -9999 -9999 -9999 -9999 -9999 -9999 -9999 -9999 -9999 -9999 -9999 -9999 -9999 -9999 -9999 -9999 -9999 -9999 -9999 -9999 -9999 -9999 -9999 -9999 -9999 -9999 125 107 109 105 109 130 135 125 113 116 133 136 133 129 121 110 108 109 98 79 54 46 87 105 90 103 119 107 99 92 94 96 80 79 75 86 95 100 103 100 102 106 103 109 101 112 119 98 105 109 107 103 116 116 103 98 108
-9999 -9999 -9999 -9999 -9999 -9999 -9999 -9999 -9999 -9999 -9999 -9999 -9999 -9999 -9999 -9999 -9999 -9999 -9999 -9999 -9999 -9999 -9999 -9999 -9999 -9999 -9999 -9999 -9999 -9999 -9999 -9999 -9999 -9999 -9999 -9999 -9999 -9999 144 132 136 117 96 107 119 120 110 94 119 138 143 132 126 123 117 90 93 89 72 58 49 66 75 94 112 114 97 85 88 83 83 68 75 88 90 92 88 88 91 91 89 90 97 97 106 115 105 99 107 118 122 125 118 107 97 104
-9999 -9999 -9999 -9999 -9999 -9999 -9999 -9999 -9999 -9999 -9999 -9999 -9999 -9999 -9999 -9999 -9999 -9999 -9999 -9999 -9999 -9999 -9999 -9999 -9999 -9999 -9999 -9999 -9999 -9999 -9999 -9999 -9999 -9999 -9999 -9999 -9999 122 136 137 128 120 97 124 120 97 97 94 120 133 137 137 140 136 124 101 80 76 70 66 70 47 75 99 110 96 67 77 83 76 61 70 79 77 76 81 78 76 80 83 90 92 96 104 117 122 114 112 122 119 123 124 114 101 94 96
-9999 -9999 -9999 -9999 -9999 -9999 -9999 -9999 -9999 -9999 -9999 -9999 -9999 -9999 -9999 -9999 -9999 -9999 -9999 -9999 -9999 -9999 -9999 -9999 -9999 -9999 -9999 -9999 -9999 -9999 -9999 -9999 -9999 -9999 -9999 -9999 137 123 115 132 116 113 90 108 118 104 93 87 99 111 125 132 127 134 135 128 103 77 74 63 70 57 53 87 93 87 79 65 67 58 78 85 79 76 88 96 90 95 96 96 103 110 108 102 106 119 129 125 128 121 115 107 110 104 98 92
-9999 -9999 -9999 -9999 -9999 -9999 -9999 -9999 -9999 -9999 -9999 -9999 -9999 -9999 -9999 -9999 -9999 -9999 -9999 -9999 -9999 -9999 -9999 -9999 -9999 -9999 -9999 -9999 -9999 -9999 -9999 -9999 -9999 -9999 -9999 120 114 105 101 111 101 95 86 92 116 119 108 86 77 96 98 117 108 102 124 120 115 112 106 72 58 52 46 69 66 58 62 56 58 69 81 82 83 77 77 85 95 95 95 106 106 114 121 128 128 124 133 134 130 127 125 120 120 117 112 107
-9999 -9999 -9999 -9999 -9999 -9999 -9999 -9999 -9999 -9999 -9999 -9999 -9999 -9999 -9999 -9999 -9999 -9999 -9999 -9999 -9999 -9999 -9999 -9999 -9999 -9999 -9999 -9999 -9999 -9999 -9999 -9999 -9999 -9999 138 136 126 118 120 103 95 97 89 93 93 104 92 81 76 77 79 85 78 76 110 104 98 110 106 84 68 62 47 55 70 77 80 84 82 72 77 89 93 89 77 78 77 82 90 95 96 107 119 125 128 124 124 125 129 129 129 126 126 118 110 101
-9999 -9999 -9999 -9999 -9999 -9999 -9999 -9999 -9999 -9999 -9999 -9999 -9999 -9999 -9999 -9999 -9999 -9999 -9999 -9999 -9999 -9999 -9999 -9999 -9999 -9999 -9999 -9999 -9999 -9999 -9999 -9999 -9999 138 139 142 137 136 128 122 123 121 118 110 86 91 98 80 72 66 66 63 62 66 73 75 86 84 81 90 93 70 48 45 76 83 81 85 89 92 83 86 97 99 98 85 90 94 86 86 104 116 117 111 111 108 113 119 120 125 120 119 120 116 114 107
-9999 -9999 -9999 -9999 -9999 -9999 -9999 -9999 -9999 -9999 -9999 -9999 -9999 -9999 -9999 -9999 -9999 -9999 -9999 -9999 -9999 -9999 -9999 -9999 -9999 -9999 -9999 -9999 -9999 -9999 -9999 -9999 149 148 146 149 141 127 116 101 112 109 101 84 76 80 80 75 71 83 83 84 90 94 78 60 80 73 67 77 73 65 42 43 68 75 78 83 87 94 97 96 97 103 103 93 101 99 100 104 106 114 105 99 102 111 123 121 122 117 111 112 108 105 97 90
-9999 -9999 -9999 -9999 -9999 -9999 -9999 -9999 -9999 -9999 -9999 -9999 -9999 -9999 -9999 -9999 -9999 -9999 -9999 -9999 -9999 -9999 -9999 -9999 -9999 -9999 -9999 -9999 -9999 -9999 -9999 135 139 136 141 137 133 130 125 106 100 97 83 99 87 87 81 95 89 94 104 105 118 117 111 79 59 66 59 75 60 41 45 46 69 66 76 74 79 85 81 94 102 100 105 105 107 109 111 120 112 103 93 100 109 119 121 108 110 111 104 109 104 99 97 99
-9999 -9999 -9999 -9999 -9999 -9999 -9999 -9999 -9999 -9999 -9999 -9999 -9999 -9999 -9999 -9999 -9999 -9999 -9999 -9999 -9999 -9999 -9999 -9999 -9999 -9999 -9999 -9999 -9999 -9999 140 126 124 123 132 127 125 117 116 94 85 93 104 110 99 105 98 98 102 100 93 108 111 119 99 71 57 51 52 57 48 39 47 57 51 67 72 77 76 80 79 81 85 92 105 110 110 111 106 105 96 88 97 109 118 129 124 113 102 99 106 111 109 115 114 105
-9999 -9999 -9999 -9999 -9999 -9999 -9999 -9999 -9999 -9999 -9999 -9999 -9999 -9999 -9999 -9999 -9999 -9999 -9999 -9999 -9999 -9999 -9999 -9999 -9999 -9999 -9999 -9999 -9999 129 119 117 111 115 120 123 118 100 95 90 101 96 112 118 105 114 108 105 98 86 74 87 75 79 97 84 66 55 46 40 44 45 72 79 65 64 73 80 74 88 92 96 99 100 102 105 102 101 92 85 89 97 103 111 118 111 109 100 105 94 97 101 108 111 102 93
-9999 -9999 -9999 -9999 -9999 -9999 -9999 -9999 -9999 -9999 -9999 -9999 -9999 -9999 -9999 -9999 -9999 -9999 -9999 -9999 -9999 -9999 -9999 -9999 -9999 -9999 -9999 -9999 140 136 132 128 124 104 103 101 101 93 96 102 110 108 105 117 113 108 99 93 90 90 71 60 56 54 55 61 52 44 42 51 72 90 92 89 65 68 62 69 84 88 96 98 98 99 99 91 94 89 82 94 99 104 110 117 110 102 98 94 97 94 100 110 106 106 102 92
-9999 -9999 -9999 -9999 -9999 -9999 -9999 -9999 -9999 -9999 -9999 -9999 -9999 -9999 -9999 -9999 -9999 -9999 -9999 -9999 -9999 -9999 -9999 -9999 -9999 -9999 -9999 128 128 125 118 116 111 114 114 110 114 98 105 114 110 119 119 118 109 98 99 86 75 72 63 61 86 92 63 42 41 57 62 95 82 98 107 83 69 69 68 60 65 70 83 89 83 84 82 80 80 79 89 98 102 104 114 123 120 114 110 107 99 88 92 104 98 105 94 90
-9999 -9999 -9999 -9999 -9999 -9999 -9999 -9999 -9999 -9999 -9999 -9999 -9999 -9999 -9999 -9999 -9999 -9999 -9999 -9999 -9999 -9999 -9999 -9999 -9999 -9999 124 134 129 123 126 128 124 129 127 123 116 107 108 118 115 113 112 108 105 97 94 96 75 78 76 75 78 72 58 39 53 82 93 101 100 105 106 83 66 72 74 68 79 88 84 74 74 76 82 87 88 90 85 92 97 102 111 118 119 115 111 108 102 99 85 88 96 103 99 93
-9999 -9999 -9999 -9999 -9999 -9999 -9999 -9999 -9999 -9999 -9999 -9999 -9999 -9999 -9999 -9999 -9999 -9999 -9999 -9999 -9999 -9999 -9999 -9999 -9999 108 120 129 127 115 114 118 127 132 131 126 123 117 121 115 112 104 105 103 94 87 82 83 80 93 89 78 76 74 57 35 56 80 94 100 104 107 104 82 80 83 84 83 83 74 74 82 92 93 87 94 96 97 97 90 100 109 110 103 107 109 104 105 98 90 83 89 98 101 103 99
-9999 -9999 -9999 -9999 -9999 -9999 -9999 -9999 -9999 -9999 -9999 -9999 -9999 -9999 -9999 -9999 -9999 -9999 -9999 -9999 -9999 -9999 -9999 -9999 93 114 123 120 118 102 105 111 117 124 119 120 121 126 125 116 110 111 101 98 97 98 97 92 86 73 70 63 71 78 73 38 51 84 98 101 102 100 110 91 87 89 86 77 70 73 84 91 94 104 94 95 103 104 105 98 99 98 99 93 94 103 95 95 101 92 82 85 93 99 95 93
-9999 -9999 -9999 -9999 -9999 -9999 -9999 -9999 -9999 -9999 -9999 -9999 -9999 -9999 -9999 -9999 -9999 -9999 -9999 -9999 -9999 -9999 95 84 83 102 108 112 117 100 100 100 116 124 112 109 113 115 116 118 108 106 103 101 100 103 101 89 78 69 64 54 54 59 51 37 62 84 82 73 85 95 101 92 80 83 72 71 81 83 88 94 96 90 86 90 93 104 105 98 90 95 102 89 90 99 96 88 91 88 78 79 93 92 86 81
-9999 -9999 -9999 -9999 -9999 -9999 -9999 -9999 -9999 -9999 -9999 -9999 -9999 -9999 -9999 -9999 -9999 -9999 -9999 -9999 -9999 92 87 79 88 95 98 98 101 100 90 100 115 127 121 103 108 118 112 103 103 102 93 92 90 93 93 92 91 86 80 67 54 42 39 60 61 65 68 57 61 69 77 76 71 68 69 85 90 75 82 95 93 77 76 89 98 101 99 92 87 93 96 82 84 90 97 94 88 83 76 77 91 89 81 78
-9999 -9999 -9999 -9999 -9999 -9999 -9999 -9999 -9999 -9999 -9999 -9999 -9999 -9999 -9999 -9999 -9999 -9999 -9999 -9999 89 101 92 81 81 88 87 86 91 96 86 98 111 117 113 99 110 113 108 100 95 92 92 89 78 77 83 84 87 84 71 55 36 42 54 70 82 90 95 90 86 78 65 68 68 73 74 82 85 68 73 85 82 67 74 90 95 96 99 95 83 94 100 86 75 85 98 99 94 86 79 72 79 89 82 78
-9999 -9999 -9999 -9999 -9999 -9999 -9999 -9999 -9999 -9999 -9999 -9999 -9999 -9999 -9999 -9999 -9999 -9999 -9999 110 109 100 104 90 83 80 76 71 82 86 85 96 101 110 103 90 106 103 103 110 105 103 103 94 90 86 75 72 78 80 63 43 31 43 61 82 90 93 93 95 95 92 87 82 75 70 74 77 75 62 69 75 71 67 81 87 88 81 89 86 78 88 94 87 73 79 88 93 88 86 82 73 73 80 82 78
-9999 -9999 -9999 -9999 -9999 -9999 -9999 -9999 -9999 -9999 -9999 -9999 -9999 -9999 -9999 -9999 -9999 -9999 121 128 123 117 107 94 89 94 85 82 74 74 81 88 89 98 101 87 94 92 104 108 99 95 98 95 96 94 91 67 69 78 74 45 32 49 72 82 84 85 84 87 93 80 67 56 51 53 56 62 58 54 56 60 61 65 66 72 72 79 87 85 80 76 83 84 74 77 89 82 85 85 81 75 68 76 79 76
-9999 -9999 -9999 -9999 -9999 -9999 -9999 -9999 -9999 -9999 -9999 -9999 -9999 -9999 -9999 -9999 -9999 126 133 129 116 122 118 102 105 104 97 96 87 90 78 72 78 87 93 82 85 93 100 97 99 87 84 86 89 86 86 71 55 75 80 54 31 40 65 73 79 80 76 73 63 51 44 51 56 51 48 51 52 62 74 79 79 84 82 81 84 91 90 90 90 73 73 75 71 70 76 85 89 83 79 80 71 68 73 74
-9999 -9999 -9999 -9999 -9999 -9999 -9999 -9999 -9999 -9999 -9999 -9999 -9999 -9999 -9999 -9999 130 135 126 116 106 105 113 98 93 95 104 106 99 88 86 71 71 82 94 88 74 85 94 90 102 88 87 78 79 75 63 57 54 54 55 59 35 32 50 68 80 73 73 62 45 55 72 77 91 74 60 76 71 74 72 70 71 81 89 87 88 88 88 80 83 78 74 68 64 74 81 86 81 77 77 78 80 75 69 66
-9999 -9999 -9999 -9999 -9999 -9999 -9999 -9999 -9999 -9999 -9999 -9999 -9999 -9999 -9999 119 117 116 109 105 107 97 93 85 82 80 88 87 83 72 70 70 67 91 97 94 70 82 86 87 91 91 92 84 76 71 69 82 66 72 63 46 42 33 31 42 74 69 66 44 59 74 80 87 98 86 67 70 63 70 57 59 75 71 78 90 82 81 78 76 78 81 83 78 68 70 79 81 78 75 75 76 77 76 75 69
-9999 -9999 -9999 -9999 -9999 -9999 -9999 -9999 -9999 -9999 -9999 -9999 -9999 -9999 120 114 118 113 114 103 98 92 94 107 99 92 79 74 74 88 90 72 66 69 78 83 76 80 83 81 82 80 89 88 85 81 72 79 77 78 73 58 43 39 34 32 43 55 40 49 72 70 65 78 94 91 73 62 53 53 63 71 65 65 76 80 80 75 71 75 81 87 84 73 66 70 76 79 77 73 74 74 74 74 73 72
-9999 -9999 -9999 -9999 -9999 -9999 -9999 -9999 -9999 -9999 -9999 -9999 -9999 143 128 126 129 125 110 106 112 103 114 114 98 91 88 97 98 99 103 95 83 64 61 65 65 71 78 72 71 71 79 75 78 85 84 81 85 78 70 65 54 48 39 31 32 34 32 49 54 52 62 87 89 86 77 69 53 47 62 64 55 60 68 78 77 70 64 75 81 90 86 77 67 63 73 77 75 73 71 73 73 71 71 71
-9999 -9999 -9999 -9999 -9999 -9999 -9999 -9999 -9999 -9999 -9999 -9999 147 140 135 134 127 116 112 119 127 116 116 114 103 104 106 98 105 106 100 91 91 87 83 75 61 55 67 69 67 75 74 66 73 76 81 79 71 71 68 59 50 46 47 40 33 31 35 40 45 47 52 58 70 65 65 68 54 46 51 50 53 65 71 78 76 68 64 78 85 81 78 75 70 59 66 72 75 73 71 71 72 71 69 70
