Demos/Rbased/CrashCourse/data/climate_processing/PresentLayers/Pyxidanthera_brevifolia/elev.asc
NCOLS 215 
NROWS 157 
XLLCORNER -80.4833333333333 
YLLCORNER 34.2333333333333 
CELLSIZE 0.00833333333333336 
NODATA_value -9999 
[rows 0 to 45 of 157, columns 96 to 191 of 215]
-9999 -9999 -9999 -9999 -9999 -9999 -9999 -9999 -9999 -9999 -9999 -9999 -9999 -9999 -9999 -9999 -9999 -9999 -9999 -9999 -9999 -9999 -9999 -9999 -9999 -9999 -9999 -9999 -9999 -9999 -9999 -9999 -9999 -9999 -9999 -9999 -9999 -9999 -9999 -9999 -9999 -9999 -9999 -9999 -9999 -9999 -9999 -9999 -9999 -9999 -9999 -9999 -9999 -9999 -9999 -9999 -9999 -9999 -9999 -9999 -9999 -9999 -9999 -9999 -9999 -9999 -9999 -9999 -9999 -9999 -9999 -9999 -9999 -9999 -9999 -9999 -9999 -9999 -9999 -9999 -9999 -9999 -9999 -9999 -9999 -9999 -9999 -9999 -9999 -9999 -9999 -9999 -9999 -9999 -9999 -9999
-9999 -9999 -9999 -9999 -9999 -9999 -9999 -9999 -9999 -9999 -9999 -9999 -9999 -9999 -9999 -9999 -9999 -9999 -9999 -9999 -9999 -9999 -9999 -9999 -9999 -9999 -9999 -9999 -9999 -9999 -9999 -9999 -9999 -9999 -9999 -9999 -9999 -9999 -9999 -9999 -9999 -9999 -9999 -9999 -9999 -9999 -9999 -9999 -9999 -9999 -9999 -9999 -9999 -9999 -9999 -9999 -9999 -9999 -9999 -9999 -9999 -9999 -9999 96 92 100 97 86 80 73 68 66 77 83 79 82 80 70 76 -9999 -9999 -9999 -9999 -9999 -9999 -9999 -9999 -9999 -9999 -9999 -9999 -9999 -9999 -9999 -9999 -9999
-9999 -9999 -9999 -9999 -9999 -9999 -9999 -9999 -9999 -9999 -9999 -9999 -9999 -9999 -9999 -9999 -9999 -9999 -9999 -9999 -9999 -9999 -9999 -9999 -9999 -9999 -9999 -9999 -9999 -9999 -9999 -9999 -9999 -9999 -9999 -9999 -9999 -9999 -9999 -9999 -9999 -9999 -9999 -9999 -9999 -9999 -9999 -9999 -9999 -9999 -9999 -9999 -9999 -9999 -9999 -9999 -9999 -9999 -9999 -9999 105 95 103 95 93 85 82 78 68 75 81 73 77 85 88 82 76 76 94 100 97 92 -9999 -9999 -9999 -9999 -9999 -9999 -9999 -9999 -9999 -9999 -9999 -9999 -9999 -9999
-9999 -9999 -9999 -9999 -9999 -9999 -9999 -9999 -9999 -9999 -9999 -9999 -9999 -9999 -9999 -9999 -9999 -9999 -9999 -9999 -9999 -9999 -9999 -9999 -9999 -9999 -9999 -9999 -9999 -9999 -9999 -9999 -9999 -9999 -9999 -9999 -9999 -9999 -9999 -9999 -9999 -9999 -9999 -9999 -9999 -9999 -9999 -9999 -9999 -9999 -9999 -9999 -9999 -9999 -9999 -9999 -9999 85 99 102 111 105 101 96 95 85 76 72 81 92 80 76 83 90 103 82 82 94 116 107 88 92 94 101 97 -9999 -9999 -9999 -9999 -9999 -9999 -9999 -9999 -9999 -9999 -9999
-9999 -9999 -9999 -9999 -9999 -9999 -9999 -9999 -9999 -9999 -9999 -9999 -9999 -9999 -9999 -9999 -9999 -9999 -9999 -9999 -9999 -9999 -9999 -9999 -9999 -9999 -9999 -9999 -9999 -9999 -9999 -9999 -9999 -9999 -9999 -9999 -9999 -9999 -9999 -9999 -9999 -9999 -9999 -9999 -9999 -9999 -9999 -9999 -9999 -9999 -9999 -9999 -9999 -9999 -9999 -9999 95 87 96 105 112 105 102 90 90 92 91 79 95 94 101 86 85 98 132 115 103 106 106 97 110 124 116 103 84 75 56 -9999 -9999 -9999 -9999 -9999 -9999 -9999 -9999 -9999
-9999 -9999 -9999 -9999 -9999 -9999 -9999 -9999 -9999 -9999 -9999 -9999 -9999 -9999 -9999 -9999 -9999 -9999 -9999 -9999 -9999 -9999 -9999 -9999 -9999 -9999 -9999 -9999 -9999 -9999 -9999 -9999 -9999 -9999 -9999 -9999 -9999 -9999 -9999 -9999 -9999 -9999 -9999 -9999 -9999 -9999 -9999 -9999 -9999 -9999 -9999 -9999 -9999 -9999 114 107 105 96 97 100 111 118 110 108 103 98 88 95 110 113 109 92 105 116 128 124 114 104 108 115 117 105 93 89 65 63 74 54 78 -9999 -9999 -9999 -9999 -9999 -9999 -9999
-9999 -9999 -9999 -9999 -9999 -9999 -9999 -9999 -9999 -9999 -9999 -9999 -9999 -9999 -9999 -9999 -9999 -9999 -9999 -9999 -9999 -9999 -9999 -9999 -9999 -9999 -9999 -9999 -9999 -9999 -9999 -9999 -9999 -9999 -9999 -9999 -9999 -9999 -9999 -9999 -9999 -9999 -9999 -9999 -9999 -9999 -9999 -9999 -9999 -9999 -9999 -9999 -9999 103 113 116 108 94 96 105 110 119 129 122 117 105 98 107 122 130 123 114 121 127 128 118 114 120 126 109 100 87 73 71 68 84 79 55 57 68 -9999 -9999 -9999 -9999 -9999 -9999
-9999 -9999 -9999 -9999 -9999 -9999 -9999 -9999 -9999 -9999 -9999 -9999 -9999 -9999 -9999 -9999 -9999 -9999 -9999 -9999 -9999 -9999 -9999 -9999 -9999 -9999 -9999 -9999 -9999 -9999 -9999 -9999 -9999 -9999 -9999 -9999 -9999 -9999 -9999 -9999 -9999 -9999 -9999 -9999 -9999 -9999 -9999 -9999 -9999 -9999 -9999 110 119 120 114 118 111 104 101 102 107 116 125 123 110 117 115 117 131 132 131 128 126 130 138 127 139 137 128 122 119 102 80 92 99 104 96 77 57 57 54 57 -9999 -9999 -9999 -9999
-9999 -9999 -9999 -9999 -9999 -9999 -9999 -9999 -9999 -9999 -9999 -9999 -9999 -9999 -9999 -9999 -9999 -9999 -9999 -9999 -9999 -9999 -9999 -9999 -9999 -9999 -9999 -9999 -9999 -9999 -9999 -9999 -9999 -9999 -9999 -9999 -9999 -9999 -9999 -9999 -9999 -9999 -9999 -9999 -9999 -9999 -9999 -9999 -9999 -9999 108 104 114 124 125 122 115 106 98 104 111 116 120 127 129 129 136 127 123 128 135 132 137 144 140 139 146 135 132 122 104 90 85 99 111 107 83 69 59 79 69 69 68 -9999 -9999 -9999
-9999 -9999 -9999 -9999 -9999 -9999 -9999 -9999 -9999 -9999 -9999 -9999 -9999 -9999 -9999 -9999 -9999 -9999 -9999 -9999 -9999 -9999 -9999 -9999 -9999 -9999 -9999 -9999 -9999 -9999 -9999 -9999 -9999 -9999 -9999 -9999 -9999 -9999 -9999 -9999 -9999 -9999 -9999 -9999 -9999 -9999 -9999 -9999 113 104 99 111 110 124 135 120 114 105 109 108 111 127 138 129 135 136 135 135 133 133 128 126 126 139 143 145 139 120 110 106 100 108 98 106 97 85 75 69 89 89 76 69 103 89 -9999 -9999
-9999 -9999 -9999 -9999 -9999 -9999 -9999 -9999 -9999 -9999 -9999 -9999 -9999 -9999 -9999 -9999 -9999 -9999 -9999 -9999 -9999 -9999 -9999 -9999 -9999 -9999 -9999 -9999 -9999 -9999 -9999 -9999 -9999 -9999 -9999 -9999 -9999 -9999 -9999 -9999 -9999 -9999 -9999 -9999 -9999 -9999 -9999 119 117 107 98 115 121 119 136 132 130 126 122 126 122 141 137 132 128 132 130 129 131 129 122 117 121 124 125 143 137 134 125 107 126 114 115 104 94 88 94 98 90 76 77 91 104 95 88 73
-9999 -9999 -9999 -9999 -9999 -9999 -9999 -9999 -9999 -9999 -9999 -9999 -9999 -9999 -9999 -9999 -9999 -9999 -9999 -9999 -9999 -9999 -9999 -9999 -9999 -9999 -9999 -9999 -9999 -9999 -9999 -9999 -9999 -9999 -9999 -9999 -9999 -9999 -9999 -9999 -9999 -9999 -9999 -9999 -9999 106 109 119 113 105 104 116 131 131 137 146 148 138 134 140 131 137 127 128 123 127 127 121 120 120 120 109 112 114 118 135 143 138 121 119 135 133 131 114 111 111 112 104 88 81 105 104 100 92 70 76
-9999 -9999 -9999 -9999 -9999 -9999 -9999 -9999 -9999 -9999 -9999 -9999 -9999 -9999 -9999 -9999 -9999 -9999 -9999 -9999 -9999 -9999 -9999 -9999 -9999 -9999 -9999 -9999 -9999 -9999 -9999 -9999 -9999 -9999 -9999 -9999 -9999 -9999 -9999 -9999 -9999 -9999 -9999 -9999 110 110 117 122 111 114 101 114 126 136 148 151 150 142 141 142 130 129 122 123 118 123 121 121 110 118 115 112 102 113 112 121 127 139 139 138 142 139 129 119 108 102 95 93 85 99 105 110 102 78 85 85
-9999 -9999 -9999 -9999 -9999 -9999 -9999 -9999 -9999 -9999 -9999 -9999 -9999 -9999 -9999 -9999 -9999 -9999 -9999 -9999 -9999 -9999 -9999 -9999 -9999 -9999 -9999 -9999 -9999 -9999 -9999 -9999 -9999 -9999 -9999 -9999 -9999 -9999 -9999 -9999 -9999 -9999 96 107 110 115 127 127 121 121 109 115 116 128 143 148 135 130 125 127 129 120 122 121 112 115 115 113 103 110 113 102 98 108 107 112 114 116 125 125 137 134 135 127 110 112 104 103 93 106 107 106 98 80 94 101
-9999 -9999 -9999 -9999 -9999 -9999 -9999 -9999 -9999 -9999 -9999 -9999 -9999 -9999 -9999 -9999 -9999 -9999 -9999 -9999 -9999 -9999 -9999 -9999 -9999 -9999 -9999 -9999 -9999 -9999 -9999 -9999 -9999 -9999 -9999 -9999 -9999 -9999 -9999 -9999 -9999 105 104 109 116 122 127 129 133 128 114 125 125 136 144 135 123 121 121 120 126 120 117 121 118 102 113 117 112 95 96 89 94 108 101 103 107 104 109 108 119 119 121 128 120 117 113 102 96 102 96 92 85 90 95 105
-9999 -9999 -9999 -9999 -9999 -9999 -9999 -9999 -9999 -9999 -9999 -9999 -9999 -9999 -9999 -9999 -9999 -9999 -9999 -9999 -9999 -9999 -9999 -9999 -9999 -9999 -9999 -9999 -9999 -9999 -9999 -9999 -9999 -9999 -9999 -9999 -9999 -9999 -9999 98 106 106 108 116 114 124 134 144 144 133 117 128 137 135 140 131 126 117 103 116 119 120 112 112 116 106 99 109 110 88 95 97 85 86 91 85 88 93 98 100 107 112 106 118 119 109 107 106 100 95 97 94 91 105 97 100
-9999 -9999 -9999 -9999 -9999 -9999 -9999 -9999 -9999 -9999 -9999 -9999 -9999 -9999 -9999 -9999 -9999 -9999 -9999 -9999 -9999 -9999 -9999 -9999 -9999 -9999 -9999 -9999 -9999 -9999 -9999 -9999 -9999 -9999 -9999 -9999 -9999 -9999 107 102 110 112 105 118 125 129 141 149 140 126 121 120 124 136 143 144 135 127 128 123 119 112 112 103 102 99 97 90 88 86 109 109 95 96 87 80 88 76 85 90 98 96 108 116 106 99 96 100 93 90 85 88 85 90 84 82
-9999 -9999 -9999 -9999 -9999 -9999 -9999 -9999 -9999 -9999 -9999 -9999 -9999 -9999 -9999 -9999 -9999 -9999 -9999 -9999 -9999 -9999 -9999 -9999 -9999 -9999 -9999 -9999 -9999 -9999 -9999 -9999 -9999 -9999 -9999 -9999 -9999 108 110 105 113 117 100 114 129 141 144 150 144 132 139 130 129 135 144 142 134 125 122 119 114 111 117 107 107 108 101 98 98 104 106 109 102 100 97 101 104 90 74 72 82 88 98 101 96 96 92 94 90 85 84 80 80 82 82 75
-9999 -9999 -9999 -9999 -9999 -9999 -9999 -9999 -9999 -9999 -9999 -9999 -9999 -9999 -9999 -9999 -9999 -9999 -9999 -9999 -9999 -9999 -9999 -9999 -9999 -9999 -9999 -9999 -9999 -9999 -9999 -9999 -9999 -9999 -9999 103 102 111 116 121 117 114 105 107 118 127 142 151 146 139 135 139 137 147 132 129 126 123 117 117 121 121 122 110 105 100 100 110 103 106 109 110 102 100 100 101 103 96 89 86 74 69 89 92 88 94 88 88 90 81 77 73 74 76 82 80
-9999 -9999 -9999 -9999 -9999 -9999 -9999 -9999 -9999 -9999 -9999 -9999 -9999 -9999 -9999 -9999 -9999 -9999 -9999 -9999 -9999 -9999 -9999 -9999 -9999 -9999 -9999 -9999 -9999 -9999 -9999 -9999 -9999 -9999 110 108 105 110 121 131 131 115 107 125 131 131 138 148 141 133 127 131 131 149 137 129 122 118 118 126 121 120 115 111 109 104 102 112 103 106 113 107 103 106 102 104 106 98 95 96 90 75 71 79 93 88 82 81 87 81 76 70 71 86 83 77
-9999 -9999 -9999 -9999 -9999 -9999 -9999 -9999 -9999 -9999 -9999 -9999 -9999 -9999 -9999 -9999 -9999 -9999 -9999 -9999 -9999 -9999 -9999 -9999 -9999 -9999 -9999 -9999 -9999 -9999 -9999 -9999 112 114 119 118 116 109 124 142 137 123 126 135 143 147 140 132 137 134 126 122 127 130 134 139 131 130 121 116 110 107 104 104 100 95 104 109 107 110 111 105 103 95 96 99 101 100 96 95 92 89 76 65 84 82 78 89 92 88 88 86 66 74 75 71
-9999 -9999 -9999 -9999 -9999 -9999 -9999 -9999 -9999 -9999 -9999 -9999 -9999 -9999 -9999 -9999 -9999 -9999 -9999 -9999 -9999 -9999 -9999 -9999 -9999 -9999 -9999 -9999 -9999 -9999 -9999 131 122 130 135 132 134 120 134 142 148 143 147 147 146 141 128 127 133 136 132 118 120 122 125 129 129 124 114 114 110 106 101 98 100 99 100 107 105 102 103 102 95 92 90 90 91 91 93 84 87 90 87 71 65 72 84 91 91 88 82 80 72 63 65 65
-9999 -9999 -9999 -9999 -9999 -9999 -9999 -9999 -9999 -9999 -9999 -9999 -9999 -9999 -9999 -9999 -9999 -9999 -9999 -9999 -9999 -9999 -9999 -9999 -9999 -9999 -9999 -9999 -9999 136 151 155 136 149 160 148 147 135 140 135 133 136 146 141 131 134 123 127 133 130 124 120 113 120 125 121 122 117 111 107 102 106 106 109 110 104 102 112 104 97 91 96 99 95 87 83 83 85 92 91 73 70 67 67 70 63 70 77 79 76 78 73 70 66 57 53
-9999 -9999 -9999 -9999 -9999 -9999 -9999 -9999 -9999 -9999 -9999 -9999 -9999 -9999 -9999 -9999 -9999 -9999 -9999 -9999 -9999 -9999 -9999 -9999 -9999 -9999 -9999 -9999 114 124 141 164 165 162 172 169 166 153 148 142 129 137 141 133 125 119 129 130 126 125 124 117 113 119 114 115 121 121 118 110 107 111 106 111 112 110 113 113 105 103 97 89 91 97 93 88 79 72 72 75 77 81 83 80 83 75 64 62 64 65 67 64 59 59 58 52
-9999 -9999 -9999 -9999 -9999 -9999 -9999 -9999 -9999 -9999 -9999 -9999 -9999 -9999 -9999 -9999 -9999 -9999 -9999 -9999 -9999 -9999 -9999 -9999 -9999 -9999 138 124 115 122 132 148 160 166 166 161 161 159 143 136 124 134 136 129 123 116 127 127 126 118 118 108 111 109 109 116 123 128 123 122 118 117 109 109 104 93 98 102 100 101 98 91 83 81 81 80 76 79 83 86 89 90 92 86 88 79 73 63 58 57 55 55 56 55 53 54
-9999 -9999 -9999 -9999 -9999 -9999 -9999 -9999 -9999 -9999 -9999 -9999 -9999 -9999 -9999 -9999 -9999 -9999 -9999 -9999 -9999 -9999 -9999 -9999 -9999 144 147 130 133 121 133 135 146 161 153 143 145 145 140 137 119 129 136 128 123 112 121 124 125 120 113 103 104 106 117 127 131 119 122 114 124 126 112 108 100 95 92 89 86 84 84 81 81 86 81 89 90 91 91 88 105 116 114 105 87 75 86 80 71 62 60 53 53 55 53 55
-9999 -9999 -9999 -9999 -9999 -9999 -9999 -9999 -9999 -9999 -9999 -9999 -9999 -9999 -9999 -9999 -9999 -9999 -9999 -9999 -9999 -9999 -9999 134 148 151 147 143 137 137 137 146 155 146 145 138 138 137 127 127 115 123 126 121 123 112 112 120 121 117 113 103 109 111 120 116 112 108 108 103 112 126 129 125 114 110 106 96 97 90 85 84 92 92 81 92 111 113 112 110 111 128 134 127 101 91 105 90 76 74 68 69 64 66 66 66
-9999 -9999 -9999 -9999 -9999 -9999 -9999 -9999 -9999 -9999 -9999 -9999 -9999 -9999 -9999 -9999 -9999 -9999 -9999 -9999 -9999 -9999 136 139 150 148 140 152 147 150 150 151 154 145 138 132 125 122 114 114 113 110 110 109 113 112 107 114 117 113 102 107 112 118 113 108 101 101 96 104 112 127 140 137 132 128 108 100 90 87 91 97 96 84 84 95 124 134 128 126 121 112 121 118 106 94 86 90 89 82 80 84 73 77 81 75
-9999 -9999 -9999 -9999 -9999 -9999 -9999 -9999 -9999 -9999 -9999 -9999 -9999 -9999 -9999 -9999 -9999 -9999 -9999 -9999 124 127 139 146 153 143 132 143 141 147 141 140 151 155 148 140 138 127 124 125 129 118 116 110 110 103 97 105 106 105 95 106 111 118 104 101 97 92 98 110 109 122 131 138 120 109 96 92 86 96 100 94 89 82 105 112 118 131 122 110 99 90 106 116 113 101 86 79 71 66 69 67 67 70 77 64
-9999 -9999 -9999 -9999 -9999 -9999 -9999 -9999 -9999 -9999 -9999 -9999 -9999 -9999 -9999 -9999 -9999 -9999 -9999 141 140 141 145 153 152 146 137 131 132 141 136 135 144 142 143 130 128 121 124 126 133 134 132 121 126 115 102 93 99 100 93 106 105 115 110 99 91 99 109 125 122 120 125 133 122 111 109 94 98 108 98 88 90 86 116 110 101 109 125 117 97 82 95 95 102 89 90 95 84 71 63 60 59 55 61 55
-9999 -9999 -9999 -9999 -9999 -9999 -9999 -9999 -9999 -9999 -9999 -9999 -9999 -9999 -9999 -9999 -9999 142 151 151 156 154 150 150 150 143 138 124 117 125 125 134 137 134 133 122 117 113 118 115 113 121 121 128 124 113 111 101 87 86 92 108 101 111 107 95 93 101 113 115 106 107 102 114 114 122 106 103 117 117 106 104 97 93 115 104 84 86 98 97 94 77 80 86 87 83 75 85 88 82 74 72 68 57 50 55
-9999 -9999 -9999 -9999 -9999 -9999 -9999 -9999 -9999 -9999 -9999 -9999 -9999 -9999 -9999 -9999 149 153 149 145 151 146 141 143 145 141 141 140 131 120 114 121 122 129 117 119 116 104 116 111 110 109 110 121 115 116 116 110 101 88 84 95 103 112 100 90 92 104 111 109 96 97 92 95 108 126 119 113 115 122 128 112 103 111 114 94 81 78 76 82 87 76 79 92 88 78 68 69 76 79 69 69 68 60 54 51
-9999 -9999 -9999 -9999 -9999 -9999 -9999 -9999 -9999 -9999 -9999 -9999 -9999 -9999 171 156 146 143 139 133 132 132 128 129 127 124 124 126 125 124 117 99 100 101 108 111 107 102 109 100 106 101 109 116 103 107 106 111 106 95 83 85 100 104 91 92 99 103 98 101 88 89 89 102 112 108 106 102 99 101 116 125 117 115 105 99 94 84 75 69 68 68 73 80 89 85 70 69 63 64 69 59 62 70 63 54
-9999 -9999 -9999 -9999 -9999 -9999 -9999 -9999 -9999 -9999 -9999 -9999 -9999 166 156 151 149 154 150 145 143 141 144 146 140 135 129 128 125 119 119 127 116 107 101 100 98 97 99 91 92 93 94 100 95 97 101 106 99 90 89 84 86 92 82 94 91 99 90 86 82 81 87 101 103 93 109 105 90 93 101 114 109 100 98 102 108 99 84 82 75 63 67 71 83 89 87 82 76 67 57 58 54 51 49 47
-9999 -9999 -9999 -9999 -9999 -9999 -9999 -9999 -9999 -9999 -9999 177 183 178 162 159 170 172 163 162 154 154 151 156 148 151 145 138 136 136 134 122 110 118 115 115 117 112 108 100 100 92 82 82 81 84 91 94 101 94 101 93 88 77 73 80 83 95 86 78 79 86 97 102 94 93 113 107 90 90 106 107 100 90 90 108 101 96 95 88 80 72 62 72 75 84 91 87 89 81 65 57 53 53 51 48
-9999 -9999 -9999 -9999 -9999 -9999 -9999 -9999 -9999 162 161 164 175 180 174 176 169 162 156 144 154 149 139 144 148 149 139 130 128 125 116 106 118 127 122 121 125 123 118 113 115 111 103 94 89 80 79 86 94 99 103 104 100 87 85 76 73 73 73 76 92 103 114 104 85 91 109 98 83 94 101 103 95 88 85 104 100 82 80 103 91 80 65 60 76 89 82 76 80 81 71 64 59 56 49 45
-9999 -9999 -9999 -9999 -9999 -9999 -9999 -9999 150 151 165 171 173 184 178 171 153 141 137 140 140 135 129 129 131 127 125 122 114 114 120 116 119 131 134 130 126 112 108 107 101 95 92 88 88 84 79 80 80 89 91 100 95 95 96 90 80 69 67 67 89 104 113 98 84 87 108 92 80 92 102 110 102 89 82 90 90 79 79 91 79 73 66 57 72 83 79 67 63 65 66 62 55 47 44 45
-9999 -9999 -9999 -9999 -9999 -9999 152 155 144 151 160 174 183 181 178 168 164 160 154 137 132 130 129 129 127 118 114 114 121 133 134 123 127 137 133 126 110 105 104 100 94 100 105 105 100 103 91 89 76 77 80 79 77 80 82 91 90 81 69 67 88 91 100 103 90 80 93 83 79 98 102 103 108 98 83 77 72 73 73 91 86 79 76 62 57 74 84 72 64 56 54 50 45 45 45 45
-9999 -9999 -9999 -9999 -9999 176 158 144 141 158 168 181 179 165 173 171 157 155 160 148 147 148 148 140 126 125 124 127 129 141 146 138 141 137 122 114 121 122 117 101 106 111 121 115 112 110 107 104 95 85 78 75 72 72 73 86 88 84 69 67 80 80 88 99 87 76 80 76 86 101 90 91 105 105 92 83 84 78 67 73 81 92 81 66 58 74 66 63 58 48 44 45 50 51 52 52
-9999 -9999 -9999 155 174 167 155 140 144 159 168 172 166 153 167 164 156 142 151 161 159 149 135 128 132 135 139 146 140 141 156 144 134 126 129 133 132 119 105 116 122 127 130 127 121 112 116 116 108 96 85 78 74 73 70 69 75 84 71 66 70 82 101 105 93 74 73 80 95 92 89 78 98 94 98 99 89 81 80 71 66 84 81 71 57 57 55 50 50 50 50 58 66 59 68 63
-9999 -9999 140 149 163 166 153 137 150 161 160 172 157 149 158 153 149 142 147 159 161 160 139 146 151 149 155 156 155 157 159 153 148 148 151 138 116 109 117 130 141 140 123 123 117 111 103 102 93 88 83 77 84 93 79 69 71 73 74 68 67 78 87 93 86 70 86 102 101 86 76 84 100 83 87 97 99 95 94 79 64 65 68 63 57 49 48 50 52 55 64 63 71 69 72 71
178 167 148 133 144 154 158 135 143 146 155 151 143 152 158 148 139 133 150 146 159 168 162 157 165 161 158 148 138 142 152 158 157 157 146 125 114 124 130 128 121 115 103 108 98 100 97 88 86 87 87 80 95 104 84 77 69 67 67 68 64 65 79 79 80 70 88 93 98 88 71 94 93 75 85 82 88 80 73 72 62 54 53 51 50 49 52 64 68 58 70 73 78 82 75 64
183 173 158 131 126 143 152 136 137 141 140 138 142 159 153 143 130 137 141 140 154 166 158 153 155 155 155 142 127 133 142 138 142 153 130 124 129 135 130 120 117 110 109 104 105 98 90 91 99 98 90 93 105 104 93 94 84 79 79 74 68 63 65 75 76 68 81 81 83 76 68 75 69 67 71 60 64 60 58 55 55 55 54 55 51 58 65 76 71 65 74 80 85 76 73 66
174 171 155 152 132 126 139 134 125 137 144 156 165 164 148 133 126 139 131 139 157 159 142 141 140 151 150 141 130 122 126 133 155 153 137 151 150 145 134 132 131 127 127 116 106 94 95 113 107 114 100 92 109 108 100 90 83 82 91 86 74 73 66 62 65 63 69 70 67 64 59 59 61 62 62 60 59 58 55 60 58 57 59 61 65 69 73 79 75 70 83 92 79 69 58 53
165 166 168 152 143 140 125 117 133 151 164 154 151 164 156 143 126 125 139 150 157 149 134 130 142 161 156 141 128 118 123 144 174 161 155 177 179 148 129 128 123 121 114 101 96 103 109 120 119 116 106 95 103 112 103 98 100 105 96 81 83 94 84 71 64 62 60 61 62 63 67 68 69 65 65 66 65 63 61 61 60 68 70 69 76 81 86 88 80 77 85 85 74 69 68 64
152 159 160 163 159 150 146 125 121 135 142 135 148 160 144 140 125 121 136 152 153 136 126 133 152 163 150 139 133 120 127 139 156 149 151 174 168 146 128 107 103 101 102 105 109 130 131 138 131 121 112 107 110 114 115 116 110 96 86 87 95 90 78 74 87 80 84 75 86 86 82 86 80 76 78 77 70 74 70 68 69 80 80 79 80 91 88 86 87 86 82 81 85 72 65 55
