Demos/Rbased/CrashCourse/data/climate_processing/PresentLayers/Pyxidanthera_brevifolia/elev.asc
NCOLS 275 
NROWS 194 
XLLCORNER -80.3749999998233 
YLLCORNER 33.9 
CELLSIZE 0.00833333333316008 
NODATA_value -9999 
[rows 47 to 93 of 194, columns 96 to 191 of 275]
111 123 128 110 118 131 133 122 113 124 143 132 120 121 122 115 103 115 127 135 147 143 155 163 150 139 135 117 100 90 99 104 101 91 97 104 102 114 103 99 122 123 123 106 112 131 137 123 120 113 104 107 111 115 116 100 88 97 88 83 79 90 115 118 100 102 110 110 94 88 80 77 70 77 72 66 69 62 57 72 71 69 66 69 53 40 31 29 30 31 32 32 32 31 29 32
111 130 125 119 109 125 125 112 118 125 134 134 125 115 113 102 104 117 132 135 132 135 138 147 147 130 121 111 98 100 89 94 96 88 89 91 101 113 107 95 99 116 121 106 99 112 121 119 117 108 91 92 107 108 121 100 82 90 100 85 75 84 95 103 93 83 96 102 97 86 75 72 72 74 70 64 69 68 57 60 70 61 58 63 59 50 28 30 31 31 32 30 30 30 32 42
112 131 136 130 110 109 114 108 126 132 129 119 120 113 100 109 122 133 132 123 123 134 126 128 138 144 121 115 121 116 101 87 88 85 95 107 113 108 92 91 107 119 110 94 95 111 112 101 110 106 87 91 98 96 110 103 82 80 99 92 85 72 68 87 94 79 78 90 82 86 80 69 77 76 73 67 61 60 63 54 58 55 61 69 64 43 27 29 29 30 30 31 31 30 36 45
115 132 139 139 129 107 99 109 118 125 124 118 112 104 102 116 125 126 120 116 126 124 112 119 133 140 133 134 125 118 109 99 86 82 91 99 107 100 93 105 126 130 109 91 95 111 120 102 87 86 86 82 82 92 100 88 81 77 94 99 88 85 75 73 88 85 74 89 80 74 79 74 70 70 74 73 66 60 54 62 52 48 50 60 52 29 29 31 29 29 28 31 32 32 40 41
119 129 127 120 119 111 97 106 119 122 128 123 113 99 100 114 125 121 108 116 115 112 106 116 125 134 131 118 112 100 95 91 93 81 88 102 107 94 88 108 130 123 106 88 87 108 129 108 97 85 80 81 74 86 100 93 86 78 81 92 93 87 77 69 80 83 73 82 78 70 77 73 64 72 76 71 68 58 50 62 62 61 44 60 38 28 31 29 30 30 31 31 33 36 37 39
107 118 111 116 115 110 101 97 110 117 120 110 103 91 105 114 121 121 112 104 104 99 105 109 115 129 138 137 126 117 112 102 90 81 87 98 103 97 86 100 113 107 94 88 93 114 129 116 110 104 93 87 72 81 93 91 86 76 73 86 87 85 80 72 71 78 72 73 74 68 73 68 63 69 73 71 69 67 58 48 54 54 44 47 32 28 28 29 32 31 30 30 31 35 39 40
101 103 103 104 102 104 100 94 99 102 114 109 94 100 106 119 126 123 114 101 94 97 109 117 121 131 148 138 123 119 117 112 102 88 76 89 97 94 82 94 105 113 95 80 90 114 127 104 105 100 94 86 75 76 83 84 78 72 69 78 82 77 80 74 70 77 79 71 64 65 64 62 69 72 71 71 69 67 66 58 50 41 40 36 32 29 25 28 29 31 31 31 31 40 42 42
103 98 97 97 95 94 92 90 88 89 92 94 94 104 116 124 132 120 110 99 97 113 108 117 126 126 144 152 125 105 98 95 90 84 78 78 93 93 84 88 107 108 95 82 84 104 117 112 90 83 84 83 78 76 88 88 80 70 69 78 81 74 79 74 63 72 74 73 72 66 60 59 69 70 70 70 68 65 62 67 63 49 34 33 29 29 25 29 29 30 31 32 32 41 42 47
111 115 109 112 114 109 107 103 95 92 90 88 88 99 114 115 120 108 101 92 101 116 123 119 121 116 123 143 140 128 123 119 103 90 89 76 86 93 82 85 95 99 94 86 80 93 110 113 99 91 87 82 73 70 78 82 77 70 65 71 78 72 73 73 65 72 73 73 71 67 66 57 65 68 68 68 67 60 53 58 61 60 39 31 27 27 26 29 28 30 29 29 31 40 40 43
120 119 117 122 126 120 118 114 107 105 104 94 88 88 99 101 104 95 90 99 106 117 117 116 106 102 113 129 145 145 124 104 101 98 90 84 74 80 77 86 99 99 87 78 86 96 103 111 109 108 98 86 76 72 83 84 75 70 67 75 73 72 65 70 62 67 74 73 70 68 64 52 59 65 65 64 66 64 62 53 46 39 32 29 28 26 24 27 28 28 28 28 31 40 42 43
131 130 126 127 130 125 122 116 109 101 100 103 93 89 87 97 98 92 93 107 114 118 110 102 100 98 107 116 125 132 126 119 115 101 104 99 83 69 75 87 90 92 87 72 78 85 95 98 94 91 93 79 67 71 83 83 80 75 65 73 72 69 64 60 58 67 69 69 68 65 63 56 58 65 61 64 65 64 56 51 43 42 39 28 27 25 29 28 28 29 30 29 32 40 42 42
133 135 131 128 124 121 117 116 108 101 96 92 90 88 85 89 91 89 94 104 120 114 102 94 92 100 110 116 108 123 137 140 118 117 106 100 88 77 70 82 86 87 80 72 86 97 97 92 87 84 87 83 71 71 79 79 76 75 70 64 62 66 70 62 56 65 66 68 66 64 65 56 50 61 59 60 61 61 54 50 49 57 47 30 27 25 28 28 28 29 28 28 35 37 41 42
122 133 125 116 113 107 103 100 96 96 94 99 100 94 87 84 86 86 94 107 116 103 95 92 101 105 114 112 101 105 113 122 113 106 91 81 79 76 72 72 82 80 71 75 86 90 92 92 82 82 83 79 77 65 76 77 77 72 72 72 70 63 61 61 53 52 54 61 62 62 63 56 49 60 57 54 59 56 57 59 58 60 48 31 27 27 26 27 28 29 29 31 33 36 37 41
117 130 119 119 116 106 102 112 110 112 107 113 108 101 93 88 86 82 87 96 101 94 90 101 103 108 113 106 94 112 120 119 109 99 90 93 86 88 84 71 66 68 73 76 81 88 86 82 79 75 78 75 75 69 71 76 76 76 74 71 69 67 68 65 65 64 53 51 60 57 55 55 50 61 55 54 56 58 64 66 63 62 53 40 28 28 25 27 27 27 30 35 31 38 37 39
126 134 125 117 114 108 107 120 123 128 126 119 107 97 97 101 96 84 82 82 87 86 91 94 97 108 111 102 95 108 112 117 115 113 109 107 95 88 78 78 69 63 63 74 80 80 79 78 78 73 75 71 70 69 64 73 76 73 73 71 71 65 66 67 67 64 58 49 53 61 52 44 52 53 50 53 57 59 66 65 63 59 50 46 34 30 26 27 27 26 31 33 32 40 41 40
133 141 128 114 123 128 117 123 130 126 117 109 106 107 106 99 92 92 86 80 81 82 87 95 106 109 103 95 97 108 109 111 107 108 104 103 96 87 85 84 76 76 73 64 75 77 78 78 73 72 73 68 67 68 59 71 72 71 70 67 68 68 62 65 68 65 62 55 45 54 55 43 50 46 49 55 58 63 66 60 56 57 55 51 40 30 27 26 29 26 30 33 34 40 48 44
125 131 127 122 129 130 124 125 127 118 119 123 119 107 99 97 99 95 92 86 81 78 81 96 108 99 95 89 95 103 110 107 99 103 99 93 92 93 89 89 85 82 79 72 61 68 75 76 74 69 66 65 61 63 62 63 70 70 71 65 64 66 63 57 65 65 60 59 55 44 45 44 42 40 38 43 52 60 63 60 54 49 54 55 51 35 27 26 29 28 27 30 31 36 45 44
108 119 130 132 134 134 128 128 129 126 127 119 111 112 111 111 105 101 94 87 87 82 80 84 97 89 86 88 97 105 109 108 96 91 92 88 86 87 83 84 82 81 77 73 68 60 64 64 68 69 67 67 68 67 61 60 59 69 70 67 63 61 62 53 64 63 59 57 55 57 56 54 54 55 46 37 56 62 56 59 60 53 46 53 51 44 29 24 27 27 26 25 24 24 28 36
113 129 132 132 135 130 131 132 124 120 125 122 124 119 115 108 101 94 92 95 91 87 83 81 81 78 92 97 101 105 104 101 95 88 85 85 85 83 82 80 78 78 75 76 75 69 62 60 59 57 58 56 54 56 53 50 55 62 67 63 58 63 62 56 54 54 55 57 55 55 56 52 52 52 47 36 39 42 42 46 53 55 45 42 49 48 35 28 22 24 22 22 23 22 22 21
109 115 122 130 130 121 125 118 120 109 118 119 123 119 111 104 101 102 103 103 90 85 81 79 78 78 95 105 100 100 96 93 91 87 85 81 82 81 79 78 76 77 77 77 75 72 73 73 72 71 69 70 68 66 65 59 50 50 56 61 58 58 62 55 48 55 51 49 47 44 41 41 39 35 34 33 34 32 31 33 31 37 46 42 46 48 41 28 27 26 26 24 24 25 23 21
118 121 123 124 124 114 116 111 104 102 107 118 114 117 119 109 114 111 110 104 91 86 80 77 78 76 86 87 90 87 87 88 85 83 83 82 79 78 79 76 74 73 75 77 78 77 74 74 74 76 72 73 71 68 70 67 67 58 49 49 50 49 49 49 44 44 41 44 46 46 44 45 43 44 48 45 44 44 39 36 35 31 30 30 29 29 28 27 27 26 28 29 24 24 22 20
122 114 110 110 116 109 110 115 102 94 98 105 102 112 118 116 119 119 113 105 100 97 89 79 76 73 75 82 82 81 82 83 81 81 79 79 78 76 75 74 71 73 75 75 76 75 75 73 74 74 71 71 71 69 69 67 67 67 65 55 50 46 46 47 48 50 54 58 58 56 55 55 55 56 55 49 51 50 47 43 39 34 33 33 30 30 30 29 26 25 26 27 26 24 22 21
104 109 98 103 112 116 104 108 106 101 92 95 102 104 104 112 114 115 112 104 100 103 93 81 78 77 73 82 81 80 81 81 80 78 78 75 77 76 74 72 70 72 74 73 73 73 73 72 75 74 71 71 69 69 69 68 65 65 61 62 65 62 57 53 57 59 59 59 58 57 58 57 57 55 54 54 55 54 51 52 48 46 44 43 42 39 37 33 27 24 27 26 26 23 21 27
88 103 91 103 114 110 101 104 105 98 89 87 91 96 105 109 105 106 109 104 96 92 87 81 78 77 74 79 80 79 82 79 77 79 78 75 75 73 72 72 69 69 73 72 74 72 72 72 71 72 70 69 70 70 68 66 65 64 62 62 62 65 61 58 58 58 58 58 57 57 58 56 55 54 54 56 55 55 52 51 51 49 47 46 43 41 40 35 25 24 25 25 23 20 25 29
92 88 94 107 106 104 97 102 102 94 87 86 91 98 103 106 103 98 98 94 89 84 84 81 78 77 72 76 79 81 81 80 77 76 76 76 75 74 72 72 71 68 72 71 72 72 71 71 71 70 69 68 67 68 69 66 65 65 64 63 63 63 60 58 58 59 58 58 56 57 57 55 55 54 54 55 50 51 51 52 53 50 45 40 41 36 39 40 25 25 24 23 21 25 29 28
89 82 92 100 107 110 98 93 102 99 88 83 84 95 95 95 98 95 89 86 83 84 81 78 76 75 72 75 78 78 78 77 77 75 76 78 75 74 74 72 70 67 69 71 73 72 70 69 71 68 67 66 67 68 67 65 65 63 61 61 60 60 60 59 59 57 58 59 58 56 55 57 53 53 52 53 52 51 51 52 54 51 47 47 49 46 47 45 30 27 25 21 22 26 28 27
97 84 90 99 107 107 101 92 96 101 93 83 80 83 87 87 92 91 86 85 80 78 76 76 75 74 71 71 75 77 77 78 77 77 75 74 74 73 77 73 71 68 67 71 70 71 69 70 67 66 66 66 64 65 66 64 64 65 62 60 60 59 59 58 57 57 56 58 57 57 56 56 54 54 52 50 51 53 52 52 53 52 50 50 50 48 48 47 42 26 26 19 22 25 28 28
89 82 88 86 98 106 105 93 94 98 96 90 81 76 79 88 87 86 83 81 79 79 75 74 76 73 69 69 74 76 76 77 76 76 75 73 74 73 72 73 71 71 70 67 68 68 68 68 68 67 64 66 64 65 65 64 63 62 61 59 57 57 57 57 56 58 55 54 55 55 54 54 52 53 53 53 50 51 50 51 53 53 52 52 53 50 49 50 45 28 23 22 22 24 30 28
99 94 79 81 88 94 92 97 95 85 92 94 89 82 78 80 83 82 79 78 78 77 73 74 74 73 70 68 69 76 75 75 75 76 74 75 75 72 73 72 70 70 73 71 67 65 68 68 67 67 65 65 61 62 64 64 62 62 60 59 59 59 57 59 56 55 54 54 53 54 54 54 52 51 51 50 52 49 50 49 52 52 51 51 50 50 48 50 50 30 23 19 25 26 29 30
108 107 96 81 77 80 81 93 101 94 85 86 87 84 79 75 81 80 78 75 75 75 72 73 72 72 70 67 67 74 75 75 74 76 74 73 72 72 72 72 71 70 70 69 70 66 63 64 68 66 66 66 64 63 60 63 62 63 61 59 59 61 58 56 54 55 53 53 53 53 53 53 54 53 51 50 48 49 48 49 50 50 49 48 46 48 43 50 46 29 22 21 25 24 27 29
101 107 106 91 86 74 77 86 93 89 84 83 83 82 80 76 75 77 78 74 74 72 69 75 72 70 69 68 66 73 73 75 75 73 73 72 71 72 71 70 71 69 69 69 71 70 66 62 65 64 67 65 64 63 62 59 60 60 60 59 58 60 57 56 57 57 57 55 55 52 48 50 51 54 52 51 50 46 48 50 50 48 47 48 46 41 41 45 44 31 21 22 23 26 29 29
91 102 103 96 87 75 75 90 89 86 84 78 83 83 80 77 76 71 78 78 75 75 68 72 70 71 69 66 66 74 72 73 74 70 73 74 72 70 71 70 69 68 67 68 70 67 68 67 65 63 63 63 64 63 63 61 59 58 59 60 60 59 57 58 59 58 56 57 55 54 51 48 47 49 50 50 51 48 48 50 50 50 48 48 48 43 36 38 42 26 20 22 23 25 27 29
87 90 89 87 76 70 76 83 82 83 82 77 79 79 78 76 76 70 74 82 76 76 72 67 72 69 67 65 66 75 73 73 72 72 72 73 71 70 71 72 68 68 67 65 67 66 68 67 67 65 60 61 63 63 62 62 62 60 55 59 58 58 58 57 58 56 57 55 55 53 53 53 51 46 48 49 52 50 46 47 50 48 47 47 45 40 37 34 34 22 18 22 21 24 27 27
82 80 76 79 73 70 72 76 80 79 80 78 76 75 78 77 75 70 69 74 74 74 72 68 73 69 68 65 68 71 70 71 71 71 70 71 71 70 68 69 68 69 68 66 66 64 65 66 65 66 63 59 61 59 60 61 61 60 59 55 56 57 57 57 57 59 56 56 56 54 54 53 51 51 47 46 50 50 47 45 47 48 47 46 47 48 46 45 45 37 18 22 23 24 25 27
90 82 78 74 72 70 72 77 80 78 77 79 78 73 74 75 74 66 64 69 73 72 70 66 70 69 66 65 67 72 71 70 70 69 69 69 70 68 67 68 67 67 67 67 66 66 64 65 64 64 64 58 56 58 60 61 61 60 60 59 54 57 56 56 56 54 56 57 56 54 53 53 52 53 50 47 47 48 49 45 44 47 47 46 47 47 45 44 44 39 19 21 23 23 28 28
88 86 81 72 72 69 76 78 79 78 78 76 77 75 70 73 72 66 65 69 73 70 70 66 69 68 65 64 65 68 72 72 72 69 68 68 68 68 67 67 68 67 68 69 67 65 62 62 64 63 63 56 48 54 60 62 61 60 59 58 54 53 54 55 54 54 53 53 54 54 53 54 53 53 52 47 45 48 48 48 43 45 47 47 46 45 45 43 44 40 20 21 22 22 25 28
82 80 77 75 74 69 77 76 76 78 77 76 76 76 73 70 66 66 63 67 73 69 69 64 68 67 62 64 64 65 68 70 69 68 67 67 66 67 68 66 66 66 65 67 65 67 65 60 60 62 58 54 48 47 55 61 60 58 58 58 54 54 52 52 50 50 50 51 52 54 53 53 51 50 48 48 45 44 45 46 44 43 47 46 45 44 42 43 42 46 22 20 22 21 22 27
74 72 77 78 74 68 74 75 77 77 75 73 73 73 74 74 70 65 64 64 68 69 65 64 64 68 62 64 64 66 67 71 70 68 67 67 68 67 67 66 65 65 65 65 64 64 65 64 62 56 51 51 53 47 46 52 57 58 57 55 56 56 55 54 54 52 52 51 52 52 51 51 52 51 51 47 44 43 43 42 41 41 44 46 46 45 43 41 40 36 24 17 19 21 22 24
75 71 73 76 74 66 70 75 75 74 74 72 70 73 72 72 71 71 72 65 62 64 67 62 64 70 62 63 64 62 65 68 69 68 67 66 67 67 67 66 65 62 65 65 63 63 64 65 61 56 54 49 48 49 43 43 50 56 58 56 56 58 57 55 53 54 53 52 52 50 48 50 52 50 51 48 48 46 44 45 43 41 40 44 47 46 45 45 44 41 37 17 19 21 21 23
73 71 67 74 71 65 67 74 74 72 73 72 72 69 70 70 70 70 69 69 64 60 60 60 66 65 63 61 63 61 63 69 68 67 65 65 65 65 66 65 64 63 61 63 60 61 61 60 56 55 54 53 47 45 43 44 43 51 55 55 54 54 58 55 54 55 54 52 52 52 50 46 44 45 46 47 48 47 47 46 44 42 40 39 44 46 45 45 45 41 41 23 15 20 20 21
74 72 67 70 69 64 68 72 73 71 72 72 73 70 70 70 68 67 66 65 67 65 61 61 66 66 63 61 61 62 62 68 65 66 65 64 64 63 63 64 65 63 63 62 61 59 60 54 54 54 53 53 51 51 48 44 43 45 49 55 56 54 55 56 54 53 53 54 53 52 50 47 46 46 46 43 42 45 45 44 43 42 40 39 43 45 43 43 42 40 43 36 16 18 22 20
74 72 67 63 64 59 69 72 72 71 72 71 70 70 67 68 66 65 66 66 64 66 61 60 65 65 64 64 59 62 64 65 64 66 65 62 62 62 62 62 65 62 62 62 62 58 51 52 52 52 51 51 51 51 51 50 45 41 43 48 56 56 57 56 55 54 54 53 52 52 51 48 47 48 48 47 43 42 42 41 43 42 42 40 38 42 44 43 42 41 41 41 21 17 21 20
65 69 68 67 58 63 69 69 72 71 71 72 71 70 68 65 66 63 64 64 65 64 59 60 67 66 66 66 60 60 62 65 65 64 66 63 61 62 63 62 63 64 62 64 61 54 54 50 52 52 52 50 50 51 50 50 48 41 44 48 49 52 54 53 53 52 52 52 52 51 50 52 48 50 49 48 46 47 48 47 48 46 44 43 38 38 43 41 40 40 40 44 25 17 20 19
61 61 62 63 61 70 68 70 69 69 69 69 70 68 67 65 63 62 61 63 63 63 58 62 65 64 63 63 60 59 61 63 65 63 63 62 61 62 62 62 63 62 61 61 56 54 53 52 49 49 51 51 48 49 50 49 48 42 41 46 46 47 52 52 52 51 52 51 50 50 50 49 48 48 49 49 48 49 48 46 47 44 45 43 40 38 42 43 41 39 42 42 36 18 21 20
70 67 65 61 58 63 66 68 69 68 65 66 68 66 66 65 65 65 61 60 61 63 57 62 64 64 64 64 60 58 59 61 63 62 61 61 61 62 60 61 61 61 59 55 54 53 53 52 52 50 47 46 48 48 50 50 48 43 40 43 45 45 47 51 50 51 50 50 48 48 50 49 49 49 48 47 47 47 47 44 43 43 45 44 41 36 41 42 42 41 40 40 40 24 16 19
70 69 69 68 63 56 64 67 72 69 66 64 66 64 64 64 63 63 60 61 62 62 57 58 63 62 62 63 60 57 59 59 63 63 61 62 61 61 60 60 60 59 54 53 53 53 53 51 51 50 51 48 44 44 49 48 46 43 38 41 44 44 44 46 50 50 50 48 46 46 48 48 48 48 46 45 46 45 44 42 42 42 42 41 42 36 38 41 41 41 39 40 41 40 20 18
71 68 68 66 67 56 56 61 70 68 67 64 61 63 62 62 62 60 57 61 62 62 60 56 62 61 62 63 62 58 58 57 60 61 59 58 61 59 59 59 59 54 53 52 52 52 52 51 49 50 49 49 48 45 44 47 46 45 38 38 43 43 42 43 45 49 49 48 46 47 47 47 46 47 46 45 45 45 44 44 42 38 36 36 36 35 36 40 42 42 40 38 40 40 35 30
