Demos/Rbased/CrashCourse/data/climate_processing/PresentLayers/Pyxidanthera_brevifolia/elev.asc
NCOLS 215 
NROWS 157 
XLLCORNER -80.4833333333333 
YLLCORNER 34.2333333333333 
CELLSIZE 0.00833333333333336 
NODATA_value -9999 
[rows 92 to 137 of 157, columns 96 to 191 of 215]
68 64 74 81 86 81 77 77 78 80 75 69 66 65 69 68 67 58 63 69 69 72 71 71 72 71 70 68 65 66 63 64 64 65 64 59 60 67 66 66 66 60 60 62 65 65 64 66 63 61 62 63 62 63 64 62 64 61 54 54 50 52 52 52 50 50 51 50 50 48 41 44 48 49 52 54 53 53 52 52 52 52 51 50 52 48 50 49 48 46 47 48 47 48 46 44
78 68 70 79 81 78 75 75 76 77 76 75 69 61 61 62 63 61 70 68 70 69 69 69 69 70 68 67 65 63 62 61 63 63 63 58 62 65 64 63 63 60 59 61 63 65 63 63 62 61 62 62 62 63 62 61 61 56 54 53 52 49 49 51 51 48 49 50 49 48 42 41 46 46 47 52 52 52 51 52 51 50 50 50 49 48 48 49 49 48 49 48 46 47 44 45
73 66 70 76 79 77 73 74 74 74 74 73 72 70 67 65 61 58 63 66 68 69 68 65 66 68 66 66 65 65 65 61 60 61 63 57 62 64 64 64 64 60 58 59 61 63 62 61 61 61 62 60 61 61 61 59 55 54 53 53 52 52 50 47 46 48 48 50 50 48 43 40 43 45 45 47 51 50 51 50 50 48 48 50 49 49 49 48 47 47 47 47 44 43 43 45
77 67 63 73 77 75 73 71 73 73 71 71 71 70 69 69 68 63 56 64 67 72 69 66 64 66 64 64 64 63 63 60 61 62 62 57 58 63 62 62 63 60 57 59 59 63 63 61 62 61 61 60 60 60 59 54 53 53 53 53 51 51 50 51 48 44 44 49 48 46 43 38 41 44 44 44 46 50 50 50 48 46 46 48 48 48 48 46 45 46 45 44 42 42 42 42
75 70 59 66 72 75 73 71 71 72 71 69 70 71 68 68 66 67 56 56 61 70 68 67 64 61 63 62 62 62 60 57 61 62 62 60 56 62 61 62 63 62 58 58 57 60 61 59 58 61 59 59 59 59 54 53 52 52 52 52 51 49 50 49 49 48 45 44 47 46 45 38 38 43 43 42 43 45 49 49 48 46 47 47 47 46 47 46 45 45 45 44 44 42 38 36
72 70 60 61 72 73 72 70 68 68 70 69 68 67 67 65 66 64 58 54 62 67 65 65 67 62 59 62 61 60 60 56 59 62 64 61 57 56 57 62 61 62 60 57 56 58 59 60 58 58 58 58 58 53 52 52 50 51 52 50 50 50 48 47 46 48 47 42 42 46 45 39 37 42 42 40 40 42 45 48 48 46 46 46 46 45 46 47 45 44 43 43 42 38 37 40
68 68 64 59 66 70 70 69 67 66 68 71 70 66 65 64 65 65 62 54 60 66 65 61 64 62 62 61 61 57 58 57 59 61 60 60 58 53 56 59 60 60 61 59 56 55 55 58 58 56 57 56 53 52 51 52 51 49 50 50 50 49 49 49 48 45 44 44 40 42 44 40 36 40 41 41 39 40 42 44 47 48 45 43 43 44 45 44 43 43 41 40 38 37 43 -9999
65 67 61 57 63 66 69 68 66 65 66 66 65 63 64 63 62 62 62 54 58 65 62 61 61 63 63 56 57 56 57 54 58 60 59 58 59 56 52 57 59 59 60 59 55 54 54 53 53 55 55 50 50 50 50 50 50 49 48 50 49 49 49 48 48 47 45 42 41 37 43 41 36 39 40 39 38 37 40 41 44 46 46 45 44 42 42 43 43 44 44 41 -9999 -9999 -9999 -9999
66 62 54 56 66 69 67 67 67 63 63 63 63 63 62 62 60 61 60 57 55 63 60 60 61 60 59 54 55 57 55 56 58 61 58 58 58 56 52 57 59 59 58 59 57 55 53 54 52 52 48 48 49 50 49 49 50 49 48 48 48 48 48 48 47 47 46 44 41 36 38 40 35 37 39 39 38 37 36 39 40 43 47 45 45 42 41 42 43 43 -9999 -9999 -9999 -9999 -9999 -9999
64 61 52 61 66 67 64 64 65 65 63 62 60 64 62 63 62 60 60 61 53 58 60 60 61 59 56 52 55 56 54 58 60 57 57 57 56 52 55 58 57 58 58 58 57 55 53 53 52 47 44 47 49 49 50 49 49 48 48 46 46 46 47 47 47 46 46 45 43 42 38 36 34 36 40 39 37 38 35 39 38 38 42 44 44 43 40 -9999 -9999 -9999 -9999 -9999 -9999 -9999 -9999 -9999
62 57 54 62 63 63 63 60 61 63 64 63 58 60 62 59 58 56 61 62 58 51 58 62 61 59 56 52 49 52 55 56 57 56 56 56 53 50 56 58 57 56 59 56 57 55 54 53 48 45 44 44 46 47 48 49 48 47 47 47 44 45 46 46 46 46 45 44 44 42 42 40 34 36 40 41 39 36 34 35 36 37 38 42 -9999 -9999 -9999 -9999 -9999 -9999 -9999 -9999 -9999 -9999 -9999 -9999
60 55 55 59 59 60 60 59 58 62 63 62 61 57 62 62 56 55 58 59 62 51 57 62 58 55 55 51 51 53 54 56 56 55 56 58 52 51 55 55 56 57 57 55 56 55 54 48 45 44 44 44 43 43 45 47 48 47 47 46 45 44 45 45 45 45 44 43 42 42 40 38 33 33 39 41 39 37 35 33 34 -9999 -9999 -9999 -9999 -9999 -9999 -9999 -9999 -9999 -9999 -9999 -9999 -9999 -9999 -9999
53 52 50 54 55 57 58 58 61 61 62 60 60 54 60 60 58 53 54 60 59 53 59 61 56 52 53 50 51 53 56 55 55 54 55 55 52 51 54 55 54 54 55 55 54 53 50 46 44 44 44 43 44 43 42 42 44 46 46 46 45 44 43 43 44 45 43 42 40 42 41 40 35 32 36 41 40 38 -9999 -9999 -9999 -9999 -9999 -9999 -9999 -9999 -9999 -9999 -9999 -9999 -9999 -9999 -9999 -9999 -9999 -9999
55 49 48 54 59 60 61 61 60 60 60 58 58 53 54 55 57 58 54 56 56 53 59 57 53 53 52 48 51 54 54 55 54 53 54 54 50 49 53 54 54 55 55 54 52 49 46 46 46 44 43 43 44 42 42 42 42 41 45 45 45 45 45 41 43 42 43 43 41 39 39 36 34 32 35 39 -9999 -9999 -9999 -9999 -9999 -9999 -9999 -9999 -9999 -9999 -9999 -9999 -9999 -9999 -9999 -9999 -9999 -9999 -9999 -9999
55 45 56 60 60 60 61 61 60 59 58 59 60 58 56 56 51 51 52 52 52 51 59 57 56 54 51 47 50 52 52 54 54 53 54 53 49 49 54 53 53 54 55 53 51 46 45 46 46 45 43 42 44 43 42 42 41 41 40 42 44 44 44 43 41 41 41 43 42 41 41 40 38 -9999 -9999 -9999 -9999 -9999 -9999 -9999 -9999 -9999 -9999 -9999 -9999 -9999 -9999 -9999 -9999 -9999 -9999 -9999 -9999 -9999 -9999 -9999
49 47 58 58 59 58 59 59 58 57 57 60 59 61 58 57 56 58 59 50 50 50 56 58 58 54 52 51 46 52 50 50 51 53 55 53 51 46 51 52 52 52 54 49 46 45 45 45 46 46 44 42 42 41 41 41 41 41 41 39 40 43 44 44 43 42 39 42 42 41 -9999 -9999 -9999 -9999 -9999 -9999 -9999 -9999 -9999 -9999 -9999 -9999 -9999 -9999 -9999 -9999 -9999 -9999 -9999 -9999 -9999 -9999 -9999 -9999 -9999 -9999
44 52 57 56 56 59 58 57 56 58 61 61 59 59 60 58 56 55 54 48 47 53 56 56 54 52 51 52 47 49 48 51 52 53 53 56 54 46 47 51 52 51 48 44 43 44 44 44 44 44 44 44 43 42 41 41 41 40 40 40 39 39 41 42 42 42 40 -9999 -9999 -9999 -9999 -9999 -9999 -9999 -9999 -9999 -9999 -9999 -9999 -9999 -9999 -9999 -9999 -9999 -9999 -9999 -9999 -9999 -9999 -9999 -9999 -9999 -9999 -9999 -9999 -9999
43 56 57 53 52 53 55 54 55 60 62 61 60 58 59 60 57 59 58 53 47 55 56 54 53 54 52 50 48 46 46 50 50 52 52 52 51 48 48 51 51 48 43 42 42 42 42 44 44 44 44 44 44 43 42 41 40 39 38 38 39 38 37 38 38 -9999 -9999 -9999 -9999 -9999 -9999 -9999 -9999 -9999 -9999 -9999 -9999 -9999 -9999 -9999 -9999 -9999 -9999 -9999 -9999 -9999 -9999 -9999 -9999 -9999 -9999 -9999 -9999 -9999 -9999 -9999
48 57 52 52 50 52 52 52 53 57 59 59 62 58 57 57 58 59 59 55 45 51 52 52 50 50 50 51 50 44 49 49 50 50 51 52 50 46 47 50 48 44 41 41 40 40 41 43 43 42 42 42 43 43 42 41 40 39 38 38 38 37 -9999 -9999 -9999 -9999 -9999 -9999 -9999 -9999 -9999 -9999 -9999 -9999 -9999 -9999 -9999 -9999 -9999 -9999 -9999 -9999 -9999 -9999 -9999 -9999 -9999 -9999 -9999 -9999 -9999 -9999 -9999 -9999 -9999 -9999
49 47 45 48 50 53 49 53 51 52 56 57 58 58 56 55 57 60 62 59 54 48 47 48 47 45 49 52 48 46 49 49 48 49 49 51 50 46 49 47 44 42 39 41 38 38 41 42 42 42 40 39 42 42 42 41 41 39 38 -9999 -9999 -9999 -9999 -9999 -9999 -9999 -9999 -9999 -9999 -9999 -9999 -9999 -9999 -9999 -9999 -9999 -9999 -9999 -9999 -9999 -9999 -9999 -9999 -9999 -9999 -9999 -9999 -9999 -9999 -9999 -9999 -9999 -9999 -9999 -9999 -9999
45 46 46 47 50 46 47 50 50 50 53 56 58 58 54 52 57 59 61 57 55 52 51 50 49 47 44 45 43 44 50 51 49 48 48 50 47 45 48 42 42 42 41 39 36 38 40 41 41 41 40 41 39 42 41 41 41 -9999 -9999 -9999 -9999 -9999 -9999 -9999 -9999 -9999 -9999 -9999 -9999 -9999 -9999 -9999 -9999 -9999 -9999 -9999 -9999 -9999 -9999 -9999 -9999 -9999 -9999 -9999 -9999 -9999 -9999 -9999 -9999 -9999 -9999 -9999 -9999 -9999 -9999 -9999
47 48 43 45 47 45 49 51 52 52 52 54 53 53 52 53 57 59 60 55 50 52 51 52 50 52 49 47 44 40 41 50 52 51 48 47 45 45 43 42 41 41 39 37 36 39 39 40 41 40 38 38 37 40 -9999 -9999 -9999 -9999 -9999 -9999 -9999 -9999 -9999 -9999 -9999 -9999 -9999 -9999 -9999 -9999 -9999 -9999 -9999 -9999 -9999 -9999 -9999 -9999 -9999 -9999 -9999 -9999 -9999 -9999 -9999 -9999 -9999 -9999 -9999 -9999 -9999 -9999 -9999 -9999 -9999 -9999
46 46 45 43 44 43 50 52 54 54 52 52 51 49 54 57 58 60 59 54 50 51 54 51 50 51 50 50 48 42 37 50 53 48 47 47 42 37 41 41 39 37 35 36 40 41 40 39 40 39 38 -9999 -9999 -9999 -9999 -9999 -9999 -9999 -9999 -9999 -9999 -9999 -9999 -9999 -9999 -9999 -9999 -9999 -9999 -9999 -9999 -9999 -9999 -9999 -9999 -9999 -9999 -9999 -9999 -9999 -9999 -9999 -9999 -9999 -9999 -9999 -9999 -9999 -9999 -9999 -9999 -9999 -9999 -9999 -9999 -9999
44 44 43 43 42 39 44 54 56 54 54 54 51 50 55 58 61 61 57 54 51 48 49 49 49 50 52 48 46 45 40 43 52 47 49 48 37 35 40 37 36 33 37 40 42 41 41 39 37 -9999 -9999 -9999 -9999 -9999 -9999 -9999 -9999 -9999 -9999 -9999 -9999 -9999 -9999 -9999 -9999 -9999 -9999 -9999 -9999 -9999 -9999 -9999 -9999 -9999 -9999 -9999 -9999 -9999 -9999 -9999 -9999 -9999 -9999 -9999 -9999 -9999 -9999 -9999 -9999 -9999 -9999 -9999 -9999 -9999 -9999 -9999
44 43 42 42 39 39 42 46 52 51 55 54 52 48 55 57 60 61 58 56 52 49 47 48 49 47 47 47 47 46 44 38 46 46 45 41 35 33 36 32 34 38 40 41 41 41 -9999 -9999 -9999 -9999 -9999 -9999 -9999 -9999 -9999 -9999 -9999 -9999 -9999 -9999 -9999 -9999 -9999 -9999 -9999 -9999 -9999 -9999 -9999 -9999 -9999 -9999 -9999 -9999 -9999 -9999 -9999 -9999 -9999 -9999 -9999 -9999 -9999 -9999 -9999 -9999 -9999 -9999 -9999 -9999 -9999 -9999 -9999 -9999 -9999 -9999
45 44 42 42 41 37 41 43 44 46 51 54 52 48 55 54 59 60 58 57 53 50 49 48 48 51 47 48 47 46 45 40 37 42 40 39 37 30 32 37 37 40 40 -9999 -9999 -9999 -9999 -9999 -9999 -9999 -9999 -9999 -9999 -9999 -9999 -9999 -9999 -9999 -9999 -9999 -9999 -9999 -9999 -9999 -9999 -9999 -9999 -9999 -9999 -9999 -9999 -9999 -9999 -9999 -9999 -9999 -9999 -9999 -9999 -9999 -9999 -9999 -9999 -9999 -9999 -9999 -9999 -9999 -9999 -9999 -9999 -9999 -9999 -9999 -9999 -9999
42 44 43 42 42 38 36 39 42 41 44 49 52 48 53 55 57 60 57 59 54 52 51 50 46 45 47 46 45 45 45 43 35 31 38 38 38 30 34 40 40 -9999 -9999 -9999 -9999 -9999 -9999 -9999 -9999 -9999 -9999 -9999 -9999 -9999 -9999 -9999 -9999 -9999 -9999 -9999 -9999 -9999 -9999 -9999 -9999 -9999 -9999 -9999 -9999 -9999 -9999 -9999 -9999 -9999 -9999 -9999 -9999 -9999 -9999 -9999 -9999 -9999 -9999 -9999 -9999 -9999 -9999 -9999 -9999 -9999 -9999 -9999 -9999 -9999 -9999 -9999
43 47 43 41 42 40 35 33 37 37 39 40 45 46 44 51 52 53 55 55 53 52 48 48 46 44 45 45 45 43 44 43 35 28 32 33 29 31 -9999 -9999 -9999 -9999 -9999 -9999 -9999 -9999 -9999 -9999 -9999 -9999 -9999 -9999 -9999 -9999 -9999 -9999 -9999 -9999 -9999 -9999 -9999 -9999 -9999 -9999 -9999 -9999 -9999 -9999 -9999 -9999 -9999 -9999 -9999 -9999 -9999 -9999 -9999 -9999 -9999 -9999 -9999 -9999 -9999 -9999 -9999 -9999 -9999 -9999 -9999 -9999 -9999 -9999 -9999 -9999 -9999 -9999
43 44 43 43 41 39 33 38 40 40 39 40 37 39 41 48 51 52 51 49 50 50 48 49 48 49 47 44 41 42 43 37 34 32 27 -9999 -9999 -9999 -9999 -9999 -9999 -9999 -9999 -9999 -9999 -9999 -9999 -9999 -9999 -9999 -9999 -9999 -9999 -9999 -9999 -9999 -9999 -9999 -9999 -9999 -9999 -9999 -9999 -9999 -9999 -9999 -9999 -9999 -9999 -9999 -9999 -9999 -9999 -9999 -9999 -9999 -9999 -9999 -9999 -9999 -9999 -9999 -9999 -9999 -9999 -9999 -9999 -9999 -9999 -9999 -9999 -9999 -9999 -9999 -9999 -9999
42 42 41 41 41 38 33 39 41 44 43 41 40 40 42 42 47 51 51 48 50 50 48 48 48 50 49 48 44 42 35 35 34 -9999 -9999 -9999 -9999 -9999 -9999 -9999 -9999 -9999 -9999 -9999 -9999 -9999 -9999 -9999 -9999 -9999 -9999 -9999 -9999 -9999 -9999 -9999 -9999 -9999 -9999 -9999 -9999 -9999 -9999 -9999 -9999 -9999 -9999 -9999 -9999 -9999 -9999 -9999 -9999 -9999 -9999 -9999 -9999 -9999 -9999 -9999 -9999 -9999 -9999 -9999 -9999 -9999 -9999 -9999 -9999 -9999 -9999 -9999 -9999 -9999 -9999 -9999
44 42 40 39 40 36 35 39 42 43 43 41 44 41 46 40 44 50 50 49 49 50 49 49 49 51 49 48 47 41 -9999 -9999 -9999 -9999 -9999 -9999 -9999 -9999 -9999 -9999 -9999 -9999 -9999 -9999 -9999 -9999 -9999 -9999 -9999 -9999 -9999 -9999 -9999 -9999 -9999 -9999 -9999 -9999 -9999 -9999 -9999 -9999 -9999 -9999 -9999 -9999 -9999 -9999 -9999 -9999 -9999 -9999 -9999 -9999 -9999 -9999 -9999 -9999 -9999 -9999 -9999 -9999 -9999 -9999 -9999 -9999 -9999 -9999 -9999 -9999 -9999 -9999 -9999 -9999 -9999 -9999
42 42 39 39 32 36 41 42 45 43 43 42 44 43 43 43 44 43 46 46 49 50 49 50 49 49 49 47 -9999 -9999 -9999 -9999 -9999 -9999 -9999 -9999 -9999 -9999 -9999 -9999 -9999 -9999 -9999 -9999 -9999 -9999 -9999 -9999 -9999 -9999 -9999 -9999 -9999 -9999 -9999 -9999 -9999 -9999 -9999 -9999 -9999 -9999 -9999 -9999 -9999 -9999 -9999 -9999 -9999 -9999 -9999 -9999 -9999 -9999 -9999 -9999 -9999 -9999 -9999 -9999 -9999 -9999 -9999 -9999 -9999 -9999 -9999 -9999 -9999 -9999 -9999 -9999 -9999 -9999 -9999 -9999
41 41 40 37 29 39 40 42 43 44 42 44 43 44 43 44 44 42 43 45 47 47 49 50 48 -9999 -9999 -9999 -9999 -9999 -9999 -9999 -9999 -9999 -9999 -9999 -9999 -9999 -9999 -9999 -9999 -9999 -9999 -9999 -9999 -9999 -9999 -9999 -9999 -9999 -9999 -9999 -9999 -9999 -9999 -9999 -9999 -9999 -9999 -9999 -9999 -9999 -9999 -9999 -9999 -9999 -9999 -9999 -9999 -9999 -9999 -9999 -9999 -9999 -9999 -9999 -9999 -9999 -9999 -9999 -9999 -9999 -9999 -9999 -9999 -9999 -9999 -9999 -9999 -9999 -9999 -9999 -9999 -9999 -9999 -9999
41 40 38 28 33 43 44 43 43 41 41 43 43 44 44 45 45 43 42 43 45 44 -9999 -9999 -9999 -9999 -9999 -9999 -9999 -9999 -9999 -9999 -9999 -9999 -9999 -9999 -9999 -9999 -9999 -9999 -9999 -9999 -9999 -9999 -9999 -9999 -9999 -9999 -9999 -9999 -9999 -9999 -9999 -9999 -9999 -9999 -9999 -9999 -9999 -9999 -9999 -9999 -9999 -9999 -9999 -9999 -9999 -9999 -9999 -9999 -9999 -9999 -9999 -9999 -9999 -9999 -9999 -9999 -9999 -9999 -9999 -9999 -9999 -9999 -9999 -9999 -9999 -9999 -9999 -9999 -9999 -9999 -9999 -9999 -9999 -9999
37 38 30 37 43 41 42 43 42 40 41 41 43 44 43 42 47 46 41 41 -9999 -9999 -9999 -9999 -9999 -9999 -9999 -9999 -9999 -9999 -9999 -9999 -9999 -9999 -9999 -9999 -9999 -9999 -9999 -9999 -9999 -9999 -9999 -9999 -9999 -9999 -9999 -9999 -9999 -9999 -9999 -9999 -9999 -9999 -9999 -9999 -9999 -9999 -9999 -9999 -9999 -9999 -9999 -9999 -9999 -9999 -9999 -9999 -9999 -9999 -9999 -9999 -9999 -9999 -9999 -9999 -9999 -9999 -9999 -9999 -9999 -9999 -9999 -9999 -9999 -9999 -9999 -9999 -9999 -9999 -9999 -9999 -9999 -9999 -9999 -9999
30 28 34 40 43 43 41 41 42 42 42 42 41 41 40 40 41 -9999 -9999 -9999 -9999 -9999 -9999 -9999 -9999 -9999 -9999 -9999 -9999 -9999 -9999 -9999 -9999 -9999 -9999 -9999 -9999 -9999 -9999 -9999 -9999 -9999 -9999 -9999 -9999 -9999 -9999 -9999 -9999 -9999 -9999 -9999 -9999 -9999 -9999 -9999 -9999 -9999 -9999 -9999 -9999 -9999 -9999 -9999 -9999 -9999 -9999 -9999 -9999 -9999 -9999 -9999 -9999 -9999 -9999 -9999 -9999 -9999 -9999 -9999 -9999 -9999 -9999 -9999 -9999 -9999 -9999 -9999 -9999 -9999 -9999 -9999 -9999 -9999 -9999 -9999
26 26 30 41 42 43 42 41 41 41 41 43 42 43 41 -9999 -9999 -9999 -9999 -9999 -9999 -9999 -9999 -9999 -9999 -9999 -9999 -9999 -9999 -9999 -9999 -9999 -9999 -9999 -9999 -9999 -9999 -9999 -9999 -9999 -9999 -9999 -9999 -9999 -9999 -9999 -9999 -9999 -9999 -9999 -9999 -9999 -9999 -9999 -9999 -9999 -9999 -9999 -9999 -9999 -9999 -9999 -9999 -9999 -9999 -9999 -9999 -9999 -9999 -9999 -9999 -9999 -9999 -9999 -9999 -9999 -9999 -9999 -9999 -9999 -9999 -9999 -9999 -9999 -9999 -9999 -9999 -9999 -9999 -9999 -9999 -9999 -9999 -9999 -9999 -9999
26 29 29 34 40 40 40 40 42 42 42 44 -9999 -9999 -9999 -9999 -9999 -9999 -9999 -9999 -9999 -9999 -9999 -9999 -9999 -9999 -9999 -9999 -9999 -9999 -9999 -9999 -9999 -9999 -9999 -9999 -9999 -9999 -9999 -9999 -9999 -9999 -9999 -9999 -9999 -9999 -9999 -9999 -9999 -9999 -9999 -9999 -9999 -9999 -9999 -9999 -9999 -9999 -9999 -9999 -9999 -9999 -9999 -9999 -9999 -9999 -9999 -9999 -9999 -9999 -9999 -9999 -9999 -9999 -9999 -9999 -9999 -9999 -9999 -9999 -9999 -9999 -9999 -9999 -9999 -9999 -9999 -9999 -9999 -9999 -9999 -9999 -9999 -9999 -9999 -9999
27 28 29 29 37 39 38 42 43 45 -9999 -9999 -9999 -9999 -9999 -9999 -9999 -9999 -9999 -9999 -9999 -9999 -9999 -9999 -9999 -9999 -9999 -9999 -9999 -9999 -9999 -9999 -9999 -9999 -9999 -9999 -9999 -9999 -9999 -9999 -9999 -9999 -9999 -9999 -9999 -9999 -9999 -9999 -9999 -9999 -9999 -9999 -9999 -9999 -9999 -9999 -9999 -9999 -9999 -9999 -9999 -9999 -9999 -9999 -9999 -9999 -9999 -9999 -9999 -9999 -9999 -9999 -9999 -9999 -9999 -9999 -9999 -9999 -9999 -9999 -9999 -9999 -9999 -9999 -9999 -9999 -9999 -9999 -9999 -9999 -9999 -9999 -9999 -9999 -9999 -9999
23 26 27 27 27 32 37 -9999 -9999 -9999 -9999 -9999 -9999 -9999 -9999 -9999 -9999 -9999 -9999 -9999 -9999 -9999 -9999 -9999 -9999 -9999 -9999 -9999 -9999 -9999 -9999 -9999 -9999 -9999 -9999 -9999 -9999 -9999 -9999 -9999 -9999 -9999 -9999 -9999 -9999 -9999 -9999 -9999 -9999 -9999 -9999 -9999 -9999 -9999 -9999 -9999 -9999 -9999 -9999 -9999 -9999 -9999 -9999 -9999 -9999 -9999 -9999 -9999 -9999 -9999 -9999 -9999 -9999 -9999 -9999 -9999 -9999 -9999 -9999 -9999 -9999 -9999 -9999 -9999 -9999 -9999 -9999 -9999 -9999 -9999 -9999 -9999 -9999 -9999 -9999 -9999
22 25 28 25 27 -9999 -9999 -9999 -9999 -9999 -9999 -9999 -9999 -9999 -9999 -9999 -9999 -9999 -9999 -9999 -9999 -9999 -9999 -9999 -9999 -9999 -9999 -9999 -9999 -9999 -9999 -9999 -9999 -9999 -9999 -9999 -9999 -9999 -9999 -9999 -9999 -9999 -9999 -9999 -9999 -9999 -9999 -9999 -9999 -9999 -9999 -9999 -9999 -9999 -9999 -9999 -9999 -9999 -9999 -9999 -9999 -9999 -9999 -9999 -9999 -9999 -9999 -9999 -9999 -9999 -9999 -9999 -9999 -9999 -9999 -9999 -9999 -9999 -9999 -9999 -9999 -9999 -9999 -9999 -9999 -9999 -9999 -9999 -9999 -9999 -9999 -9999 -9999 -9999 -9999 -9999
23 24 -9999 -9999 -9999 -9999 -9999 -9999 -9999 -9999 -9999 -9999 -9999 -9999 -9999 -9999 -9999 -9999 -9999 -9999 -9999 -9999 -9999 -9999 -9999 -9999 -9999 -9999 -9999 -9999 -9999 -9999 -9999 -9999 -9999 -9999 -9999 -9999 -9999 -9999 -9999 -9999 -9999 -9999 -9999 -9999 -9999 -9999 -9999 -9999 -9999 -9999 -9999 -9999 -9999 -9999 -9999 -9999 -9999 -9999 -9999 -9999 -9999 -9999 -9999 -9999 -9999 -9999 -9999 -9999 -9999 -9999 -9999 -9999 -9999 -9999 -9999 -9999 -9999 -9999 -9999 -9999 -9999 -9999 -9999 -9999 -9999 -9999 -9999 -9999 -9999 -9999 -9999 -9999 -9999 -9999
-9999 -9999 -9999 -9999 -9999 -9999 -9999 -9999 -9999 -9999 -9999 -9999 -9999 -9999 -9999 -9999 -9999 -9999 -9999 -9999 -9999 -9999 -9999 -9999 -9999 -9999 -9999 -9999 -9999 -9999 -9999 -9999 -9999 -9999 -9999 -9999 -9999 -9999 -9999 -9999 -9999 -9999 -9999 -9999 -9999 -9999 -9999 -9999 -9999 -9999 -9999 -9999 -9999 -9999 -9999 -9999 -9999 -9999 -9999 -9999 -9999 -9999 -9999 -9999 -9999 -9999 -9999 -9999 -9999 -9999 -9999 -9999 -9999 -9999 -9999 -9999 -9999 -9999 -9999 -9999 -9999 -9999 -9999 -9999 -9999 -9999 -9999 -9999 -9999 -9999 -9999 -9999 -9999 -9999 -9999 -9999
-9999 -9999 -9999 -9999 -9999 -9999 -9999 -9999 -9999 -9999 -9999 -9999 -9999 -9999 -9999 -9999 -9999 -9999 -9999 -9999 -9999 -9999 -9999 -9999 -9999 -9999 -9999 -9999 -9999 -9999 -9999 -9999 -9999 -9999 -9999 -9999 -9999 -9999 -9999 -9999 -9999 -9999 -9999 -9999 -9999 -9999 -9999 -9999 -9999 -9999 -9999 -9999 -9999 -9999 -9999 -9999 -9999 -9999 -9999 -9999 -9999 -9999 -9999 -9999 -9999 -9999 -9999 -9999 -9999 -9999 -9999 -9999 -9999 -9999 -9999 -9999 -9999 -9999 -9999 -9999 -9999 -9999 -9999 -9999 -9999 -9999 -9999 -9999 -9999 -9999 -9999 -9999 -9999 -9999 -9999 -9999
-9999 -9999 -9999 -9999 -9999 -9999 -9999 -9999 -9999 -9999 -9999 -9999 -9999 -9999 -9999 -9999 -9999 -9999 -9999 -9999 -9999 -9999 -9999 -9999 -9999 -9999 -9999 -9999 -9999 -9999 -9999 -9999 -9999 -9999 -9999 -9999 -9999 -9999 -9999 -9999 -9999 -9999 -9999 -9999 -9999 -9999 -9999 -9999 -9999 -9999 -9999 -9999 -9999 -9999 -9999 -9999 -9999 -9999 -9999 -9999 -9999 -9999 -9999 -9999 -9999 -9999 -9999 -9999 -9999 -9999 -9999 -9999 -9999 -9999 -9999 -9999 -9999 -9999 -9999 -9999 -9999 -9999 -9999 -9999 -9999 -9999 -9999 -9999 -9999 -9999 -9999 -9999 -9999 -9999 -9999 -9999
-9999 -9999 -9999 -9999 -9999 -9999 -9999 -9999 -9999 -9999 -9999 -9999 -9999 -9999 -9999 -9999 -9999 -9999 -9999 -9999 -9999 -9999 -9999 -9999 -9999 -9999 -9999 -9999 -9999 -9999 -9999 -9999 -9999 -9999 -9999 -9999 -9999 -9999 -9999 -9999 -9999 -9999 -9999 -9999 -9999 -9999 -9999 -9999 -9999 -9999 -9999 -9999 -9999 -9999 -9999 -9999 -9999 -9999 -9999 -9999 -9999 -9999 -9999 -9999 -9999 -9999 -9999 -9999 -9999 -9999 -9999 -9999 -9999 -9999 -9999 -9999 -9999 -9999 -9999 -9999 -9999 -9999 -9999 -9999 -9999 -9999 -9999 -9999 -9999 -9999 -9999 -9999 -9999 -9999 -9999 -9999
