Demos/Rbased/CrashCourse/data/enm_output/Asclepias_obovata/Asimina_obovata_avg.asc
ncols         182
nrows         155
xllcorner     -87.625
yllcorner     24.5416666666667
cellsize      0.0416666666666666
NODATA_value  -9999
[rows 0 to 30 of 155, columns 69 to 137 of 182]
-9999 -9999 -9999 -9999 -9999 -9999 -9999 -9999 -9999 -9999 -9999 -9999 -9999 -9999 -9999 -9999 -9999 -9999 -9999 -9999 -9999 -9999 -9999 -9999 -9999 -9999 -9999 -9999 -9999 -9999 -9999 -9999 -9999 -9999 -9999 -9999 -9999 -9999 -9999 -9999 -9999 -9999 -9999 -9999 -9999 -9999 -9999 -9999 -9999 -9999 -9999 -9999 -9999 -9999 -9999 -9999 -9999 -9999 -9999 -9999 -9999 -9999 -9999 -9999 -9999 -9999 -9999 -9999 -9999
-9999 -9999 -9999 -9999 -9999 -9999 -9999 -9999 -9999 -9999 -9999 -9999 -9999 -9999 -9999 -9999 -9999 -9999 -9999 -9999 -9999 -9999 -9999 -9999 -9999 -9999 -9999 -9999 -9999 -9999 -9999 -9999 -9999 -9999 -9999 -9999 -9999 -9999 -9999 -9999 -9999 -9999 -9999 -9999 -9999 -9999 -9999 -9999 -9999 -9999 -9999 -9999 -9999 -9999 -9999 -9999 -9999 -9999 -9999 -9999 -9999 -9999 -9999 -9999 -9999 -9999 -9999 -9999 -9999
-9999 -9999 -9999 -9999 -9999 -9999 -9999 -9999 -9999 -9999 -9999 -9999 -9999 -9999 -9999 -9999 -9999 -9999 -9999 -9999 -9999 -9999 -9999 -9999 -9999 -9999 -9999 -9999 -9999 -9999 -9999 -9999 -9999 -9999 -9999 -9999 -9999 -9999 -9999 -9999 -9999 -9999 -9999 -9999 -9999 -9999 -9999 -9999 -9999 -9999 -9999 -9999 -9999 -9999 -9999 -9999 -9999 -9999 -9999 -9999 -9999 -9999 -9999 -9999 -9999 -9999 -9999 -9999 -9999
-9999 -9999 -9999 -9999 -9999 -9999 -9999 -9999 -9999 -9999 -9999 -9999 -9999 -9999 -9999 -9999 -9999 -9999 -9999 -9999 -9999 -9999 -9999 -9999 -9999 -9999 -9999 -9999 -9999 -9999 -9999 -9999 -9999 -9999 -9999 -9999 -9999 -9999 -9999 -9999 -9999 -9999 -9999 -9999 -9999 -9999 -9999 -9999 -9999 -9999 -9999 -9999 -9999 -9999 -9999 -9999 -9999 -9999 -9999 -9999 -9999 -9999 -9999 -9999 -9999 -9999 -9999 -9999 -9999
-9999 -9999 -9999 -9999 -9999 -9999 -9999 -9999 -9999 -9999 -9999 -9999 -9999 -9999 -9999 -9999 -9999 -9999 -9999 -9999 -9999 -9999 -9999 -9999 -9999 -9999 -9999 -9999 -9999 -9999 -9999 -9999 -9999 -9999 -9999 -9999 -9999 -9999 -9999 -9999 -9999 -9999 -9999 -9999 -9999 -9999 -9999 -9999 -9999 -9999 -9999 -9999 -9999 -9999 -9999 -9999 -9999 -9999 -9999 -9999 -9999 -9999 -9999 -9999 -9999 -9999 -9999 4.18833E-1 4.22246E-1
-9999 -9999 -9999 -9999 -9999 -9999 -9999 -9999 -9999 -9999 -9999 -9999 -9999 -9999 -9999 -9999 -9999 -9999 -9999 -9999 -9999 -9999 -9999 -9999 -9999 -9999 -9999 -9999 -9999 -9999 -9999 -9999 -9999 -9999 -9999 -9999 -9999 -9999 -9999 -9999 -9999 -9999 -9999 -9999 -9999 -9999 -9999 -9999 -9999 -9999 -9999 -9999 -9999 -9999 -9999 -9999 -9999 -9999 -9999 -9999 -9999 -9999 -9999 -9999 -9999 -9999 4.18347E-1 4.19818E-1 4.20195E-1
-9999 -9999 -9999 -9999 -9999 -9999 -9999 -9999 -9999 -9999 -9999 -9999 -9999 -9999 -9999 -9999 -9999 -9999 -9999 -9999 -9999 -9999 -9999 -9999 -9999 -9999 -9999 -9999 -9999 -9999 -9999 -9999 -9999 -9999 -9999 -9999 -9999 -9999 -9999 -9999 -9999 -9999 -9999 -9999 -9999 -9999 -9999 -9999 -9999 -9999 -9999 -9999 -9999 -9999 -9999 -9999 -9999 -9999 -9999 -9999 -9999 -9999 -9999 -9999 -9999 4.19285E-1 4.18847E-1 4.21339E-1 4.24471E-1
2.77694E-1 2.7932E-1 2.8176E-1 2.82202E-1 2.84369E-1 2.83611E-1 2.8257E-1 2.80863E-1 2.83468E-1 2.81618E-1 -9999 -9999 -9999 -9999 -9999 -9999 -9999 -9999 -9999 -9999 -9999 -9999 -9999 -9999 -9999 -9999 -9999 -9999 -9999 -9999 -9999 -9999 -9999 -9999 -9999 -9999 -9999 -9999 -9999 -9999 -9999 -9999 -9999 -9999 -9999 -9999 -9999 -9999 -9999 -9999 -9999 -9999 -9999 -9999 -9999 -9999 -9999 -9999 -9999 -9999 -9999 -9999 -9999 -9999 -9999 4.23072E-1 4.16846E-1 4.19259E-1 4.24167E-1
2.83799E-1 2.858E-1 2.86791E-1 2.89524E-1 2.91717E-1 2.92555E-1 2.89209E-1 2.84064E-1 2.84064E-1 2.84395E-1 2.87354E-1 2.8846E-1 2.8847E-1 2.88221E-1 2.92754E-1 2.93179E-1 2.94819E-1 2.9788E-1 2.9534E-1 3.00651E-1 3.05383E-1 3.06325E-1 3.08962E-1 3.12156E-1 3.147E-1 3.21428E-1 3.23756E-1 3.30425E-1 3.33032E-1 3.33929E-1 -9999 -9999 -9999 -9999 -9999 -9999 -9999 -9999 -9999 -9999 -9999 -9999 -9999 -9999 -9999 -9999 -9999 -9999 -9999 -9999 -9999 -9999 -9999 -9999 -9999 -9999 -9999 -9999 -9999 -9999 -9999 -9999 -9999 -9999 -9999 4.16412E-1 4.17231E-1 4.23442E-1 4.20571E-1
2.85258E-1 2.92857E-1 2.93297E-1 2.97524E-1 2.96278E-1 2.94602E-1 2.93747E-1 2.94151E-1 2.89232E-1 2.90878E-1 2.91568E-1 2.90801E-1 2.89431E-1 2.93417E-1 2.93048E-1 2.97383E-1 2.95402E-1 3.01253E-1 3.01074E-1 3.02487E-1 3.0596E-1 3.0619E-1 3.1282E-1 3.13338E-1 3.16194E-1 3.20615E-1 3.28901E-1 3.33404E-1 3.34603E-1 3.43168E-1 3.43087E-1 3.47602E-1 3.52077E-1 3.55706E-1 3.59182E-1 3.65048E-1 3.6696E-1 3.676E-1 3.6731E-1 3.70598E-1 3.73272E-1 3.72786E-1 3.73059E-1 3.72064E-1 3.74972E-1 3.74726E-1 3.81527E-1 -9999 -9999 -9999 -9999 -9999 -9999 -9999 -9999 -9999 -9999 -9999 -9999 -9999 -9999 -9999 -9999 -9999 -9999 -9999 4.20314E-1 4.23951E-1 4.19317E-1
2.95385E-1 2.96189E-1 2.97766E-1 2.96756E-1 2.98278E-1 2.96993E-1 2.99606E-1 2.97052E-1 2.91377E-1 2.9182E-1 2.92852E-1 2.93883E-1 2.92832E-1 2.93906E-1 2.9768E-1 3.00498E-1 3.00883E-1 3.05155E-1 3.04664E-1 3.04918E-1 3.07848E-1 3.1047E-1 3.14526E-1 3.21205E-1 3.2306E-1 3.26485E-1 3.30264E-1 3.33592E-1 3.39842E-1 3.46826E-1 3.4716E-1 3.4937E-1 3.53779E-1 3.57296E-1 3.60948E-1 3.65277E-1 3.68032E-1 3.68362E-1 3.72703E-1 3.71567E-1 3.72478E-1 3.70915E-1 3.72634E-1 3.74485E-1 3.72035E-1 3.79627E-1 3.82451E-1 3.85036E-1 3.90134E-1 3.97952E-1 4.00139E-1 4.0301E-1 4.03784E-1 4.09119E-1 4.11323E-1 4.15373E-1 4.13563E-1 4.1577E-1 4.18305E-1 4.20673E-1 4.2387E-1 -9999 -9999 -9999 -9999 -9999 4.21915E-1 4.253E-1 4.19949E-1
3.00073E-1 3.00507E-1 3.01346E-1 2.9977E-1 3.03016E-1 3.0026E-1 2.98646E-1 2.96696E-1 2.96496E-1 2.94499E-1 2.96343E-1 2.96792E-1 2.9685E-1 3.00528E-1 3.01572E-1 3.04985E-1 3.07052E-1 3.05972E-1 3.08945E-1 3.11189E-1 3.11559E-1 3.14374E-1 3.20863E-1 3.26294E-1 3.28928E-1 3.30116E-1 3.31147E-1 3.37915E-1 3.47189E-1 3.50515E-1 3.53834E-1 3.5254E-1 3.57789E-1 3.58882E-1 3.65551E-1 3.6912E-1 3.65987E-1 3.6943E-1 3.70357E-1 3.69979E-1 3.73534E-1 3.72502E-1 3.73384E-1 3.71542E-1 3.75288E-1 3.79187E-1 3.84548E-1 3.89163E-1 3.92153E-1 3.99162E-1 4.0301E-1 4.07505E-1 4.10857E-1 4.10334E-1 4.12537E-1 4.14742E-1 4.2113E-1 4.22501E-1 4.21095E-1 4.24228E-1 -9999 -9999 -9999 -9999 -9999 -9999 4.25581E-1 4.24851E-1 4.22147E-1
3.03507E-1 3.01129E-1 3.0512E-1 3.04944E-1 3.05412E-1 3.01656E-1 3.00197E-1 3.02781E-1 2.9538E-1 2.95772E-1 2.98334E-1 2.99427E-1 2.99769E-1 3.0442E-1 3.04869E-1 3.07592E-1 3.10351E-1 3.12195E-1 3.12441E-1 3.18591E-1 3.17389E-1 3.20115E-1 3.23468E-1 3.30445E-1 3.32348E-1 3.34091E-1 3.38867E-1 3.45369E-1 3.48586E-1 3.54122E-1 3.58154E-1 3.56908E-1 3.60468E-1 3.65733E-1 3.69201E-1 3.69115E-1 3.6677E-1 3.68751E-1 3.73806E-1 3.74876E-1 3.73831E-1 3.78706E-1 3.77744E-1 3.80545E-1 3.80322E-1 3.85216E-1 3.88194E-1 3.95104E-1 3.96653E-1 3.99093E-1 4.07505E-1 4.12183E-1 4.15913E-1 4.17281E-1 4.22025E-1 4.19115E-1 4.20644E-1 4.23869E-1 4.27742E-1 4.28593E-1 4.28884E-1 -9999 -9999 -9999 -9999 -9999 4.24606E-1 4.26246E-1 4.22695E-1
3.05718E-1 3.0847E-1 3.06359E-1 3.04128E-1 3.07281E-1 3.03692E-1 3.00663E-1 3.03021E-1 3.01823E-1 3.00614E-1 2.99775E-1 3.04391E-1 3.06694E-1 3.06221E-1 3.08612E-1 3.14724E-1 3.15608E-1 3.14792E-1 3.18307E-1 3.19538E-1 3.22742E-1 3.23687E-1 3.29213E-1 3.34233E-1 3.3794E-1 3.39443E-1 3.44489E-1 3.50585E-1 3.55641E-1 3.58225E-1 3.60707E-1 3.65409E-1 3.66297E-1 3.71016E-1 3.72346E-1 3.73073E-1 3.72958E-1 3.75087E-1 3.78666E-1 3.79086E-1 3.78727E-1 3.79244E-1 3.79757E-1 3.82715E-1 3.85762E-1 3.90487E-1 3.92696E-1 3.96606E-1 4.00445E-1 4.07591E-1 4.07286E-1 4.09644E-1 4.14764E-1 4.17132E-1 4.19343E-1 4.21557E-1 4.25029E-1 4.26395E-1 4.26603E-1 4.28774E-1 4.32994E-1 -9999 -9999 -9999 -9999 4.27616E-1 4.26832E-1 4.26056E-1 4.24047E-1
3.11E-1 3.11464E-1 3.10683E-1 3.113E-1 3.1076E-1 3.10522E-1 3.0772E-1 3.05905E-1 3.01837E-1 3.00348E-1 3.04512E-1 3.0601E-1 3.1326E-1 3.14059E-1 3.13855E-1 3.18096E-1 3.19361E-1 3.18207E-1 3.23015E-1 3.25182E-1 3.2862E-1 3.32444E-1 3.34374E-1 3.40328E-1 3.41392E-1 3.44027E-1 3.48841E-1 3.56362E-1 3.59846E-1 3.59433E-1 3.64201E-1 3.67393E-1 3.70536E-1 3.70778E-1 3.75485E-1 3.77797E-1 3.77432E-1 3.81325E-1 3.81175E-1 3.84012E-1 3.80822E-1 3.82672E-1 3.82669E-1 3.8654E-1 3.87879E-1 3.9107E-1 3.95864E-1 4.02962E-1 4.029E-1 4.05771E-1 4.12123E-1 4.14328E-1 4.18062E-1 4.19429E-1 4.21642E-1 4.25947E-1 4.25908E-1 4.27825E-1 4.30043E-1 4.30831E-1 4.35138E-1 -9999 -9999 -9999 -9999 4.31363E-1 4.33764E-1 4.29232E-1 4.29337E-1
3.13473E-1 3.12872E-1 3.13563E-1 3.13781E-1 3.13067E-1 3.10189E-1 3.14788E-1 3.09816E-1 3.07768E-1 3.10577E-1 3.09375E-1 3.13574E-1 3.16168E-1 3.18927E-1 3.1937E-1 3.22376E-1 3.28861E-1 3.29445E-1 3.28893E-1 3.32244E-1 3.31793E-1 3.40447E-1 3.38028E-1 3.41813E-1 3.46769E-1 3.49976E-1 3.55776E-1 3.57327E-1 3.6389E-1 3.67303E-1 3.67591E-1 3.71724E-1 3.75909E-1 3.76604E-1 3.80598E-1 3.83018E-1 3.80679E-1 3.83007E-1 3.8449E-1 3.86152E-1 3.8738E-1 3.88574E-1 3.90065E-1 3.89551E-1 3.90426E-1 3.96674E-1 4.01481E-1 4.05223E-1 4.07607E-1 4.1486E-1 4.17088E-1 4.22242E-1 4.26377E-1 4.27553E-1 4.279E-1 4.30847E-1 4.32057E-1 4.32449E-1 4.36117E-1 4.40028E-1 4.38541E-1 4.40634E-1 4.38402E-1 4.34591E-1 4.39973E-1 4.35107E-1 4.39072E-1 4.41928E-1 4.35004E-1
3.20331E-1 3.20367E-1 3.23119E-1 3.20936E-1 3.21903E-1 3.14881E-1 3.16354E-1 3.14858E-1 3.13364E-1 3.12925E-1 3.20664E-1 3.19963E-1 3.20581E-1 3.23837E-1 3.27527E-1 3.29776E-1 3.2957E-1 3.30068E-1 3.36231E-1 3.38811E-1 3.46102E-1 3.47311E-1 3.50313E-1 3.50613E-1 3.55405E-1 3.61637E-1 3.6253E-1 3.67809E-1 3.67966E-1 3.72714E-1 3.75531E-1 3.79799E-1 3.81667E-1 3.84884E-1 3.86607E-1 3.88979E-1 3.89208E-1 3.90071E-1 3.92556E-1 3.87069E-1 3.90325E-1 3.92425E-1 3.9264E-1 3.96328E-1 4.0031E-1 4.06257E-1 4.09286E-1 4.11222E-1 4.15005E-1 4.18913E-1 4.26841E-1 4.27223E-1 4.32401E-1 4.32928E-1 4.3289E-1 4.38784E-1 4.36557E-1 4.39485E-1 4.41393E-1 4.4192E-1 4.4198E-1 4.41275E-1 4.45184E-1 4.42395E-1 4.40966E-1 4.4387E-1 4.45474E-1 4.44418E-1 4.37959E-1
3.24614E-1 3.21875E-1 3.228E-1 3.2409E-1 3.23045E-1 3.23158E-1 3.20549E-1 3.23215E-1 3.20518E-1 3.23382E-1 3.24883E-1 3.2474E-1 3.2821E-1 3.30739E-1 3.34343E-1 3.37782E-1 3.39673E-1 3.40306E-1 3.42908E-1 3.44078E-1 3.50642E-1 3.52924E-1 3.57065E-1 3.57234E-1 3.62412E-1 3.65569E-1 3.70488E-1 3.72401E-1 3.77509E-1 3.78468E-1 3.82086E-1 3.84083E-1 3.86702E-1 3.89433E-1 3.94958E-1 3.97727E-1 3.94882E-1 3.95053E-1 3.97582E-1 3.95166E-1 3.98462E-1 3.98762E-1 3.96215E-1 4.00484E-1 4.05811E-1 4.09143E-1 4.16587E-1 4.17197E-1 4.21926E-1 4.25997E-1 4.28224E-1 4.32001E-1 4.33381E-1 4.35446E-1 4.41293E-1 4.43447E-1 4.45213E-1 4.4084E-1 4.39465E-1 4.4719E-1 4.40857E-1 4.44584E-1 4.52121E-1 4.48637E-1 4.52267E-1 4.47807E-1 4.44859E-1 4.53124E-1 4.46279E-1
3.26424E-1 3.28134E-1 3.30905E-1 3.31671E-1 3.28986E-1 3.30049E-1 3.29044E-1 3.27762E-1 3.28623E-1 3.2757E-1 3.29902E-1 3.3239E-1 3.3084E-1 3.39593E-1 3.4183E-1 3.44705E-1 3.46018E-1 3.48772E-1 3.50385E-1 3.51851E-1 3.56282E-1 3.62681E-1 3.65028E-1 3.68963E-1 3.71184E-1 3.73826E-1 3.77727E-1 3.83421E-1 3.84415E-1 3.88964E-1 3.89304E-1 3.93821E-1 3.95839E-1 3.97631E-1 4.00459E-1 4.0254E-1 4.05111E-1 4.04484E-1 4.05068E-1 4.03338E-1 4.06295E-1 4.08242E-1 4.08242E-1 4.10882E-1 4.13909E-1 4.16281E-1 4.2203E-1 4.25263E-1 4.28736E-1 4.35865E-1 4.38971E-1 4.409E-1 4.41594E-1 4.46885E-1 4.45582E-1 4.4805E-1 4.46901E-1 4.45534E-1 4.49173E-1 4.49018E-1 4.52242E-1 4.50668E-1 4.55026E-1 4.56391E-1 4.56376E-1 4.57367E-1 4.56342E-1 4.54677E-1 4.56525E-1
3.41062E-1 3.42096E-1 3.3511E-1 3.35741E-1 3.35409E-1 3.36718E-1 3.32462E-1 3.36779E-1 3.38427E-1 3.37077E-1 3.41403E-1 3.41965E-1 3.44611E-1 3.42114E-1 3.46351E-1 3.47185E-1 3.56853E-1 3.53989E-1 3.573E-1 3.61238E-1 3.65475E-1 3.67977E-1 3.71216E-1 3.75426E-1 3.79838E-1 3.83572E-1 3.84451E-1 3.88143E-1 3.92404E-1 3.93657E-1 3.999E-1 3.99687E-1 4.03517E-1 4.07061E-1 4.0656E-1 4.05837E-1 4.07727E-1 4.09162E-1 4.15499E-1 4.1038E-1 4.12502E-1 4.14451E-1 4.17441E-1 4.22996E-1 4.25399E-1 4.29828E-1 4.33496E-1 4.31881E-1 4.38514E-1 4.40097E-1 4.4306E-1 4.43454E-1 4.47137E-1 4.52518E-1 4.52717E-1 4.5063E-1 4.51681E-1 4.54312E-1 4.55533E-1 4.53949E-1 4.57035E-1 4.60429E-1 4.64251E-1 4.63156E-1 4.63511E-1 4.6325E-1 4.62826E-1 4.63123E-1 4.63929E-1
3.48219E-1 3.49343E-1 3.47919E-1 3.42854E-1 3.44232E-1 3.44777E-1 3.43793E-1 3.44577E-1 3.44427E-1 3.48592E-1 3.46323E-1 3.48077E-1 3.49525E-1 3.52611E-1 3.55142E-1 3.5655E-1 3.60806E-1 3.63454E-1 3.65135E-1 3.68581E-1 3.7023E-1 3.76576E-1 3.81911E-1 3.81677E-1 3.86739E-1 3.90264E-1 3.92385E-1 3.9466E-1 3.99223E-1 4.01316E-1 4.04444E-1 4.06144E-1 4.1524E-1 4.12491E-1 4.15604E-1 4.17802E-1 4.14334E-1 4.19764E-1 4.21835E-1 4.24162E-1 4.25327E-1 4.27396E-1 4.30732E-1 4.31864E-1 4.36951E-1 4.39996E-1 4.4277E-1 4.41883E-1 4.43489E-1 4.50668E-1 4.4797E-1 4.54148E-1 4.54429E-1 4.58124E-1 4.60083E-1 4.59265E-1 4.61354E-1 4.63994E-1 4.6313E-1 4.65221E-1 4.60863E-1 4.6807E-1 4.68734E-1 4.69222E-1 4.71771E-1 4.70864E-1 4.67278E-1 4.67312E-1 4.72191E-1
3.53357E-1 3.52421E-1 3.55431E-1 3.55984E-1 3.54158E-1 3.5306E-1 3.5258E-1 3.53373E-1 3.52718E-1 3.49844E-1 3.57751E-1 3.57007E-1 3.60034E-1 3.62335E-1 3.61586E-1 3.6553E-1 3.68378E-1 3.67228E-1 3.73576E-1 3.77553E-1 3.77592E-1 3.84766E-1 3.8853E-1 3.92285E-1 3.91929E-1 3.97869E-1 4.00158E-1 4.07792E-1 4.06791E-1 4.10851E-1 4.10611E-1 4.14473E-1 4.19219E-1 4.1999E-1 4.23033E-1 4.22043E-1 4.30684E-1 4.30419E-1 4.30217E-1 4.34388E-1 4.39119E-1 4.39686E-1 4.40781E-1 4.42631E-1 4.43453E-1 4.47808E-1 4.50168E-1 4.5322E-1 4.54743E-1 4.58643E-1 4.56066E-1 4.58949E-1 4.60074E-1 4.63549E-1 4.63075E-1 4.6923E-1 4.69604E-1 4.66029E-1 4.6798E-1 4.68841E-1 4.71915E-1 4.72385E-1 4.751E-1 4.79384E-1 4.77825E-1 4.75027E-1 4.76398E-1 4.72485E-1 4.81692E-1
3.63321E-1 3.60222E-1 3.59628E-1 3.62872E-1 3.63987E-1 3.62679E-1 3.63423E-1 3.63619E-1 3.60572E-1 -9999 -9999 -9999 -9999 -9999 -9999 -9999 -9999 -9999 -9999 3.82637E-1 3.89061E-1 3.929E-1 3.9714E-1 4.01334E-1 3.98549E-1 4.03627E-1 4.1004E-1 4.14495E-1 4.18131E-1 4.19013E-1 4.17976E-1 4.2211E-1 4.25998E-1 4.27649E-1 4.29907E-1 4.32985E-1 4.36842E-1 4.3664E-1 4.37929E-1 4.4416E-1 4.46583E-1 4.48983E-1 4.49278E-1 4.53347E-1 4.51878E-1 4.57468E-1 4.61461E-1 4.62026E-1 4.63595E-1 4.64942E-1 4.63005E-1 4.66638E-1 4.66789E-1 4.66643E-1 4.679E-1 4.7083E-1 4.71212E-1 4.72559E-1 4.72235E-1 4.74582E-1 4.76582E-1 4.83272E-1 4.82735E-1 4.82488E-1 4.88368E-1 4.87246E-1 4.81942E-1 4.80124E-1 4.79744E-1
3.66175E-1 3.66886E-1 3.64564E-1 3.66178E-1 3.69851E-1 3.73887E-1 3.74029E-1 3.70287E-1 3.71846E-1 -9999 -9999 -9999 -9999 -9999 -9999 -9999 -9999 -9999 -9999 -9999 -9999 3.97909E-1 4.0182E-1 4.09467E-1 4.1008E-1 4.0983E-1 4.17894E-1 4.20217E-1 4.22811E-1 4.28378E-1 4.30404E-1 4.3258E-1 4.35134E-1 4.36804E-1 4.43444E-1 4.46308E-1 4.47772E-1 4.50889E-1 4.53651E-1 4.56241E-1 4.58634E-1 4.58122E-1 4.64713E-1 4.60634E-1 4.64845E-1 4.6225E-1 4.65347E-1 4.6463E-1 4.68505E-1 4.71212E-1 4.70121E-1 4.71209E-1 4.70202E-1 4.72246E-1 4.78442E-1 4.76415E-1 4.7628E-1 4.82416E-1 4.8257E-1 4.82405E-1 4.85729E-1 4.89973E-1 4.89584E-1 4.89752E-1 4.96118E-1 4.95483E-1 4.90408E-1 4.88294E-1 4.82255E-1
3.70352E-1 3.72805E-1 3.73035E-1 3.70767E-1 3.74086E-1 3.79889E-1 3.79038E-1 -9999 -9999 3.8101E-1 -9999 -9999 -9999 -9999 -9999 -9999 -9999 -9999 -9999 -9999 -9999 -9999 -9999 4.15103E-1 4.19403E-1 4.21971E-1 4.25096E-1 4.28058E-1 4.3077E-1 4.36161E-1 4.37464E-1 4.40657E-1 4.44825E-1 4.49103E-1 4.52674E-1 4.54804E-1 4.56554E-1 4.62549E-1 4.66142E-1 4.6511E-1 4.68707E-1 4.73603E-1 4.72017E-1 4.71747E-1 4.67657E-1 4.69397E-1 4.74281E-1 4.75072E-1 4.76495E-1 4.75943E-1 4.80473E-1 4.78951E-1 4.78754E-1 4.76838E-1 4.81394E-1 4.84354E-1 4.82639E-1 4.83482E-1 4.86817E-1 4.87531E-1 4.90678E-1 4.99121E-1 4.96711E-1 4.98584E-1 4.97789E-1 4.99024E-1 4.96314E-1 4.95672E-1 4.9207E-1
3.78993E-1 3.79901E-1 3.77717E-1 3.79529E-1 3.83581E-1 3.85979E-1 3.87611E-1 3.87739E-1 3.87025E-1 3.89035E-1 -9999 -9999 -9999 -9999 -9999 -9999 -9999 -9999 -9999 -9999 -9999 -9999 -9999 -9999 -9999 4.30138E-1 4.34288E-1 4.39075E-1 4.42359E-1 4.44317E-1 4.46514E-1 4.4709E-1 4.51254E-1 4.54013E-1 4.6036E-1 4.67263E-1 4.70072E-1 4.7455E-1 4.75685E-1 4.78357E-1 4.80797E-1 4.81368E-1 4.84947E-1 4.78497E-1 4.79878E-1 4.77863E-1 4.79447E-1 4.81148E-1 4.84226E-1 4.83035E-1 4.84066E-1 4.84467E-1 4.83978E-1 4.87065E-1 4.86992E-1 4.91007E-1 4.86445E-1 4.88599E-1 4.91665E-1 4.93432E-1 5.00848E-1 4.98712E-1 5.00251E-1 5.0454E-1 5.02733E-1 5.04117E-1 5.01575E-1 4.99092E-1 4.93741E-1
3.85073E-1 3.86563E-1 3.86726E-1 3.87442E-1 3.82725E-1 -9999 -9999 -9999 -9999 -9999 -9999 -9999 -9999 -9999 -9999 -9999 -9999 -9999 -9999 -9999 -9999 -9999 -9999 -9999 -9999 -9999 4.41623E-1 4.44357E-1 4.50837E-1 4.54829E-1 4.58698E-1 4.58526E-1 4.603E-1 4.68097E-1 4.68715E-1 4.74697E-1 4.78936E-1 4.83315E-1 4.89595E-1 4.90979E-1 4.90523E-1 4.87999E-1 4.9246E-1 4.88931E-1 4.88333E-1 4.86299E-1 4.86126E-1 4.88896E-1 4.9053E-1 4.90262E-1 4.91224E-1 4.92309E-1 4.87758E-1 4.93202E-1 4.94839E-1 4.9231E-1 4.91264E-1 4.95198E-1 4.99393E-1 4.99594E-1 5.0214E-1 5.06926E-1 5.06215E-1 5.08099E-1 5.07866E-1 5.09374E-1 5.00573E-1 5.03863E-1 4.99565E-1
3.9209E-1 3.90435E-1 3.91933E-1 -9999 -9999 -9999 -9999 -9999 -9999 -9999 -9999 -9999 -9999 -9999 -9999 -9999 -9999 -9999 -9999 -9999 -9999 -9999 -9999 -9999 -9999 -9999 -9999 4.51221E-1 4.52773E-1 4.59506E-1 4.60732E-1 4.65338E-1 4.66749E-1 4.73861E-1 4.80693E-1 4.82564E-1 4.87352E-1 4.95709E-1 5.01388E-1 5.00243E-1 4.96114E-1 4.98275E-1 4.97309E-1 4.95158E-1 4.94477E-1 4.97297E-1 4.94374E-1 4.98227E-1 4.95053E-1 4.96397E-1 4.98215E-1 4.98167E-1 4.9787E-1 4.96218E-1 4.96217E-1 4.94248E-1 4.97637E-1 5.0353E-1 5.0139E-1 5.06414E-1 5.10558E-1 5.13921E-1 5.10803E-1 5.11234E-1 5.12555E-1 5.09445E-1 5.07099E-1 5.03357E-1 5.05314E-1
3.96415E-1 -9999 -9999 -9999 -9999 -9999 -9999 -9999 -9999 -9999 -9999 -9999 -9999 -9999 -9999 -9999 -9999 -9999 -9999 -9999 -9999 -9999 -9999 -9999 -9999 -9999 -9999 -9999 4.62624E-1 4.67336E-1 4.7414E-1 4.73524E-1 4.80697E-1 4.86542E-1 4.88234E-1 4.94046E-1 5.02663E-1 5.05739E-1 5.07597E-1 5.07957E-1 5.0466E-1 4.99412E-1 4.97072E-1 5.02053E-1 4.99537E-1 4.99877E-1 5.01707E-1 5.04747E-1 5.06969E-1 5.05355E-1 5.02862E-1 5.0038E-1 5.02865E-1 4.98857E-1 4.97158E-1 4.96576E-1 5.05359E-1 5.06513E-1 5.11661E-1 5.09382E-1 5.12983E-1 5.12983E-1 5.17167E-1 5.17474E-1 5.13787E-1 5.10554E-1 5.0418E-1 5.07597E-1 5.04478E-1
-9999 -9999 -9999 -9999 -9999 -9999 -9999 -9999 -9999 -9999 -9999 -9999 -9999 -9999 -9999 -9999 -9999 -9999 -9999 -9999 -9999 -9999 -9999 -9999 -9999 -9999 -9999 -9999 4.69083E-1 4.7672E-1 4.81584E-1 4.84131E-1 4.83471E-1 4.90812E-1 4.93564E-1 5.04872E-1 5.11745E-1 5.12498E-1 5.12371E-1 5.1244E-1 5.08399E-1 5.01014E-1 5.03066E-1 5.00844E-1 5.03874E-1 5.06163E-1 5.05893E-1 5.07293E-1 5.06685E-1 5.08387E-1 5.09777E-1 5.0825E-1 5.07086E-1 5.02079E-1 5.04072E-1 5.0742E-1 5.02317E-1 5.05971E-1 5.13645E-1 5.11781E-1 5.11919E-1 5.17018E-1 5.11985E-1 5.15342E-1 5.12231E-1 5.09164E-1 5.05209E-1 5.06109E-1 5.03729E-1
-9999 -9999 -9999 -9999 -9999 -9999 -9999 -9999 -9999 -9999 -9999 -9999 -9999 -9999 -9999 -9999 -9999 -9999 -9999 -9999 -9999 -9999 -9999 -9999 -9999 -9999 -9999 -9999 -9999 4.82211E-1 4.87497E-1 4.9414E-1 4.96827E-1 5.02489E-1 5.03337E-1 5.1332E-1 5.19235E-1 5.26538E-1 5.2256E-1 5.10186E-1 5.04632E-1 4.9858E-1 4.9771E-1 5.04338E-1 5.09563E-1 5.07995E-1 5.11522E-1 5.09639E-1 5.09418E-1 5.10086E-1 5.10565E-1 5.06144E-1 5.08156E-1 5.03099E-1 5.0336E-1 5.02558E-1 5.03168E-1 5.08681E-1 5.13314E-1 5.15331E-1 5.11254E-1 5.1294E-1 5.16859E-1 5.14504E-1 5.1291E-1 5.10736E-1 5.07556E-1 5.06848E-1 5.03003E-1
