Demos/Rbased/CrashCourse/data/enm_output/Asclepias_obovata/Asimina_obovata_avg.asc
ncols         182
nrows         155
xllcorner     -87.625
yllcorner     24.5416666666667
cellsize      0.0416666666666666
NODATA_value  -9999
[rows 0 to 30 of 155, columns 0 to 68 of 182]
-9999 2.52927E-1 2.56781E-1 2.57491E-1 2.5927E-1 2.62863E-1 2.67543E-1 2.66608E-1 2.75194E-1 2.77127E-1 2.7832E-1 1.95316E-1 1.97333E-1 1.95885E-1 1.99846E-1 2.01999E-1 2.04983E-1 2.06657E-1 2.09104E-1 2.10601E-1 2.1234E-1 2.14976E-1 2.15208E-1 2.16286E-1 2.17266E-1 2.1938E-1 2.18195E-1 2.19411E-1 2.21863E-1 2.20906E-1 2.20779E-1 2.21182E-1 2.24879E-1 2.23676E-1 2.26094E-1 2.28884E-1 2.31746E-1 2.34544E-1 2.37001E-1 2.38627E-1 2.46356E-1 2.46483E-1 2.55001E-1 2.56199E-1 2.57461E-1 3.59568E-1 3.61989E-1 3.64414E-1 3.66597E-1 3.64195E-1 3.62021E-1 3.61502E-1 3.58758E-1 3.55104E-1 3.52388E-1 3.58977E-1 3.50459E-1 3.53293E-1 3.50944E-1 3.45025E-1 3.40028E-1 3.41293E-1 3.37217E-1 -9999 -9999 -9999 -9999 -9999 -9999
-9999 2.58876E-1 1.82767E-1 1.82958E-1 1.87056E-1 1.86995E-1 1.89232E-1 1.93408E-1 1.96228E-1 1.9866E-1 1.98014E-1 1.99647E-1 2.02308E-1 2.05541E-1 2.05416E-1 2.11806E-1 2.13822E-1 2.13676E-1 2.1607E-1 2.16217E-1 2.1934E-1 2.22519E-1 2.22798E-1 2.24905E-1 2.26333E-1 2.24765E-1 2.26579E-1 2.25982E-1 2.28109E-1 2.25593E-1 2.26707E-1 2.26409E-1 2.27527E-1 2.28649E-1 2.30088E-1 2.30799E-1 2.33222E-1 2.37639E-1 2.3958E-1 2.44725E-1 2.47232E-1 2.52285E-1 2.57677E-1 2.58041E-1 2.57938E-1 2.63099E-1 2.65126E-1 3.66042E-1 3.67846E-1 3.68422E-1 3.65849E-1 3.64507E-1 3.66269E-1 3.61769E-1 3.61402E-1 3.56507E-1 3.53874E-1 3.55953E-1 3.53006E-1 3.48059E-1 3.45997E-1 3.44882E-1 3.46455E-1 -9999 -9999 -9999 -9999 -9999 -9999
1.82156E-1 1.84683E-1 1.87213E-1 1.88769E-1 1.92365E-1 1.96283E-1 1.97555E-1 2.02529E-1 2.01223E-1 2.04652E-1 2.01243E-1 2.04299E-1 2.11301E-1 2.08408E-1 2.12006E-1 2.17369E-1 2.1974E-1 2.22524E-1 2.22492E-1 2.23395E-1 2.28151E-1 2.30281E-1 2.30753E-1 2.2981E-1 2.36356E-1 2.3371E-1 2.33641E-1 2.34173E-1 2.3448E-1 2.32607E-1 2.34777E-1 2.35793E-1 2.34272E-1 2.36363E-1 2.34832E-1 2.35249E-1 2.36708E-1 2.39158E-1 2.44289E-1 2.49061E-1 2.55209E-1 2.55825E-1 2.57608E-1 2.61804E-1 2.64024E-1 2.65141E-1 2.67073E-1 2.67686E-1 2.71962E-1 3.67906E-1 3.65943E-1 3.66834E-1 3.68436E-1 3.62971E-1 3.63193E-1 3.59675E-1 3.61551E-1 3.61737E-1 3.56819E-1 3.52305E-1 3.48562E-1 3.48573E-1 3.50832E-1 3.497E-1 -9999 -9999 -9999 -9999 -9999
1.8933E-1 1.90094E-1 1.93656E-1 1.97472E-1 1.97649E-1 1.99904E-1 2.04013E-1 2.07585E-1 2.11318E-1 2.08222E-1 2.11968E-1 2.1159E-1 2.16654E-1 2.20041E-1 2.20159E-1 2.24065E-1 2.29534E-1 2.30915E-1 2.34203E-1 2.36211E-1 2.35162E-1 2.40055E-1 2.40963E-1 2.39802E-1 2.44563E-1 2.43462E-1 2.42241E-1 2.43407E-1 2.45019E-1 2.4214E-1 2.39496E-1 2.4199E-1 2.40671E-1 2.42204E-1 2.38589E-1 2.39278E-1 2.41131E-1 2.41825E-1 2.45765E-1 2.4967E-1 2.52569E-1 2.55938E-1 2.61014E-1 2.6294E-1 2.65389E-1 2.67982E-1 2.72357E-1 2.70617E-1 2.68993E-1 2.70713E-1 2.69941E-1 2.70774E-1 3.69581E-1 3.71201E-1 2.71802E-1 3.64912E-1 2.64816E-1 2.60636E-1 2.62093E-1 2.59482E-1 2.54833E-1 2.51322E-1 2.55324E-1 2.54821E-1 2.54435E-1 -9999 -9999 -9999 -9999
-9999 1.99324E-1 1.9883E-1 2.02852E-1 2.0556E-1 2.09288E-1 2.1273E-1 2.16478E-1 2.15907E-1 2.16472E-1 2.15286E-1 2.17312E-1 2.19959E-1 2.25178E-1 2.27482E-1 2.30157E-1 2.35931E-1 2.36867E-1 2.39047E-1 2.41519E-1 2.46129E-1 2.47197E-1 2.4864E-1 2.5086E-1 2.5113E-1 2.52278E-1 2.51642E-1 2.55437E-1 2.49441E-1 2.49879E-1 2.49614E-1 2.47736E-1 2.45982E-1 2.4461E-1 2.46004E-1 2.42637E-1 2.45244E-1 2.46447E-1 2.49044E-1 2.52428E-1 2.55971E-1 2.59716E-1 2.63054E-1 2.65399E-1 2.67338E-1 2.67655E-1 2.73579E-1 2.75021E-1 2.74183E-1 2.76275E-1 2.74015E-1 2.74018E-1 2.72642E-1 2.70277E-1 2.7164E-1 2.69499E-1 2.68138E-1 2.64716E-1 2.64835E-1 2.6402E-1 2.64586E-1 2.59766E-1 2.60198E-1 2.59098E-1 2.58226E-1 -9999 -9999 -9999 -9999
-9999 -9999 2.10446E-1 2.12525E-1 2.1745E-1 2.18025E-1 2.19513E-1 2.27013E-1 2.24167E-1 2.26484E-1 2.23444E-1 2.26061E-1 2.29395E-1 2.34898E-1 2.36694E-1 2.41395E-1 2.46147E-1 2.50485E-1 2.52166E-1 2.55139E-1 2.56404E-1 2.55996E-1 2.57101E-1 2.62399E-1 2.62005E-1 2.62153E-1 2.60871E-1 2.6108E-1 2.59208E-1 2.60559E-1 2.58313E-1 2.54584E-1 2.56672E-1 2.5357E-1 2.48671E-1 2.46982E-1 2.46672E-1 2.50988E-1 2.54179E-1 2.57051E-1 2.63068E-1 2.66319E-1 2.68482E-1 2.69573E-1 2.73629E-1 2.75163E-1 2.76122E-1 2.74978E-1 2.77196E-1 2.79606E-1 2.7684E-1 2.80518E-1 2.78109E-1 2.7561E-1 2.76471E-1 2.70503E-1 2.70624E-1 2.68262E-1 2.6899E-1 2.66656E-1 2.66894E-1 2.67431E-1 2.63787E-1 2.6414E-1 2.64143E-1 -9999 -9999 -9999 -9999
-9999 -9999 -9999 2.19324E-1 2.2532E-1 2.26281E-1 2.26331E-1 2.30143E-1 2.33124E-1 2.342E-1 2.319E-1 2.34534E-1 2.38367E-1 2.41669E-1 2.44295E-1 2.48273E-1 2.50426E-1 2.56952E-1 2.62344E-1 2.62491E-1 2.62727E-1 2.62174E-1 2.65675E-1 2.68812E-1 2.71126E-1 2.68389E-1 2.7075E-1 2.70572E-1 2.70772E-1 2.67956E-1 2.63037E-1 2.62518E-1 2.61731E-1 2.62408E-1 2.57356E-1 2.54294E-1 2.53009E-1 2.5488E-1 2.57714E-1 2.63578E-1 2.693E-1 2.71478E-1 2.73231E-1 2.76512E-1 2.8085E-1 2.78584E-1 2.76674E-1 2.782E-1 2.81703E-1 2.79831E-1 2.81216E-1 2.81238E-1 2.8256E-1 2.78775E-1 2.77377E-1 2.77448E-1 2.75393E-1 2.74321E-1 2.72814E-1 2.72189E-1 2.7004E-1 2.7026E-1 2.70085E-1 2.6936E-1 2.68337E-1 2.68216E-1 -9999 -9999 -9999
-9999 -9999 -9999 -9999 -9999 2.38418E-1 2.38366E-1 2.38744E-1 2.43414E-1 2.44218E-1 2.42277E-1 2.47445E-1 2.45101E-1 2.49803E-1 2.52652E-1 2.62024E-1 2.63628E-1 2.67882E-1 2.70088E-1 2.67355E-1 2.70012E-1 2.7853E-1 2.8411E-1 2.85732E-1 2.82526E-1 2.84306E-1 2.84784E-1 2.82552E-1 2.82452E-1 2.81999E-1 2.75753E-1 2.72328E-1 2.69829E-1 2.70032E-1 2.69918E-1 2.68037E-1 2.60962E-1 2.61979E-1 2.65555E-1 2.68065E-1 2.7228E-1 2.75453E-1 2.77138E-1 2.78879E-1 2.80957E-1 2.82761E-1 2.82126E-1 2.84483E-1 2.8348E-1 2.86679E-1 2.84923E-1 2.83418E-1 2.8327E-1 2.80375E-1 2.797E-1 2.78333E-1 2.78257E-1 2.77479E-1 2.73846E-1 2.76653E-1 2.77118E-1 2.75295E-1 2.73552E-1 2.73555E-1 2.75524E-1 2.76357E-1 2.77089E-1 2.73593E-1 2.76954E-1
-9999 -9999 -9999 -9999 -9999 -9999 2.46912E-1 2.48851E-1 2.5402E-1 2.54668E-1 2.53893E-1 2.53805E-1 2.57352E-1 2.60079E-1 2.62776E-1 2.63694E-1 2.67424E-1 2.72189E-1 2.74709E-1 2.83865E-1 2.84127E-1 2.87171E-1 2.87921E-1 2.89554E-1 2.90905E-1 2.9354E-1 2.90189E-1 2.88E-1 2.89694E-1 2.90448E-1 2.87594E-1 2.85924E-1 2.79815E-1 2.78699E-1 2.75086E-1 2.76617E-1 2.71056E-1 2.72165E-1 2.72284E-1 2.75814E-1 2.81086E-1 2.79927E-1 2.85073E-1 2.84578E-1 2.84543E-1 2.88853E-1 2.91896E-1 2.88554E-1 2.89826E-1 2.88659E-1 2.88103E-1 2.88091E-1 2.85734E-1 2.84942E-1 2.87426E-1 2.81996E-1 2.81934E-1 2.79663E-1 2.80204E-1 2.80074E-1 2.80683E-1 2.79655E-1 2.77635E-1 2.78149E-1 2.7884E-1 2.77896E-1 2.82289E-1 2.80464E-1 2.79713E-1
-9999 -9999 -9999 -9999 -9999 2.62127E-1 2.65811E-1 2.6606E-1 2.67453E-1 2.63179E-1 2.62022E-1 2.6398E-1 2.64475E-1 2.70486E-1 2.72637E-1 2.72159E-1 2.7655E-1 2.87686E-1 2.90103E-1 2.90347E-1 2.90571E-1 2.93333E-1 2.95769E-1 2.96599E-1 2.98529E-1 2.98295E-1 2.99393E-1 2.97573E-1 3.0081E-1 2.97649E-1 2.95634E-1 2.92886E-1 2.94026E-1 2.90095E-1 2.83944E-1 2.84945E-1 2.83416E-1 2.80824E-1 2.82621E-1 2.8622E-1 2.84328E-1 2.86124E-1 2.8789E-1 2.92562E-1 2.90201E-1 2.95491E-1 2.90998E-1 2.92206E-1 2.92772E-1 2.91301E-1 2.9054E-1 2.89774E-1 2.87976E-1 2.87431E-1 2.84841E-1 2.8758E-1 2.85469E-1 2.85251E-1 2.85385E-1 2.84873E-1 2.81728E-1 2.81063E-1 2.83933E-1 2.83788E-1 2.83634E-1 2.82879E-1 2.84339E-1 2.83851E-1 2.86544E-1
-9999 -9999 -9999 -9999 -9999 2.6868E-1 2.72347E-1 2.74545E-1 2.72553E-1 2.77675E-1 2.76893E-1 -9999 2.79184E-1 2.81073E-1 2.83102E-1 2.86958E-1 2.90032E-1 2.93249E-1 2.92364E-1 2.96131E-1 2.97332E-1 2.99522E-1 3.01148E-1 3.06493E-1 3.05667E-1 3.06952E-1 3.05244E-1 3.07714E-1 3.07315E-1 3.05809E-1 3.03995E-1 3.02566E-1 3.03777E-1 3.01337E-1 2.9816E-1 2.91073E-1 2.91617E-1 2.90034E-1 2.90876E-1 2.9154E-1 2.91878E-1 2.94692E-1 2.963E-1 2.96035E-1 2.96737E-1 2.99038E-1 2.9734E-1 2.96354E-1 2.9912E-1 2.95343E-1 2.94627E-1 2.9298E-1 2.91676E-1 2.93859E-1 2.94324E-1 2.90884E-1 2.89435E-1 2.89953E-1 2.88823E-1 2.88645E-1 2.88404E-1 2.87231E-1 2.86634E-1 2.87323E-1 2.90299E-1 2.88671E-1 2.88831E-1 2.90232E-1 2.89768E-1
-9999 -9999 -9999 -9999 2.74716E-1 2.77877E-1 2.80485E-1 2.80839E-1 2.79248E-1 2.82474E-1 2.77797E-1 -9999 -9999 2.88008E-1 -9999 2.93982E-1 2.93863E-1 2.97376E-1 2.99531E-1 3.0589E-1 3.04257E-1 3.09331E-1 3.11313E-1 3.16063E-1 3.15798E-1 3.15985E-1 3.16801E-1 3.16775E-1 3.12478E-1 3.12448E-1 3.11508E-1 3.11648E-1 3.09015E-1 3.06652E-1 3.07863E-1 3.07705E-1 3.00756E-1 2.98704E-1 3.02281E-1 3.00566E-1 3.01964E-1 2.99107E-1 3.00308E-1 3.04269E-1 3.02845E-1 2.99937E-1 3.02371E-1 3.02869E-1 3.01408E-1 3.00026E-1 3.00297E-1 2.98648E-1 2.97344E-1 2.97094E-1 2.93219E-1 2.93403E-1 2.94608E-1 2.95311E-1 2.91709E-1 2.92048E-1 2.90509E-1 2.93214E-1 2.93614E-1 2.92444E-1 2.90776E-1 2.93184E-1 2.94296E-1 2.93116E-1 2.98132E-1
-9999 -9999 -9999 -9999 -9999 2.83789E-1 2.85513E-1 2.88655E-1 2.88739E-1 2.86283E-1 2.86785E-1 -9999 -9999 2.93493E-1 -9999 -9999 3.02347E-1 3.03718E-1 3.06124E-1 3.10026E-1 3.12354E-1 3.13495E-1 3.16323E-1 3.16546E-1 3.193E-1 3.22899E-1 3.27662E-1 -9999 3.2569E-1 3.23617E-1 3.14779E-1 3.15486E-1 -9999 3.13383E-1 3.15605E-1 3.13455E-1 3.11951E-1 3.06718E-1 3.08632E-1 3.0678E-1 3.09438E-1 3.08361E-1 3.07105E-1 3.09677E-1 3.09456E-1 3.11265E-1 3.06435E-1 3.10794E-1 3.10262E-1 3.0462E-1 3.05018E-1 3.0266E-1 3.00795E-1 2.97026E-1 2.97583E-1 2.96758E-1 2.96622E-1 2.93863E-1 2.98071E-1 2.95929E-1 2.95473E-1 2.99292E-1 2.97045E-1 2.96782E-1 2.97081E-1 2.97881E-1 2.98068E-1 2.98868E-1 3.0141E-1
-9999 -9999 -9999 -9999 -9999 -9999 -9999 2.92828E-1 2.94606E-1 2.94912E-1 2.945E-1 -9999 -9999 -9999 -9999 -9999 3.07782E-1 3.08824E-1 3.13601E-1 3.17497E-1 3.17794E-1 2.6543E-1 2.63327E-1 2.68273E-1 2.68749E-1 2.7025E-1 -9999 -9999 -9999 -9999 -9999 -9999 -9999 -9999 -9999 3.18147E-1 3.1924E-1 3.18944E-1 3.15767E-1 3.14105E-1 3.15467E-1 3.20413E-1 3.14362E-1 3.14487E-1 3.16136E-1 3.1576E-1 3.13727E-1 3.12647E-1 3.15521E-1 3.15351E-1 3.09602E-1 3.08208E-1 3.04177E-1 3.02674E-1 3.02271E-1 2.99936E-1 2.97268E-1 3.04386E-1 3.03566E-1 2.99842E-1 3.02788E-1 3.01628E-1 3.03552E-1 3.00009E-1 3.02734E-1 3.03022E-1 3.02914E-1 3.05761E-1 3.02002E-1
-9999 -9999 -9999 -9999 -9999 2.95479E-1 2.95696E-1 2.95922E-1 2.98489E-1 -9999 -9999 -9999 -9999 3.06084E-1 3.09442E-1 3.0843E-1 -9999 -9999 -9999 -9999 -9999 2.67028E-1 2.70825E-1 -9999 2.71388E-1 -9999 -9999 2.76728E-1 3.3722E-1 3.35556E-1 -9999 3.30806E-1 3.29856E-1 3.32386E-1 -9999 -9999 3.29626E-1 3.26916E-1 3.27451E-1 3.24585E-1 3.23773E-1 3.23832E-1 3.26174E-1 3.23925E-1 3.23405E-1 3.24197E-1 3.23693E-1 3.21783E-1 3.19505E-1 3.18396E-1 3.16806E-1 3.15537E-1 3.11326E-1 3.09807E-1 3.07114E-1 3.05858E-1 3.07454E-1 3.07135E-1 3.02782E-1 3.04792E-1 3.02825E-1 3.03164E-1 3.02645E-1 3.04925E-1 3.07085E-1 3.07194E-1 3.0768E-1 3.05766E-1 3.11397E-1
-9999 -9999 -9999 -9999 -9999 2.97912E-1 3.0094E-1 3.00064E-1 2.96598E-1 -9999 3.04157E-1 -9999 -9999 -9999 3.1306E-1 -9999 -9999 -9999 -9999 -9999 -9999 -9999 -9999 -9999 -9999 -9999 -9999 -9999 -9999 -9999 -9999 -9999 -9999 3.34358E-1 3.37264E-1 3.38924E-1 3.35113E-1 3.34979E-1 3.36097E-1 3.3848E-1 3.28468E-1 3.31485E-1 3.30155E-1 3.33334E-1 3.31146E-1 3.31573E-1 3.29939E-1 3.2911E-1 3.28373E-1 3.26829E-1 3.24225E-1 3.21466E-1 3.19838E-1 3.21085E-1 3.1731E-1 3.15434E-1 3.11189E-1 3.11485E-1 3.11286E-1 3.09799E-1 3.08477E-1 3.07017E-1 3.05441E-1 3.09079E-1 3.06345E-1 3.12585E-1 3.12187E-1 3.14149E-1 3.14702E-1
-9999 -9999 -9999 3.03014E-1 -9999 -9999 3.0293E-1 -9999 -9999 -9999 -9999 -9999 -9999 -9999 -9999 -9999 -9999 -9999 -9999 -9999 -9999 -9999 -9999 -9999 -9999 -9999 -9999 -9999 -9999 -9999 -9999 -9999 -9999 -9999 -9999 -9999 3.44394E-1 3.46432E-1 3.4456E-1 3.43725E-1 3.39605E-1 3.42451E-1 3.39985E-1 3.39601E-1 3.39677E-1 3.38361E-1 3.39675E-1 3.40971E-1 3.38955E-1 3.34249E-1 3.3416E-1 3.32224E-1 3.29947E-1 3.24121E-1 3.23619E-1 3.19376E-1 3.15678E-1 3.17251E-1 3.16505E-1 3.1027E-1 3.10344E-1 3.08682E-1 3.11703E-1 3.16012E-1 3.15944E-1 3.16046E-1 3.17012E-1 3.20784E-1 3.19798E-1
-9999 -9999 -9999 -9999 -9999 -9999 -9999 -9999 -9999 -9999 -9999 -9999 -9999 -9999 -9999 -9999 -9999 -9999 -9999 -9999 -9999 -9999 -9999 -9999 -9999 -9999 -9999 -9999 -9999 -9999 -9999 -9999 -9999 -9999 -9999 -9999 -9999 -9999 -9999 3.46894E-1 3.52042E-1 3.47665E-1 3.46067E-1 -9999 -9999 3.42478E-1 3.43215E-1 3.4428E-1 3.44525E-1 3.471E-1 3.43695E-1 3.4098E-1 3.3597E-1 3.33965E-1 3.28611E-1 3.26744E-1 3.2138E-1 3.18414E-1 3.13812E-1 3.12467E-1 3.15372E-1 3.1632E-1 3.18745E-1 3.22234E-1 3.19233E-1 3.22167E-1 3.22627E-1 3.221E-1 3.21752E-1
-9999 -9999 -9999 -9999 -9999 -9999 -9999 -9999 -9999 -9999 -9999 -9999 -9999 -9999 -9999 -9999 -9999 -9999 -9999 -9999 -9999 -9999 -9999 -9999 -9999 -9999 -9999 -9999 -9999 -9999 -9999 -9999 -9999 -9999 -9999 -9999 -9999 -9999 -9999 -9999 -9999 3.53943E-1 3.49722E-1 3.51459E-1 3.52886E-1 -9999 -9999 3.51888E-1 3.52969E-1 3.501E-1 3.5361E-1 3.51779E-1 3.45726E-1 3.41348E-1 3.3549E-1 3.32004E-1 3.23163E-1 3.19753E-1 3.19065E-1 3.184E-1 3.26896E-1 3.21727E-1 3.27448E-1 3.25523E-1 3.30631E-1 3.30793E-1 3.32082E-1 3.33284E-1 3.27258E-1
-9999 -9999 -9999 -9999 -9999 -9999 -9999 -9999 -9999 -9999 -9999 -9999 -9999 -9999 -9999 -9999 -9999 -9999 -9999 -9999 -9999 -9999 -9999 -9999 -9999 -9999 -9999 -9999 -9999 -9999 -9999 -9999 -9999 -9999 -9999 -9999 -9999 -9999 -9999 -9999 -9999 -9999 -9999 3.55527E-1 3.5821E-1 -9999 3.56423E-1 3.57896E-1 3.59666E-1 3.62015E-1 3.5844E-1 3.58662E-1 3.59177E-1 3.5089E-1 3.41095E-1 3.34169E-1 3.27557E-1 3.2469E-1 3.1952E-1 3.26678E-1 3.27592E-1 3.28038E-1 3.32037E-1 3.35058E-1 3.36563E-1 3.35305E-1 3.35999E-1 3.40724E-1 3.41062E-1
-9999 -9999 -9999 -9999 -9999 -9999 -9999 -9999 -9999 -9999 -9999 -9999 -9999 -9999 -9999 -9999 -9999 -9999 -9999 -9999 -9999 -9999 -9999 -9999 -9999 -9999 -9999 -9999 -9999 -9999 -9999 -9999 -9999 -9999 -9999 -9999 -9999 -9999 -9999 -9999 -9999 -9999 -9999 -9999 -9999 3.67227E-1 -9999 3.6953E-1 3.71564E-1 3.74266E-1 3.70643E-1 3.67664E-1 3.63274E-1 3.61502E-1 3.52559E-1 3.44072E-1 3.38673E-1 3.32828E-1 3.3208E-1 3.3E-1 3.32132E-1 3.36583E-1 3.372E-1 3.39967E-1 3.40442E-1 3.42046E-1 3.43102E-1 3.43796E-1 3.45564E-1
-9999 -9999 -9999 -9999 -9999 -9999 -9999 -9999 -9999 -9999 -9999 -9999 -9999 -9999 -9999 -9999 -9999 -9999 -9999 -9999 -9999 -9999 -9999 -9999 -9999 -9999 -9999 -9999 -9999 -9999 -9999 -9999 -9999 -9999 -9999 -9999 -9999 -9999 -9999 -9999 -9999 -9999 -9999 -9999 -9999 -9999 -9999 3.83106E-1 -9999 -9999 3.78927E-1 3.74656E-1 3.68677E-1 3.68841E-1 3.56797E-1 3.54994E-1 3.46906E-1 3.39658E-1 3.38182E-1 3.3718E-1 3.41721E-1 3.41843E-1 3.45749E-1 3.46747E-1 3.46958E-1 3.49944E-1 3.46133E-1 3.53156E-1 3.54299E-1
-9999 -9999 -9999 -9999 -9999 -9999 -9999 -9999 -9999 -9999 -9999 -9999 -9999 -9999 -9999 -9999 -9999 -9999 -9999 -9999 -9999 -9999 -9999 -9999 -9999 -9999 -9999 -9999 -9999 -9999 -9999 -9999 -9999 -9999 -9999 -9999 -9999 -9999 -9999 -9999 -9999 -9999 -9999 -9999 -9999 -9999 -9999 -9999 3.87828E-1 3.90492E-1 -9999 3.76885E-1 -9999 3.69885E-1 3.69338E-1 3.57479E-1 3.53747E-1 3.46512E-1 3.46571E-1 3.47201E-1 3.49581E-1 3.5011E-1 3.48783E-1 3.52126E-1 3.50812E-1 3.51895E-1 3.56586E-1 3.57837E-1 3.5933E-1
-9999 -9999 -9999 -9999 -9999 -9999 -9999 -9999 -9999 -9999 -9999 -9999 -9999 -9999 -9999 -9999 -9999 -9999 -9999 -9999 -9999 -9999 -9999 -9999 -9999 -9999 -9999 -9999 -9999 -9999 -9999 -9999 -9999 -9999 -9999 -9999 -9999 -9999 -9999 -9999 -9999 -9999 -9999 -9999 -9999 -9999 -9999 -9999 -9999 -9999 3.91684E-1 3.84415E-1 -9999 3.79152E-1 3.69699E-1 3.67698E-1 3.58576E-1 3.56581E-1 3.56784E-1 3.54514E-1 3.59272E-1 3.59424E-1 3.61642E-1 3.61245E-1 3.61727E-1 3.61327E-1 3.59284E-1 3.61334E-1 3.62788E-1
-9999 -9999 -9999 -9999 -9999 -9999 -9999 -9999 -9999 -9999 -9999 -9999 -9999 -9999 -9999 -9999 -9999 -9999 -9999 -9999 -9999 -9999 -9999 -9999 -9999 -9999 -9999 -9999 -9999 -9999 -9999 -9999 -9999 -9999 -9999 -9999 -9999 -9999 -9999 -9999 -9999 -9999 -9999 -9999 -9999 -9999 -9999 -9999 -9999 -9999 -9999 3.91437E-1 3.84377E-1 3.80629E-1 3.74932E-1 3.737E-1 3.68169E-1 3.65166E-1 3.63965E-1 3.63901E-1 3.65452E-1 3.67405E-1 3.67002E-1 3.69985E-1 3.6822E-1 3.69464E-1 3.69611E-1 3.73554E-1 3.7572E-1
-9999 -9999 -9999 -9999 -9999 -9999 -9999 -9999 -9999 -9999 -9999 -9999 -9999 -9999 -9999 -9999 -9999 -9999 -9999 -9999 -9999 -9999 -9999 -9999 -9999 -9999 -9999 -9999 -9999 -9999 -9999 -9999 -9999 -9999 -9999 -9999 -9999 -9999 -9999 -9999 -9999 -9999 -9999 -9999 -9999 -9999 -9999 -9999 -9999 -9999 -9999 -9999 -9999 3.84312E-1 3.83651E-1 3.78205E-1 3.76294E-1 3.7522E-1 3.72863E-1 3.7072E-1 3.69122E-1 3.74309E-1 3.77039E-1 3.743E-1 3.75017E-1 3.77958E-1 3.80045E-1 3.7754E-1 3.79361E-1
-9999 -9999 -9999 -9999 -9999 -9999 -9999 -9999 -9999 -9999 -9999 -9999 -9999 -9999 -9999 -9999 -9999 -9999 -9999 -9999 -9999 -9999 -9999 -9999 -9999 -9999 -9999 -9999 -9999 -9999 -9999 -9999 -9999 -9999 -9999 -9999 -9999 -9999 -9999 -9999 -9999 -9999 -9999 -9999 -9999 -9999 -9999 -9999 -9999 -9999 -9999 -9999 -9999 -9999 3.84207E-1 3.84153E-1 3.80742E-1 3.81009E-1 3.78075E-1 3.78147E-1 3.7951E-1 3.78829E-1 3.84269E-1 3.80816E-1 3.82171E-1 3.83062E-1 3.84887E-1 3.86376E-1 3.88859E-1
-9999 -9999 -9999 -9999 -9999 -9999 -9999 -9999 -9999 -9999 -9999 -9999 -9999 -9999 -9999 -9999 -9999 -9999 -9999 -9999 -9999 -9999 -9999 -9999 -9999 -9999 -9999 -9999 -9999 -9999 -9999 -9999 -9999 -9999 -9999 -9999 -9999 -9999 -9999 -9999 -9999 -9999 -9999 -9999 -9999 -9999 -9999 -9999 -9999 -9999 -9999 -9999 -9999 -9999 -9999 3.89524E-1 3.86789E-1 3.89939E-1 3.83445E-1 3.85103E-1 3.83283E-1 3.85541E-1 3.86883E-1 3.88562E-1 3.89274E-1 3.8892E-1 3.89833E-1 3.8877E-1 3.90593E-1
-9999 -9999 -9999 -9999 -9999 -9999 -9999 -9999 -9999 -9999 -9999 -9999 -9999 -9999 -9999 -9999 -9999 -9999 -9999 -9999 -9999 -9999 -9999 -9999 -9999 -9999 -9999 -9999 -9999 -9999 -9999 -9999 -9999 -9999 -9999 -9999 -9999 -9999 -9999 -9999 -9999 -9999 -9999 -9999 -9999 -9999 -9999 -9999 -9999 -9999 -9999 -9999 -9999 -9999 -9999 -9999 3.91374E-1 3.92029E-1 3.90602E-1 3.9543E-1 3.92993E-1 3.95149E-1 3.89258E-1 3.94663E-1 3.94203E-1 3.96716E-1 -9999 3.98723E-1 4.00686E-1
-9999 -9999 -9999 -9999 -9999 -9999 -9999 -9999 -9999 -9999 -9999 -9999 -9999 -9999 -9999 -9999 -9999 -9999 -9999 -9999 -9999 -9999 -9999 -9999 -9999 -9999 -9999 -9999 -9999 -9999 -9999 -9999 -9999 -9999 -9999 -9999 -9999 -9999 -9999 -9999 -9999 -9999 -9999 -9999 -9999 -9999 -9999 -9999 -9999 -9999 -9999 -9999 -9999 -9999 -9999 -9999 3.97657E-1 4.00415E-1 3.97138E-1 3.95888E-1 3.98137E-1 3.99063E-1 4.01425E-1 3.96391E-1 4.00843E-1 -9999 4.03012E-1 4.0184E-1 -9999
-9999 -9999 -9999 -9999 -9999 -9999 -9999 -9999 -9999 -9999 -9999 -9999 -9999 -9999 -9999 -9999 -9999 -9999 -9999 -9999 -9999 -9999 -9999 -9999 -9999 -9999 -9999 -9999 -9999 -9999 -9999 -9999 -9999 -9999 -9999 -9999 -9999 -9999 -9999 -9999 -9999 -9999 -9999 -9999 -9999 -9999 -9999 -9999 -9999 -9999 -9999 -9999 -9999 -9999 -9999 -9999 4.05916E-1 4.0569E-1 4.05296E-1 4.04554E-1 4.04249E-1 4.05136E-1 4.05838E-1 -9999 -9999 4.07007E-1 -9999 -9999 -9999
