Demos/Rbased/CrashCourse/data/enm_output/Asclepias_curtissii/Asclepias_curtissii_avg.asc
ncols         182
nrows         155
xllcorner     -87.625
yllcorner     24.5416666666667
cellsize      0.0416666666666666
NODATA_value  -9999
[rows 0 to 30 of 155, columns 0 to 68 of 182]
-9999 6.3569E-2 6.6151E-2 6.53297E-2 6.2807E-2 6.34863E-2 6.54234E-2 5.98755E-2 5.95997E-2 5.65561E-2 5.41733E-2 3.20307E-2 2.9036E-2 2.86973E-2 2.97212E-2 3.13284E-2 3.24497E-2 3.10211E-2 3.31663E-2 3.47704E-2 3.70626E-2 3.95361E-2 3.88261E-2 3.88261E-2 3.95285E-2 3.92794E-2 3.86256E-2 4.15071E-2 3.66895E-2 4.12575E-2 3.83915E-2 3.8159E-2 4.30049E-2 4.19756E-2 4.65793E-2 4.77363E-2 5.03335E-2 5.80024E-2 6.48805E-2 7.04119E-2 7.86886E-2 8.7914E-2 9.22056E-2 1.02949E-1 1.095E-1 1.60064E-1 1.66625E-1 1.68483E-1 1.64808E-1 1.65708E-1 1.77734E-1 1.71709E-1 1.75342E-1 1.6816E-1 1.7166E-1 1.60586E-1 1.49757E-1 1.50327E-1 1.47986E-1 1.5007E-1 1.43835E-1 1.37391E-1 1.43867E-1 -9999 -9999 -9999 -9999 -9999 -9999
-9999 6.74271E-2 4.45779E-2 4.34813E-2 4.4753E-2 4.24133E-2 4.29031E-2 4.5535E-2 4.67466E-2 4.04501E-2 3.80978E-2 3.43534E-2 3.57652E-2 3.46571E-2 3.54625E-2 3.94485E-2 4.084E-2 4.03031E-2 4.14916E-2 4.29657E-2 4.39099E-2 4.84793E-2 4.79613E-2 4.88158E-2 5.05157E-2 4.88753E-2 4.53486E-2 4.42782E-2 4.50785E-2 4.66604E-2 4.66604E-2 4.6105E-2 4.6105E-2 4.21376E-2 4.64382E-2 4.67209E-2 4.9845E-2 5.54275E-2 6.33993E-2 6.814E-2 7.54964E-2 8.20977E-2 9.16887E-2 9.53342E-2 9.93213E-2 1.13704E-1 1.11421E-1 1.52597E-1 1.51933E-1 1.583E-1 1.59814E-1 1.63169E-1 1.62213E-1 1.54931E-1 1.4693E-1 1.48902E-1 1.41998E-1 1.41849E-1 1.40364E-1 1.34082E-1 1.37931E-1 1.31561E-1 1.34175E-1 -9999 -9999 -9999 -9999 -9999 -9999
4.99589E-2 4.69048E-2 4.80034E-2 4.61188E-2 4.6926E-2 4.85841E-2 4.7025E-2 5.18807E-2 5.10982E-2 4.26106E-2 3.96349E-2 4.08832E-2 4.40404E-2 4.23159E-2 4.15763E-2 4.43112E-2 4.9429E-2 5.07971E-2 4.96704E-2 5.10631E-2 5.22662E-2 5.77756E-2 5.57266E-2 5.64657E-2 5.84718E-2 5.9937E-2 5.55732E-2 5.4278E-2 5.49217E-2 5.03248E-2 5.12277E-2 4.94382E-2 4.91463E-2 4.93754E-2 5.21127E-2 4.73901E-2 5.24227E-2 5.46846E-2 5.4009E-2 6.71555E-2 7.07411E-2 7.84266E-2 8.2779E-2 8.8452E-2 9.27935E-2 9.9608E-2 1.03238E-1 1.06154E-1 1.08374E-1 1.47869E-1 1.48635E-1 1.52591E-1 1.42326E-1 1.4627E-1 1.37913E-1 1.39819E-1 1.35208E-1 1.34981E-1 1.28125E-1 1.26996E-1 1.29987E-1 1.39569E-1 1.29173E-1 1.30572E-1 -9999 -9999 -9999 -9999 -9999
5.34279E-2 5.27815E-2 5.28705E-2 5.20493E-2 5.34922E-2 5.36236E-2 5.33113E-2 5.81179E-2 5.46493E-2 4.67587E-2 4.48231E-2 4.45644E-2 4.90669E-2 4.926E-2 5.07332E-2 5.28355E-2 5.4638E-2 5.62536E-2 5.75222E-2 5.58834E-2 5.75354E-2 6.24777E-2 6.13834E-2 6.09875E-2 6.57898E-2 6.32277E-2 5.87088E-2 6.36031E-2 6.32277E-2 6.21746E-2 5.94081E-2 5.80224E-2 5.40922E-2 5.44594E-2 5.06133E-2 4.84229E-2 4.93395E-2 5.31212E-2 5.83337E-2 6.19034E-2 7.0077E-2 7.16938E-2 7.82275E-2 8.49202E-2 9.1183E-2 9.11412E-2 9.33095E-2 9.71933E-2 9.97272E-2 1.04788E-1 1.08203E-1 1.02165E-1 1.3449E-1 1.3724E-1 9.7795E-2 1.25365E-1 9.54006E-2 9.12325E-2 9.47662E-2 9.36063E-2 9.93524E-2 9.67702E-2 9.69574E-2 9.75584E-2 1.05734E-1 -9999 -9999 -9999 -9999
-9999 5.90071E-2 5.5468E-2 5.74525E-2 5.88153E-2 6.38655E-2 6.57739E-2 6.93985E-2 6.29212E-2 5.48937E-2 5.21203E-2 4.91693E-2 5.27368E-2 6.19092E-2 6.38651E-2 6.11852E-2 6.19419E-2 6.88628E-2 6.75825E-2 6.69155E-2 7.04633E-2 6.93327E-2 6.55922E-2 7.27133E-2 7.40234E-2 6.91908E-2 6.71721E-2 7.15835E-2 6.72809E-2 6.68812E-2 6.57105E-2 6.13441E-2 5.8362E-2 5.6356E-2 5.28577E-2 5.10663E-2 5.25939E-2 5.38708E-2 5.55024E-2 6.10883E-2 7.09879E-2 7.67171E-2 8.28749E-2 8.6918E-2 8.29061E-2 8.64627E-2 8.76572E-2 9.24231E-2 9.52951E-2 1.00272E-1 9.45467E-2 9.27306E-2 9.26523E-2 8.74929E-2 8.88415E-2 8.732E-2 8.43521E-2 8.61301E-2 8.81479E-2 9.03534E-2 9.21496E-2 9.55741E-2 9.1144E-2 9.32636E-2 1.01487E-1 -9999 -9999 -9999 -9999
-9999 -9999 6.58285E-2 6.44468E-2 6.90086E-2 6.66933E-2 7.27916E-2 7.66396E-2 7.66757E-2 6.51048E-2 5.90532E-2 5.76644E-2 5.87029E-2 6.38317E-2 7.26397E-2 7.27445E-2 7.26802E-2 7.76695E-2 7.76403E-2 8.09643E-2 8.26644E-2 7.62092E-2 7.75944E-2 8.17082E-2 8.56163E-2 7.75942E-2 8.40569E-2 8.16226E-2 7.57223E-2 7.43786E-2 6.8591E-2 6.50219E-2 6.10599E-2 5.96604E-2 5.69395E-2 5.14278E-2 5.41872E-2 5.42399E-2 5.89628E-2 6.25496E-2 7.39261E-2 7.2195E-2 7.79018E-2 8.26559E-2 8.28578E-2 8.73642E-2 8.16427E-2 8.33503E-2 8.84613E-2 8.75151E-2 8.98173E-2 8.26145E-2 8.58397E-2 8.14767E-2 8.32478E-2 7.92304E-2 7.74857E-2 8.80085E-2 8.18025E-2 8.37273E-2 8.53131E-2 8.9495E-2 9.28327E-2 8.94628E-2 9.82145E-2 -9999 -9999 -9999 -9999
-9999 -9999 -9999 8.186E-2 8.18246E-2 7.91531E-2 7.77247E-2 8.75204E-2 9.16293E-2 7.77247E-2 6.96372E-2 7.09137E-2 7.00601E-2 8.08922E-2 8.33826E-2 9.55979E-2 8.77001E-2 9.63655E-2 9.16831E-2 9.55384E-2 8.9975E-2 8.912E-2 9.48929E-2 1.01374E-1 9.60766E-2 9.38073E-2 9.63988E-2 8.8991E-2 8.29317E-2 7.92362E-2 7.33086E-2 6.60065E-2 6.56209E-2 6.15364E-2 5.51235E-2 5.21584E-2 5.42141E-2 5.37326E-2 5.90796E-2 6.4873E-2 6.80863E-2 7.23786E-2 7.40789E-2 8.01618E-2 7.84262E-2 7.86383E-2 8.1204E-2 7.89342E-2 8.31097E-2 8.09415E-2 7.11012E-2 7.32912E-2 7.3339E-2 6.9526E-2 7.3857E-2 7.40922E-2 7.19216E-2 7.72024E-2 7.98132E-2 8.00174E-2 8.13122E-2 8.2327E-2 8.58423E-2 8.53131E-2 8.63747E-2 1.03011E-1 -9999 -9999 -9999
-9999 -9999 -9999 -9999 -9999 9.78878E-2 9.36651E-2 1.06691E-1 1.12952E-1 1.05396E-1 8.67649E-2 9.01547E-2 9.71088E-2 9.01682E-2 1.06248E-1 1.18074E-1 1.09055E-1 1.05422E-1 1.00197E-1 1.00477E-1 1.04674E-1 1.03683E-1 1.09249E-1 1.10551E-1 1.09777E-1 1.09131E-1 1.04468E-1 1.00058E-1 9.607E-2 8.75663E-2 8.23933E-2 7.45207E-2 7.29634E-2 6.96104E-2 6.52677E-2 6.22725E-2 6.11582E-2 5.70422E-2 5.87568E-2 6.3867E-2 7.16926E-2 7.33141E-2 7.73277E-2 8.0594E-2 7.67948E-2 7.70101E-2 7.77014E-2 7.59593E-2 7.68844E-2 7.12871E-2 6.63929E-2 6.37907E-2 6.51893E-2 6.34267E-2 6.95422E-2 6.55795E-2 7.17406E-2 7.35551E-2 7.38282E-2 7.67642E-2 7.86936E-2 7.86583E-2 8.03098E-2 8.70269E-2 8.55652E-2 9.34875E-2 1.01667E-1 9.92638E-2 9.73366E-2
-9999 -9999 -9999 -9999 -9999 -9999 1.21317E-1 1.24672E-1 1.46178E-1 1.40081E-1 1.15523E-1 1.11809E-1 1.1389E-1 1.18924E-1 1.43442E-1 1.26972E-1 1.18721E-1 1.14096E-1 1.22215E-1 1.18577E-1 1.21239E-1 1.20998E-1 1.22972E-1 1.21926E-1 1.13432E-1 1.13432E-1 1.113E-1 1.05376E-1 1.01952E-1 9.37387E-2 9.16188E-2 8.20438E-2 8.13913E-2 7.65074E-2 7.53284E-2 7.10216E-2 6.38293E-2 6.7709E-2 6.87536E-2 7.21098E-2 7.43544E-2 7.98246E-2 7.82055E-2 7.80672E-2 7.96865E-2 7.7994E-2 7.48348E-2 7.49942E-2 6.83385E-2 6.47038E-2 5.87902E-2 6.13371E-2 5.78718E-2 5.27799E-2 5.70368E-2 5.57146E-2 5.81488E-2 6.15854E-2 6.54613E-2 7.40574E-2 7.42365E-2 7.51675E-2 7.47005E-2 8.42189E-2 8.73738E-2 9.40697E-2 9.09791E-2 9.11829E-2 9.06329E-2
-9999 -9999 -9999 -9999 -9999 1.22825E-1 1.11991E-1 1.13224E-1 1.18596E-1 1.68942E-1 1.60857E-1 1.36167E-1 1.34128E-1 1.4587E-1 1.54104E-1 1.49341E-1 1.36323E-1 1.22994E-1 1.25737E-1 1.19217E-1 1.19318E-1 1.15405E-1 1.18703E-1 1.19407E-1 1.20399E-1 1.25545E-1 1.28715E-1 1.26303E-1 1.19075E-1 1.1385E-1 1.0397E-1 9.65331E-2 8.52158E-2 8.36942E-2 8.34723E-2 8.15357E-2 7.03964E-2 7.18736E-2 7.34441E-2 7.70171E-2 7.5451E-2 8.15213E-2 7.98249E-2 7.98921E-2 7.62112E-2 7.73972E-2 7.23714E-2 6.07555E-2 5.77604E-2 5.53355E-2 5.26588E-2 5.03046E-2 4.63941E-2 4.9031E-2 4.49609E-2 4.77275E-2 5.35595E-2 5.45715E-2 6.3679E-2 6.40773E-2 6.94179E-2 7.57289E-2 7.96549E-2 8.30508E-2 8.84688E-2 8.90379E-2 8.32848E-2 9.20152E-2 9.29538E-2
-9999 -9999 -9999 -9999 -9999 1.28732E-1 1.29244E-1 1.27518E-1 1.21416E-1 1.29893E-1 1.3878E-1 -9999 1.21247E-1 1.25445E-1 1.2747E-1 1.3502E-1 1.3018E-1 1.23856E-1 1.24388E-1 1.17747E-1 1.17838E-1 1.241E-1 1.26865E-1 1.27794E-1 1.296E-1 1.39561E-1 1.49978E-1 1.40559E-1 1.33563E-1 1.35284E-1 1.17734E-1 1.0805E-1 9.96278E-2 9.29242E-2 8.92177E-2 8.77839E-2 8.28156E-2 8.0377E-2 7.72642E-2 7.65778E-2 7.7031E-2 7.94104E-2 7.6873E-2 7.24576E-2 6.69987E-2 7.02467E-2 6.59688E-2 6.12692E-2 6.06644E-2 5.20711E-2 4.69525E-2 4.24806E-2 4.08842E-2 4.29567E-2 4.42309E-2 4.82359E-2 4.92391E-2 5.67369E-2 6.11521E-2 6.1098E-2 6.76035E-2 7.42063E-2 7.63877E-2 8.40671E-2 7.96681E-2 7.75627E-2 8.61204E-2 8.56454E-2 8.86762E-2
-9999 -9999 -9999 -9999 1.4254E-1 1.45115E-1 1.50879E-1 1.45676E-1 1.32684E-1 1.26398E-1 1.28615E-1 -9999 -9999 1.37752E-1 -9999 1.32914E-1 1.24043E-1 1.21299E-1 1.22554E-1 1.22222E-1 1.23757E-1 1.28749E-1 1.33139E-1 1.36265E-1 1.39691E-1 1.49763E-1 1.63985E-1 1.6124E-1 1.54089E-1 1.5147E-1 1.34897E-1 1.27466E-1 1.19543E-1 1.10224E-1 1.0164E-1 9.37456E-2 9.84022E-2 9.63368E-2 8.51274E-2 8.08608E-2 8.57859E-2 8.75075E-2 8.90774E-2 7.64934E-2 7.36138E-2 7.19663E-2 6.87797E-2 6.44268E-2 5.86684E-2 5.41859E-2 4.81463E-2 4.42243E-2 3.83593E-2 3.95629E-2 3.86213E-2 4.23454E-2 4.84142E-2 5.35371E-2 5.86594E-2 6.12937E-2 6.77822E-2 7.18247E-2 7.85711E-2 7.98309E-2 7.82922E-2 8.02324E-2 8.39206E-2 8.75307E-2 8.97138E-2
-9999 -9999 -9999 -9999 -9999 1.72834E-1 1.80112E-1 1.60825E-1 1.46519E-1 1.39456E-1 1.30932E-1 -9999 -9999 1.44083E-1 -9999 -9999 1.37215E-1 1.33082E-1 1.28114E-1 1.30952E-1 1.36984E-1 1.40797E-1 1.46369E-1 1.47349E-1 1.59689E-1 1.66192E-1 1.73678E-1 -9999 1.62616E-1 1.53149E-1 1.4375E-1 1.37383E-1 -9999 1.25183E-1 1.18614E-1 1.08386E-1 9.90068E-2 1.04171E-1 1.02441E-1 9.55678E-2 9.62139E-2 9.46484E-2 8.55643E-2 7.84191E-2 7.38334E-2 7.15147E-2 6.85381E-2 6.8275E-2 5.85418E-2 5.48922E-2 4.57666E-2 4.09858E-2 3.59807E-2 3.67218E-2 3.62159E-2 3.95218E-2 4.65054E-2 5.11563E-2 5.40323E-2 6.3988E-2 6.6417E-2 7.04115E-2 7.60319E-2 7.57887E-2 7.72324E-2 7.77014E-2 8.32375E-2 8.37426E-2 8.93173E-2
-9999 -9999 -9999 -9999 -9999 -9999 -9999 1.75733E-1 1.61045E-1 1.49683E-1 1.43356E-1 -9999 -9999 -9999 -9999 -9999 1.46914E-1 1.47913E-1 1.39747E-1 1.44237E-1 1.47372E-1 1.09505E-1 1.14311E-1 1.17929E-1 1.28118E-1 1.32365E-1 -9999 -9999 -9999 -9999 -9999 -9999 -9999 -9999 -9999 1.21258E-1 1.18585E-1 1.05705E-1 1.12685E-1 1.05857E-1 1.0227E-1 9.20982E-2 8.94789E-2 8.35873E-2 7.70426E-2 7.23953E-2 7.36059E-2 6.74401E-2 6.15968E-2 5.78465E-2 4.90462E-2 3.91823E-2 3.35784E-2 3.44196E-2 3.97263E-2 4.27636E-2 4.49094E-2 5.20633E-2 5.87394E-2 6.39344E-2 7.11502E-2 7.45154E-2 8.00968E-2 7.8351E-2 7.8478E-2 7.94385E-2 8.70934E-2 8.84374E-2 8.75544E-2
-9999 -9999 -9999 -9999 -9999 1.93319E-1 1.9725E-1 1.93951E-1 1.88554E-1 -9999 -9999 -9999 -9999 1.63876E-1 1.53181E-1 1.51576E-1 -9999 -9999 -9999 -9999 -9999 1.17152E-1 1.19598E-1 -9999 1.30707E-1 -9999 -9999 1.37921E-1 1.72964E-1 1.70725E-1 -9999 1.53968E-1 1.51288E-1 1.48526E-1 -9999 -9999 1.247E-1 1.14623E-1 1.11062E-1 1.19772E-1 1.09378E-1 1.04105E-1 9.26444E-2 9.17625E-2 7.94593E-2 7.7359E-2 7.39954E-2 7.34678E-2 6.57266E-2 6.25897E-2 5.2735E-2 4.77717E-2 4.1821E-2 3.70244E-2 3.933E-2 4.5048E-2 4.81331E-2 4.99691E-2 5.72078E-2 6.45414E-2 6.85233E-2 7.44228E-2 8.11737E-2 7.54639E-2 8.23628E-2 8.14321E-2 8.43617E-2 8.95242E-2 9.10884E-2
-9999 -9999 -9999 -9999 -9999 1.95236E-1 1.92679E-1 1.93312E-1 2.11764E-1 -9999 1.75862E-1 -9999 -9999 -9999 1.72356E-1 -9999 -9999 -9999 -9999 -9999 -9999 -9999 -9999 -9999 -9999 -9999 -9999 -9999 -9999 -9999 -9999 -9999 -9999 1.46356E-1 1.38075E-1 1.3452E-1 1.34168E-1 1.26363E-1 1.18584E-1 1.07932E-1 1.1714E-1 1.08694E-1 1.03925E-1 9.40946E-2 9.21475E-2 8.85382E-2 8.26518E-2 7.61975E-2 7.55235E-2 6.91907E-2 6.24846E-2 5.89061E-2 4.8568E-2 4.94646E-2 4.619E-2 4.93766E-2 5.02287E-2 5.32844E-2 5.73183E-2 6.62154E-2 6.90563E-2 7.53455E-2 8.10886E-2 7.80354E-2 8.16548E-2 8.80639E-2 9.24402E-2 9.46575E-2 9.64161E-2
-9999 -9999 -9999 1.85413E-1 -9999 -9999 1.9388E-1 -9999 -9999 -9999 -9999 -9999 -9999 -9999 -9999 -9999 -9999 -9999 -9999 -9999 -9999 -9999 -9999 -9999 -9999 -9999 -9999 -9999 -9999 -9999 -9999 -9999 -9999 -9999 -9999 -9999 1.34948E-1 1.32816E-1 1.30899E-1 1.26985E-1 1.27371E-1 1.22236E-1 1.16959E-1 1.10985E-1 1.01906E-1 9.35841E-2 8.5751E-2 8.29993E-2 8.52692E-2 8.42728E-2 7.71564E-2 6.94835E-2 6.55538E-2 5.87858E-2 5.43075E-2 5.5276E-2 5.43912E-2 5.51623E-2 5.72076E-2 6.84702E-2 7.13968E-2 7.94847E-2 7.80964E-2 8.23515E-2 8.74133E-2 8.6423E-2 9.13503E-2 9.33026E-2 1.03742E-1
-9999 -9999 -9999 -9999 -9999 -9999 -9999 -9999 -9999 -9999 -9999 -9999 -9999 -9999 -9999 -9999 -9999 -9999 -9999 -9999 -9999 -9999 -9999 -9999 -9999 -9999 -9999 -9999 -9999 -9999 -9999 -9999 -9999 -9999 -9999 -9999 -9999 -9999 -9999 1.31675E-1 1.27935E-1 1.31865E-1 1.40556E-1 -9999 -9999 1.03843E-1 9.88335E-2 1.01358E-1 1.00382E-1 9.21563E-2 9.15679E-2 8.60946E-2 8.04662E-2 7.11742E-2 6.38992E-2 6.39211E-2 6.08151E-2 6.30181E-2 6.32986E-2 6.7205E-2 7.24689E-2 7.59904E-2 7.88721E-2 7.55391E-2 8.53112E-2 8.73661E-2 9.20719E-2 9.2613E-2 1.01823E-1
-9999 -9999 -9999 -9999 -9999 -9999 -9999 -9999 -9999 -9999 -9999 -9999 -9999 -9999 -9999 -9999 -9999 -9999 -9999 -9999 -9999 -9999 -9999 -9999 -9999 -9999 -9999 -9999 -9999 -9999 -9999 -9999 -9999 -9999 -9999 -9999 -9999 -9999 -9999 -9999 -9999 1.31086E-1 1.49331E-1 1.43642E-1 1.3047E-1 -9999 -9999 1.14055E-1 1.15484E-1 1.17677E-1 1.14806E-1 1.09156E-1 9.40514E-2 8.58986E-2 7.71137E-2 7.24988E-2 6.69889E-2 6.25741E-2 6.89435E-2 6.72346E-2 6.93123E-2 7.10406E-2 7.37832E-2 7.79618E-2 8.40169E-2 8.64437E-2 8.91359E-2 9.06772E-2 1.02306E-1
-9999 -9999 -9999 -9999 -9999 -9999 -9999 -9999 -9999 -9999 -9999 -9999 -9999 -9999 -9999 -9999 -9999 -9999 -9999 -9999 -9999 -9999 -9999 -9999 -9999 -9999 -9999 -9999 -9999 -9999 -9999 -9999 -9999 -9999 -9999 -9999 -9999 -9999 -9999 -9999 -9999 -9999 -9999 1.5745E-1 1.57782E-1 -9999 1.33436E-1 1.41234E-1 1.46099E-1 1.45796E-1 1.38387E-1 1.26239E-1 1.08657E-1 1.06931E-1 9.23121E-2 8.20895E-2 7.32366E-2 6.87501E-2 6.80557E-2 6.26043E-2 6.79341E-2 7.28503E-2 7.52487E-2 8.38309E-2 8.7293E-2 9.02873E-2 9.23615E-2 9.61057E-2 9.72027E-2
-9999 -9999 -9999 -9999 -9999 -9999 -9999 -9999 -9999 -9999 -9999 -9999 -9999 -9999 -9999 -9999 -9999 -9999 -9999 -9999 -9999 -9999 -9999 -9999 -9999 -9999 -9999 -9999 -9999 -9999 -9999 -9999 -9999 -9999 -9999 -9999 -9999 -9999 -9999 -9999 -9999 -9999 -9999 -9999 -9999 1.53187E-1 -9999 1.6312E-1 1.7629E-1 1.87394E-1 1.78271E-1 1.51694E-1 1.28347E-1 1.12765E-1 9.15236E-2 8.27225E-2 6.69986E-2 6.34688E-2 6.3272E-2 6.31477E-2 7.21059E-2 7.62137E-2 8.08481E-2 8.60789E-2 9.06508E-2 9.32614E-2 9.64924E-2 9.87075E-2 9.98338E-2
-9999 -9999 -9999 -9999 -9999 -9999 -9999 -9999 -9999 -9999 -9999 -9999 -9999 -9999 -9999 -9999 -9999 -9999 -9999 -9999 -9999 -9999 -9999 -9999 -9999 -9999 -9999 -9999 -9999 -9999 -9999 -9999 -9999 -9999 -9999 -9999 -9999 -9999 -9999 -9999 -9999 -9999 -9999 -9999 -9999 -9999 -9999 1.92214E-1 -9999 -9999 2.01384E-1 1.87756E-1 1.57092E-1 1.33502E-1 1.09407E-1 9.28246E-2 7.67568E-2 7.88097E-2 7.64326E-2 6.83007E-2 7.21547E-2 7.87326E-2 8.67245E-2 9.12648E-2 9.98404E-2 9.83853E-2 1.03368E-1 1.0411E-1 1.07106E-1
-9999 -9999 -9999 -9999 -9999 -9999 -9999 -9999 -9999 -9999 -9999 -9999 -9999 -9999 -9999 -9999 -9999 -9999 -9999 -9999 -9999 -9999 -9999 -9999 -9999 -9999 -9999 -9999 -9999 -9999 -9999 -9999 -9999 -9999 -9999 -9999 -9999 -9999 -9999 -9999 -9999 -9999 -9999 -9999 -9999 -9999 -9999 -9999 2.53394E-1 2.57339E-1 -9999 2.07692E-1 -9999 1.59019E-1 1.26807E-1 1.10332E-1 9.16905E-2 8.783E-2 9.02458E-2 7.87582E-2 8.24117E-2 8.83014E-2 9.81354E-2 1.03882E-1 1.095E-1 1.07915E-1 1.12737E-1 1.14667E-1 1.19265E-1
-9999 -9999 -9999 -9999 -9999 -9999 -9999 -9999 -9999 -9999 -9999 -9999 -9999 -9999 -9999 -9999 -9999 -9999 -9999 -9999 -9999 -9999 -9999 -9999 -9999 -9999 -9999 -9999 -9999 -9999 -9999 -9999 -9999 -9999 -9999 -9999 -9999 -9999 -9999 -9999 -9999 -9999 -9999 -9999 -9999 -9999 -9999 -9999 -9999 -9999 2.40565E-1 2.26188E-1 -9999 1.76391E-1 1.52455E-1 1.26934E-1 1.12563E-1 1.01902E-1 9.42772E-2 9.06259E-2 9.58637E-2 1.02805E-1 1.09919E-1 1.13305E-1 1.1919E-1 1.23975E-1 1.26307E-1 1.30581E-1 1.24454E-1
-9999 -9999 -9999 -9999 -9999 -9999 -9999 -9999 -9999 -9999 -9999 -9999 -9999 -9999 -9999 -9999 -9999 -9999 -9999 -9999 -9999 -9999 -9999 -9999 -9999 -9999 -9999 -9999 -9999 -9999 -9999 -9999 -9999 -9999 -9999 -9999 -9999 -9999 -9999 -9999 -9999 -9999 -9999 -9999 -9999 -9999 -9999 -9999 -9999 -9999 -9999 2.30287E-1 2.12502E-1 1.94969E-1 1.72303E-1 1.57378E-1 1.32533E-1 1.25608E-1 1.16308E-1 1.1774E-1 1.1282E-1 1.19463E-1 1.24964E-1 1.30031E-1 1.29362E-1 1.33301E-1 1.31842E-1 1.36035E-1 1.39101E-1
-9999 -9999 -9999 -9999 -9999 -9999 -9999 -9999 -9999 -9999 -9999 -9999 -9999 -9999 -9999 -9999 -9999 -9999 -9999 -9999 -9999 -9999 -9999 -9999 -9999 -9999 -9999 -9999 -9999 -9999 -9999 -9999 -9999 -9999 -9999 -9999 -9999 -9999 -9999 -9999 -9999 -9999 -9999 -9999 -9999 -9999 -9999 -9999 -9999 -9999 -9999 -9999 -9999 2.05398E-1 1.9227E-1 1.77524E-1 1.60571E-1 1.47847E-1 1.46354E-1 1.38091E-1 1.39382E-1 1.47194E-1 1.3958E-1 1.42821E-1 1.4608E-1 1.45151E-1 1.4997E-1 1.46242E-1 1.4788E-1
-9999 -9999 -9999 -9999 -9999 -9999 -9999 -9999 -9999 -9999 -9999 -9999 -9999 -9999 -9999 -9999 -9999 -9999 -9999 -9999 -9999 -9999 -9999 -9999 -9999 -9999 -9999 -9999 -9999 -9999 -9999 -9999 -9999 -9999 -9999 -9999 -9999 -9999 -9999 -9999 -9999 -9999 -9999 -9999 -9999 -9999 -9999 -9999 -9999 -9999 -9999 -9999 -9999 -9999 1.99907E-1 1.92733E-1 1.79896E-1 1.75239E-1 1.74745E-1 1.69841E-1 1.71055E-1 1.66661E-1 1.65255E-1 1.71941E-1 1.66617E-1 1.74937E-1 1.70274E-1 1.70274E-1 1.62821E-1
-9999 -9999 -9999 -9999 -9999 -9999 -9999 -9999 -9999 -9999 -9999 -9999 -9999 -9999 -9999 -9999 -9999 -9999 -9999 -9999 -9999 -9999 -9999 -9999 -9999 -9999 -9999 -9999 -9999 -9999 -9999 -9999 -9999 -9999 -9999 -9999 -9999 -9999 -9999 -9999 -9999 -9999 -9999 -9999 -9999 -9999 -9999 -9999 -9999 -9999 -9999 -9999 -9999 -9999 -9999 2.07497E-1 2.03692E-1 1.89227E-1 2.00548E-1 1.93759E-1 1.92725E-1 1.95178E-1 1.92943E-1 1.96485E-1 1.92556E-1 1.88944E-1 1.89988E-1 1.84603E-1 1.79707E-1
-9999 -9999 -9999 -9999 -9999 -9999 -9999 -9999 -9999 -9999 -9999 -9999 -9999 -9999 -9999 -9999 -9999 -9999 -9999 -9999 -9999 -9999 -9999 -9999 -9999 -9999 -9999 -9999 -9999 -9999 -9999 -9999 -9999 -9999 -9999 -9999 -9999 -9999 -9999 -9999 -9999 -9999 -9999 -9999 -9999 -9999 -9999 -9999 -9999 -9999 -9999 -9999 -9999 -9999 -9999 -9999 2.17064E-1 2.14276E-1 2.12649E-1 2.08513E-1 2.08604E-1 2.13125E-1 2.13072E-1 2.18838E-1 2.17292E-1 2.1255E-1 -9999 2.03029E-1 2.02435E-1
-9999 -9999 -9999 -9999 -9999 -9999 -9999 -9999 -9999 -9999 -9999 -9999 -9999 -9999 -9999 -9999 -9999 -9999 -9999 -9999 -9999 -9999 -9999 -9999 -9999 -9999 -9999 -9999 -9999 -9999 -9999 -9999 -9999 -9999 -9999 -9999 -9999 -9999 -9999 -9999 -9999 -9999 -9999 -9999 -9999 -9999 -9999 -9999 -9999 -9999 -9999 -9999 -9999 -9999 -9999 -9999 2.32285E-1 2.28214E-1 2.31785E-1 2.35447E-1 2.26935E-1 2.34194E-1 2.34232E-1 2.478E-1 2.3551E-1 -9999 2.22656E-1 2.15462E-1 -9999
-9999 -9999 -9999 -9999 -9999 -9999 -9999 -9999 -9999 -9999 -9999 -9999 -9999 -9999 -9999 -9999 -9999 -9999 -9999 -9999 -9999 -9999 -9999 -9999 -9999 -9999 -9999 -9999 -9999 -9999 -9999 -9999 -9999 -9999 -9999 -9999 -9999 -9999 -9999 -9999 -9999 -9999 -9999 -9999 -9999 -9999 -9999 -9999 -9999 -9999 -9999 -9999 -9999 -9999 -9999 -9999 2.48234E-1 2.43939E-1 2.43409E-1 2.40654E-1 2.44405E-1 2.52399E-1 2.48975E-1 -9999 -9999 2.39672E-1 -9999 -9999 -9999
