Demos/Rbased/CrashCourse/data/enm_output/Asclepias_curtissii/Asclepias_curtissii_avg.asc
ncols         182
nrows         155
xllcorner     -87.625
yllcorner     24.5416666666667
cellsize      0.0416666666666666
NODATA_value  -9999
[rows 0 to 30 of 155, columns 69 to 137 of 182]
-9999 -9999 -9999 -9999 -9999 -9999 -9999 -9999 -9999 -9999 -9999 -9999 -9999 -9999 -9999 -9999 -9999 -9999 -9999 -9999 -9999 -9999 -9999 -9999 -9999 -9999 -9999 -9999 -9999 -9999 -9999 -9999 -9999 -9999 -9999 -9999 -9999 -9999 -9999 -9999 -9999 -9999 -9999 -9999 -9999 -9999 -9999 -9999 -9999 -9999 -9999 -9999 -9999 -9999 -9999 -9999 -9999 -9999 -9999 -9999 -9999 -9999 -9999 -9999 -9999 -9999 -9999 -9999 -9999
-9999 -9999 -9999 -9999 -9999 -9999 -9999 -9999 -9999 -9999 -9999 -9999 -9999 -9999 -9999 -9999 -9999 -9999 -9999 -9999 -9999 -9999 -9999 -9999 -9999 -9999 -9999 -9999 -9999 -9999 -9999 -9999 -9999 -9999 -9999 -9999 -9999 -9999 -9999 -9999 -9999 -9999 -9999 -9999 -9999 -9999 -9999 -9999 -9999 -9999 -9999 -9999 -9999 -9999 -9999 -9999 -9999 -9999 -9999 -9999 -9999 -9999 -9999 -9999 -9999 -9999 -9999 -9999 -9999
-9999 -9999 -9999 -9999 -9999 -9999 -9999 -9999 -9999 -9999 -9999 -9999 -9999 -9999 -9999 -9999 -9999 -9999 -9999 -9999 -9999 -9999 -9999 -9999 -9999 -9999 -9999 -9999 -9999 -9999 -9999 -9999 -9999 -9999 -9999 -9999 -9999 -9999 -9999 -9999 -9999 -9999 -9999 -9999 -9999 -9999 -9999 -9999 -9999 -9999 -9999 -9999 -9999 -9999 -9999 -9999 -9999 -9999 -9999 -9999 -9999 -9999 -9999 -9999 -9999 -9999 -9999 -9999 -9999
-9999 -9999 -9999 -9999 -9999 -9999 -9999 -9999 -9999 -9999 -9999 -9999 -9999 -9999 -9999 -9999 -9999 -9999 -9999 -9999 -9999 -9999 -9999 -9999 -9999 -9999 -9999 -9999 -9999 -9999 -9999 -9999 -9999 -9999 -9999 -9999 -9999 -9999 -9999 -9999 -9999 -9999 -9999 -9999 -9999 -9999 -9999 -9999 -9999 -9999 -9999 -9999 -9999 -9999 -9999 -9999 -9999 -9999 -9999 -9999 -9999 -9999 -9999 -9999 -9999 -9999 -9999 -9999 -9999
-9999 -9999 -9999 -9999 -9999 -9999 -9999 -9999 -9999 -9999 -9999 -9999 -9999 -9999 -9999 -9999 -9999 -9999 -9999 -9999 -9999 -9999 -9999 -9999 -9999 -9999 -9999 -9999 -9999 -9999 -9999 -9999 -9999 -9999 -9999 -9999 -9999 -9999 -9999 -9999 -9999 -9999 -9999 -9999 -9999 -9999 -9999 -9999 -9999 -9999 -9999 -9999 -9999 -9999 -9999 -9999 -9999 -9999 -9999 -9999 -9999 -9999 -9999 -9999 -9999 -9999 -9999 2.53218E-1 2.94854E-1
-9999 -9999 -9999 -9999 -9999 -9999 -9999 -9999 -9999 -9999 -9999 -9999 -9999 -9999 -9999 -9999 -9999 -9999 -9999 -9999 -9999 -9999 -9999 -9999 -9999 -9999 -9999 -9999 -9999 -9999 -9999 -9999 -9999 -9999 -9999 -9999 -9999 -9999 -9999 -9999 -9999 -9999 -9999 -9999 -9999 -9999 -9999 -9999 -9999 -9999 -9999 -9999 -9999 -9999 -9999 -9999 -9999 -9999 -9999 -9999 -9999 -9999 -9999 -9999 -9999 -9999 2.23956E-1 2.5211E-1 2.94508E-1
-9999 -9999 -9999 -9999 -9999 -9999 -9999 -9999 -9999 -9999 -9999 -9999 -9999 -9999 -9999 -9999 -9999 -9999 -9999 -9999 -9999 -9999 -9999 -9999 -9999 -9999 -9999 -9999 -9999 -9999 -9999 -9999 -9999 -9999 -9999 -9999 -9999 -9999 -9999 -9999 -9999 -9999 -9999 -9999 -9999 -9999 -9999 -9999 -9999 -9999 -9999 -9999 -9999 -9999 -9999 -9999 -9999 -9999 -9999 -9999 -9999 -9999 -9999 -9999 -9999 1.90753E-1 2.24106E-1 2.53299E-1 2.77094E-1
9.7925E-2 1.08784E-1 1.08521E-1 1.09054E-1 1.12811E-1 1.0865E-1 1.144E-1 1.04874E-1 9.84348E-2 1.0353E-1 -9999 -9999 -9999 -9999 -9999 -9999 -9999 -9999 -9999 -9999 -9999 -9999 -9999 -9999 -9999 -9999 -9999 -9999 -9999 -9999 -9999 -9999 -9999 -9999 -9999 -9999 -9999 -9999 -9999 -9999 -9999 -9999 -9999 -9999 -9999 -9999 -9999 -9999 -9999 -9999 -9999 -9999 -9999 -9999 -9999 -9999 -9999 -9999 -9999 -9999 -9999 -9999 -9999 -9999 -9999 1.94014E-1 2.21132E-1 2.51023E-1 2.78659E-1
9.97697E-2 9.62673E-2 1.05816E-1 1.08253E-1 1.08302E-1 1.16845E-1 1.12726E-1 1.04709E-1 1.04709E-1 1.04175E-1 1.08476E-1 9.54031E-2 1.0453E-1 1.06117E-1 9.6308E-2 9.86677E-2 1.0218E-1 1.01576E-1 1.01252E-1 1.08376E-1 1.13688E-1 1.15744E-1 1.26662E-1 1.31247E-1 1.41489E-1 1.41884E-1 1.58827E-1 1.6493E-1 1.81823E-1 1.88871E-1 -9999 -9999 -9999 -9999 -9999 -9999 -9999 -9999 -9999 -9999 -9999 -9999 -9999 -9999 -9999 -9999 -9999 -9999 -9999 -9999 -9999 -9999 -9999 -9999 -9999 -9999 -9999 -9999 -9999 -9999 -9999 -9999 -9999 -9999 -9999 2.04713E-1 2.20798E-1 2.37845E-1 2.76222E-1
9.29538E-2 9.93604E-2 9.98891E-2 1.03776E-1 1.0908E-1 1.0839E-1 1.08956E-1 1.01257E-1 1.0086E-1 1.00311E-1 1.0202E-1 9.37755E-2 8.93722E-2 9.42625E-2 9.6402E-2 9.60739E-2 9.51815E-2 9.64472E-2 1.00967E-1 9.74153E-2 1.08376E-1 1.08585E-1 1.13574E-1 1.21687E-1 1.35424E-1 1.38663E-1 1.53288E-1 1.59339E-1 1.82262E-1 1.85486E-1 1.96818E-1 2.01363E-1 2.277E-1 2.30889E-1 2.19296E-1 2.23026E-1 2.20127E-1 2.07667E-1 2.03341E-1 1.90497E-1 1.83673E-1 1.6714E-1 1.65561E-1 1.5116E-1 1.50483E-1 1.42338E-1 1.44429E-1 -9999 -9999 -9999 -9999 -9999 -9999 -9999 -9999 -9999 -9999 -9999 -9999 -9999 -9999 -9999 -9999 -9999 -9999 -9999 2.40388E-1 2.39987E-1 2.74487E-1
9.62595E-2 9.4569E-2 9.56886E-2 1.02704E-1 1.09483E-1 1.06003E-1 9.84083E-2 9.8123E-2 9.82412E-2 9.12346E-2 9.28912E-2 8.92731E-2 9.03482E-2 8.61938E-2 8.68311E-2 9.05595E-2 9.38008E-2 9.79302E-2 1.02316E-1 1.02183E-1 1.00364E-1 1.03103E-1 1.14865E-1 1.24378E-1 1.26256E-1 1.46937E-1 1.46173E-1 1.59969E-1 1.71754E-1 1.79922E-1 1.9609E-1 2.06747E-1 2.10306E-1 2.12228E-1 2.15298E-1 2.03572E-1 2.03501E-1 2.01105E-1 1.88653E-1 1.86387E-1 1.66122E-1 1.64956E-1 1.56742E-1 1.42818E-1 1.40484E-1 1.414E-1 1.36357E-1 1.40806E-1 1.40598E-1 1.27165E-1 1.26504E-1 1.2519E-1 1.23882E-1 1.25023E-1 1.24369E-1 1.23835E-1 1.26662E-1 1.26005E-1 1.25475E-1 1.26131E-1 1.3519E-1 -9999 -9999 -9999 -9999 -9999 2.25242E-1 2.41575E-1 2.83049E-1
8.8697E-2 8.91899E-2 9.90376E-2 1.01017E-1 1.0312E-1 9.82743E-2 9.43068E-2 9.31663E-2 9.28841E-2 9.20293E-2 8.70247E-2 8.09972E-2 8.41336E-2 8.46144E-2 8.61601E-2 8.76687E-2 9.08777E-2 9.26843E-2 9.67642E-2 9.27414E-2 9.60526E-2 9.91647E-2 1.12469E-1 1.17603E-1 1.30301E-1 1.419E-1 1.51641E-1 1.50739E-1 1.68196E-1 1.7313E-1 1.91175E-1 2.02075E-1 2.07942E-1 2.07239E-1 1.98399E-1 2.00251E-1 2.06311E-1 1.9342E-1 1.8401E-1 1.68616E-1 1.63977E-1 1.61794E-1 1.3928E-1 1.36775E-1 1.27573E-1 1.27301E-1 1.29749E-1 1.28541E-1 1.28541E-1 1.24539E-1 1.2519E-1 1.25677E-1 1.25793E-1 1.22425E-1 1.21784E-1 1.21146E-1 1.21742E-1 1.2047E-1 1.24945E-1 1.24659E-1 -9999 -9999 -9999 -9999 -9999 -9999 2.26136E-1 2.57824E-1 2.76036E-1
8.81855E-2 9.12126E-2 9.62524E-2 9.78758E-2 1.02869E-1 9.60074E-2 9.30107E-2 9.15151E-2 8.80579E-2 8.32147E-2 8.03791E-2 8.18266E-2 8.41691E-2 8.59556E-2 8.2159E-2 8.69743E-2 8.76687E-2 8.97953E-2 8.81684E-2 8.77228E-2 9.08804E-2 1.07647E-1 1.05436E-1 1.128E-1 1.214E-1 1.34991E-1 1.39792E-1 1.4851E-1 1.60438E-1 1.67129E-1 1.87166E-1 1.93826E-1 1.96403E-1 1.89805E-1 1.93123E-1 1.94133E-1 1.96665E-1 1.95119E-1 1.76157E-1 1.62338E-1 1.60873E-1 1.41898E-1 1.39782E-1 1.38388E-1 1.27397E-1 1.29088E-1 1.29088E-1 1.29021E-1 1.28541E-1 1.28476E-1 1.25677E-1 1.24977E-1 1.24328E-1 1.23039E-1 1.24328E-1 1.20368E-1 1.20368E-1 1.19211E-1 1.20331E-1 1.18552E-1 1.33911E-1 -9999 -9999 -9999 -9999 -9999 2.24305E-1 2.56507E-1 2.84129E-1
9.13203E-2 9.38014E-2 9.82582E-2 9.25751E-2 1.04037E-1 8.9812E-2 8.61579E-2 8.51411E-2 7.80116E-2 8.3408E-2 8.49556E-2 7.84889E-2 8.35841E-2 8.62048E-2 8.78731E-2 8.91984E-2 8.57662E-2 8.85393E-2 8.50851E-2 8.86662E-2 8.72176E-2 1.01785E-1 1.07303E-1 1.10727E-1 1.16454E-1 1.28435E-1 1.34567E-1 1.41149E-1 1.47811E-1 1.57242E-1 1.63375E-1 1.67029E-1 1.78531E-1 1.85269E-1 1.86898E-1 1.82803E-1 1.94464E-1 1.80671E-1 1.83629E-1 1.59839E-1 1.48416E-1 1.46233E-1 1.44081E-1 1.33895E-1 1.34391E-1 1.35273E-1 1.34113E-1 1.29021E-1 1.29682E-1 1.30954E-1 1.32982E-1 1.31099E-1 1.25436E-1 1.26087E-1 1.25436E-1 1.24789E-1 1.19608E-1 1.18363E-1 1.16731E-1 1.16604E-1 1.2712E-1 -9999 -9999 -9999 -9999 2.21488E-1 2.39022E-1 2.62411E-1 2.98244E-1
9.85201E-2 9.51138E-2 1.01167E-1 9.34167E-2 9.39386E-2 8.9643E-2 8.24765E-2 8.54331E-2 8.15999E-2 8.34473E-2 8.09593E-2 7.77081E-2 8.55467E-2 8.27646E-2 8.49507E-2 8.50752E-2 8.86638E-2 8.19396E-2 8.20858E-2 8.50851E-2 9.11023E-2 1.01955E-1 1.10144E-1 1.16162E-1 1.16602E-1 1.30419E-1 1.35407E-1 1.35549E-1 1.40336E-1 1.50674E-1 1.6056E-1 1.67093E-1 1.7256E-1 1.68149E-1 1.75073E-1 1.79122E-1 1.74029E-1 1.80239E-1 1.78566E-1 1.60712E-1 1.54569E-1 1.44597E-1 1.39392E-1 1.36552E-1 1.35185E-1 1.3911E-1 1.41893E-1 1.36761E-1 1.34337E-1 1.32982E-1 1.33598E-1 1.32922E-1 1.3225E-1 1.30915E-1 1.30253E-1 1.23991E-1 1.27636E-1 1.20831E-1 1.20209E-1 1.1713E-1 1.26629E-1 -9999 -9999 -9999 -9999 2.22012E-1 2.43709E-1 2.69928E-1 2.97542E-1
1.02173E-1 9.97937E-2 9.28826E-2 9.12537E-2 9.01493E-2 8.73785E-2 8.45465E-2 8.29264E-2 7.3921E-2 7.59356E-2 8.51953E-2 8.47124E-2 8.17466E-2 8.77865E-2 8.54703E-2 9.58512E-2 9.67933E-2 9.11217E-2 9.23892E-2 9.58879E-2 9.74117E-2 1.04236E-1 1.03617E-1 1.06631E-1 1.19218E-1 1.14384E-1 1.2849E-1 1.31351E-1 1.37952E-1 1.44267E-1 1.49456E-1 1.53781E-1 1.61613E-1 1.64137E-1 1.70094E-1 1.61242E-1 1.70533E-1 1.74449E-1 1.62608E-1 1.66829E-1 1.54336E-1 1.45122E-1 1.45122E-1 1.41971E-1 1.5037E-1 1.5311E-1 1.5325E-1 1.44338E-1 1.41976E-1 1.45811E-1 1.42594E-1 1.36144E-1 1.45651E-1 1.40253E-1 1.32072E-1 1.27079E-1 1.26975E-1 1.23254E-1 1.17798E-1 1.23565E-1 1.28967E-1 1.36136E-1 1.47346E-1 1.7889E-1 2.08441E-1 2.24074E-1 2.44277E-1 2.78477E-1 3.11903E-1
1.03139E-1 9.97919E-2 9.71407E-2 9.91766E-2 9.91377E-2 9.12878E-2 9.07089E-2 8.80797E-2 8.14174E-2 9.00147E-2 8.13362E-2 8.39773E-2 8.60021E-2 9.27899E-2 8.5771E-2 8.88964E-2 9.69983E-2 9.1174E-2 9.53959E-2 9.96729E-2 1.01522E-1 9.58726E-2 9.81002E-2 1.05045E-1 1.07579E-1 1.07687E-1 1.14561E-1 1.20103E-1 1.23058E-1 1.26338E-1 1.43158E-1 1.3991E-1 1.5397E-1 1.59078E-1 1.52953E-1 1.57146E-1 1.6791E-1 1.60081E-1 1.62366E-1 1.57061E-1 1.60602E-1 1.54102E-1 1.50334E-1 1.4318E-1 1.45312E-1 1.48322E-1 1.48322E-1 1.55866E-1 1.46727E-1 1.56043E-1 1.50058E-1 1.46377E-1 1.40133E-1 1.38022E-1 1.44802E-1 1.39211E-1 1.25321E-1 1.28636E-1 1.22251E-1 1.2283E-1 1.28244E-1 1.26355E-1 1.41108E-1 1.70699E-1 1.90062E-1 2.43004E-1 2.61795E-1 2.92313E-1 3.21711E-1
1.04834E-1 1.01519E-1 9.47245E-2 1.01766E-1 9.96985E-2 9.15238E-2 8.96872E-2 9.07089E-2 8.23895E-2 8.46222E-2 8.71572E-2 9.00331E-2 8.67972E-2 9.20475E-2 9.64418E-2 8.81542E-2 9.13049E-2 1.00131E-1 1.02209E-1 9.75086E-2 1.03711E-1 1.04327E-1 1.08627E-1 1.08025E-1 1.04865E-1 1.06116E-1 1.10896E-1 1.15022E-1 1.19148E-1 1.2255E-1 1.2692E-1 1.32804E-1 1.38121E-1 1.42161E-1 1.48192E-1 1.55775E-1 1.56344E-1 1.57828E-1 1.62694E-1 1.56824E-1 1.62665E-1 1.65783E-1 1.52173E-1 1.5437E-1 1.47265E-1 1.4746E-1 1.60488E-1 1.59165E-1 1.58943E-1 1.58319E-1 1.48575E-1 1.45065E-1 1.43627E-1 1.4421E-1 1.37856E-1 1.37577E-1 1.31795E-1 1.3236E-1 1.30143E-1 1.22568E-1 1.31498E-1 1.31169E-1 1.42621E-1 1.73431E-1 2.01445E-1 2.43622E-1 2.77723E-1 3.02598E-1 3.40711E-1
1.08874E-1 1.10136E-1 1.029E-1 1.04658E-1 9.94248E-2 9.82738E-2 9.85827E-2 9.79846E-2 9.10024E-2 1.00097E-1 8.76731E-2 9.02586E-2 9.32342E-2 9.1804E-2 9.61838E-2 1.01155E-1 9.47551E-2 9.86925E-2 1.00978E-1 1.03197E-1 9.84082E-2 1.03435E-1 1.05482E-1 1.00426E-1 1.0214E-1 1.11321E-1 1.06991E-1 1.1139E-1 1.14598E-1 1.19386E-1 1.23508E-1 1.28634E-1 1.34575E-1 1.39141E-1 1.46323E-1 1.51412E-1 1.52513E-1 1.56134E-1 1.63232E-1 1.58847E-1 1.65783E-1 1.57581E-1 1.57581E-1 1.58468E-1 1.50779E-1 1.60666E-1 1.55829E-1 1.54746E-1 1.61472E-1 1.66932E-1 1.64096E-1 1.60155E-1 1.59378E-1 1.51714E-1 1.45318E-1 1.38106E-1 1.3679E-1 1.34665E-1 1.29067E-1 1.30321E-1 1.4873E-1 1.46228E-1 1.5564E-1 1.82491E-1 2.08126E-1 2.53195E-1 3.01518E-1 3.08094E-1 3.44201E-1
9.72027E-2 1.05187E-1 1.09049E-1 1.07958E-1 1.06723E-1 1.07912E-1 9.69136E-2 9.94814E-2 1.01777E-1 1.0319E-1 9.72939E-2 9.30469E-2 9.63207E-2 9.82211E-2 9.44999E-2 1.0295E-1 1.0626E-1 1.02499E-1 9.97964E-2 1.01918E-1 9.81507E-2 1.0102E-1 1.03638E-1 9.72469E-2 1.07248E-1 1.0905E-1 1.07088E-1 1.01478E-1 1.05679E-1 1.10032E-1 1.2035E-1 1.2076E-1 1.3114E-1 1.37168E-1 1.40583E-1 1.52418E-1 1.55931E-1 1.64925E-1 1.64551E-1 1.61128E-1 1.67123E-1 1.69982E-1 1.75352E-1 1.5784E-1 1.62097E-1 1.70901E-1 1.64088E-1 1.66471E-1 1.66087E-1 1.64043E-1 1.66279E-1 1.62508E-1 1.60048E-1 1.54528E-1 1.52146E-1 1.50865E-1 1.49289E-1 1.43981E-1 1.43919E-1 1.47672E-1 1.50784E-1 1.57332E-1 1.7195E-1 1.87019E-1 2.18879E-1 2.56984E-1 3.04289E-1 3.51508E-1 3.63648E-1
1.01547E-1 1.08433E-1 1.01825E-1 1.13763E-1 1.11253E-1 1.10618E-1 1.07912E-1 1.09742E-1 1.02958E-1 1.07506E-1 1.07735E-1 1.00747E-1 1.14048E-1 1.00874E-1 1.03799E-1 1.0386E-1 1.04012E-1 1.10021E-1 9.84475E-2 1.08294E-1 1.02574E-1 1.0617E-1 1.03094E-1 9.5531E-2 1.04743E-1 1.05787E-1 1.02495E-1 1.04224E-1 1.08538E-1 1.06828E-1 1.1134E-1 1.18653E-1 1.31418E-1 1.32521E-1 1.40995E-1 1.49083E-1 1.56249E-1 1.65454E-1 1.72461E-1 1.68575E-1 1.74348E-1 1.78196E-1 1.72711E-1 1.7275E-1 1.77528E-1 1.68749E-1 1.76695E-1 1.73182E-1 1.71055E-1 1.71257E-1 1.76913E-1 1.71303E-1 1.64658E-1 1.65164E-1 1.59474E-1 1.54763E-1 1.55427E-1 1.49808E-1 1.4907E-1 1.60757E-1 1.5749E-1 1.7436E-1 1.90739E-1 2.06382E-1 2.24571E-1 2.75913E-1 3.1003E-1 3.55222E-1 3.58912E-1
1.07861E-1 1.06605E-1 1.09668E-1 1.09049E-1 1.08389E-1 1.06989E-1 1.12864E-1 1.14771E-1 1.1324E-1 1.23614E-1 1.10362E-1 1.23527E-1 1.18284E-1 1.23745E-1 1.15406E-1 1.08449E-1 1.12853E-1 1.12358E-1 1.16237E-1 1.0049E-1 1.10759E-1 1.07117E-1 1.08919E-1 1.00714E-1 1.05647E-1 9.93161E-2 1.01E-1 1.03651E-1 1.06938E-1 1.11658E-1 1.16212E-1 1.14901E-1 1.26555E-1 1.33918E-1 1.39393E-1 1.4074E-1 1.52118E-1 1.59117E-1 1.64255E-1 1.77073E-1 1.72151E-1 1.78523E-1 1.80681E-1 1.82729E-1 1.70852E-1 1.85081E-1 1.83067E-1 1.81359E-1 1.78129E-1 1.76408E-1 1.83097E-1 1.72287E-1 1.69352E-1 1.69734E-1 1.68045E-1 1.61516E-1 1.60631E-1 1.70174E-1 1.64708E-1 1.65509E-1 1.72354E-1 1.94663E-1 2.10725E-1 2.30955E-1 2.46518E-1 2.77688E-1 3.31489E-1 3.68763E-1 3.68248E-1
1.1744E-1 1.10164E-1 1.15575E-1 1.16885E-1 1.1011E-1 1.09668E-1 1.12127E-1 1.11112E-1 1.21682E-1 -9999 -9999 -9999 -9999 -9999 -9999 -9999 -9999 -9999 -9999 1.10115E-1 1.13054E-1 1.15523E-1 1.07984E-1 1.10748E-1 1.05026E-1 1.06012E-1 1.01926E-1 1.03041E-1 1.07788E-1 1.11324E-1 1.14856E-1 1.14901E-1 1.21694E-1 1.29585E-1 1.37127E-1 1.45555E-1 1.52118E-1 1.61711E-1 1.66595E-1 1.83465E-1 1.78025E-1 1.85613E-1 1.95168E-1 1.75857E-1 1.8381E-1 1.75857E-1 1.76338E-1 1.87803E-1 1.86743E-1 1.82871E-1 1.75618E-1 1.65565E-1 1.73108E-1 1.72123E-1 1.69666E-1 1.71784E-1 1.70852E-1 1.74093E-1 1.73635E-1 1.79746E-1 1.90277E-1 1.98471E-1 2.12118E-1 2.34689E-1 2.63206E-1 2.83032E-1 3.22075E-1 3.52813E-1 4.10889E-1
1.29441E-1 1.25233E-1 1.25419E-1 1.29972E-1 1.202E-1 1.22717E-1 1.16488E-1 1.20723E-1 1.21103E-1 -9999 -9999 -9999 -9999 -9999 -9999 -9999 -9999 -9999 -9999 -9999 -9999 1.1611E-1 1.08158E-1 1.10987E-1 1.11185E-1 1.07117E-1 1.10846E-1 1.12701E-1 1.0746E-1 1.12974E-1 1.19825E-1 1.25376E-1 1.26236E-1 1.34337E-1 1.45811E-1 1.64919E-1 1.74116E-1 1.71709E-1 1.84733E-1 1.93721E-1 1.98938E-1 1.86405E-1 1.92846E-1 1.90314E-1 1.86875E-1 1.91003E-1 1.84516E-1 1.91247E-1 1.90881E-1 1.79923E-1 1.80303E-1 1.76261E-1 1.77972E-1 1.82322E-1 1.7652E-1 1.88136E-1 1.85826E-1 1.95418E-1 1.97232E-1 1.98074E-1 2.1243E-1 2.24623E-1 2.41097E-1 2.55918E-1 2.66047E-1 2.87196E-1 3.39341E-1 3.59125E-1 3.86467E-1
1.43541E-1 1.35804E-1 1.33556E-1 1.38335E-1 1.27544E-1 1.32388E-1 1.31468E-1 -9999 -9999 1.3025E-1 -9999 -9999 -9999 -9999 -9999 -9999 -9999 -9999 -9999 -9999 -9999 -9999 -9999 1.23197E-1 1.12854E-1 1.15513E-1 1.13152E-1 1.14372E-1 1.16383E-1 1.15826E-1 1.20519E-1 1.25491E-1 1.34317E-1 1.45111E-1 1.57747E-1 1.72445E-1 1.83937E-1 1.86674E-1 1.99022E-1 2.00283E-1 1.96882E-1 1.76907E-1 1.86738E-1 1.72824E-1 1.77104E-1 1.87867E-1 1.95458E-1 1.96341E-1 1.94486E-1 1.82341E-1 1.87874E-1 1.79095E-1 1.83435E-1 1.78606E-1 1.77727E-1 1.90368E-1 1.90335E-1 2.05413E-1 2.21688E-1 2.15751E-1 2.23943E-1 2.36952E-1 2.36332E-1 2.6917E-1 2.86341E-1 2.91805E-1 3.30094E-1 3.49534E-1 3.90852E-1
1.52504E-1 1.5335E-1 1.49138E-1 1.50803E-1 1.4086E-1 1.41639E-1 1.34567E-1 1.30956E-1 1.35886E-1 1.3631E-1 -9999 -9999 -9999 -9999 -9999 -9999 -9999 -9999 -9999 -9999 -9999 -9999 -9999 -9999 -9999 1.23778E-1 1.2726E-1 1.20763E-1 1.1496E-1 1.18932E-1 1.24446E-1 1.26946E-1 1.35864E-1 1.46977E-1 1.64059E-1 1.74539E-1 1.91297E-1 1.91306E-1 2.0385E-1 1.88914E-1 1.93047E-1 1.68198E-1 1.70156E-1 1.7064E-1 1.68913E-1 1.82189E-1 1.79701E-1 1.88875E-1 1.93987E-1 1.83971E-1 1.81426E-1 1.87516E-1 1.83435E-1 1.88961E-1 1.87572E-1 1.96648E-1 2.16656E-1 2.08751E-1 2.16864E-1 2.32451E-1 2.36332E-1 2.53141E-1 2.55984E-1 2.73847E-1 2.89098E-1 3.00564E-1 3.33828E-1 3.49252E-1 3.78863E-1
1.62062E-1 1.62062E-1 1.63584E-1 1.62174E-1 1.54062E-1 -9999 -9999 -9999 -9999 -9999 -9999 -9999 -9999 -9999 -9999 -9999 -9999 -9999 -9999 -9999 -9999 -9999 -9999 -9999 -9999 -9999 1.24679E-1 1.31698E-1 1.3091E-1 1.27475E-1 1.31889E-1 1.31606E-1 1.40212E-1 1.54843E-1 1.69645E-1 1.81165E-1 1.99774E-1 2.10201E-1 1.9742E-1 1.76404E-1 1.72614E-1 1.48513E-1 1.5142E-1 1.43474E-1 1.4908E-1 1.58381E-1 1.68913E-1 1.81709E-1 1.89261E-1 1.92302E-1 1.83041E-1 1.87241E-1 1.93343E-1 1.90142E-1 1.96109E-1 2.0118E-1 2.18883E-1 2.27469E-1 2.36696E-1 2.51873E-1 2.53776E-1 2.59166E-1 2.76446E-1 2.77122E-1 2.9244E-1 3.16241E-1 3.30765E-1 3.40149E-1 3.69559E-1
1.79707E-1 1.75737E-1 1.6919E-1 -9999 -9999 -9999 -9999 -9999 -9999 -9999 -9999 -9999 -9999 -9999 -9999 -9999 -9999 -9999 -9999 -9999 -9999 -9999 -9999 -9999 -9999 -9999 -9999 1.37691E-1 1.37691E-1 1.38428E-1 1.40386E-1 1.47546E-1 1.41817E-1 1.57478E-1 1.67379E-1 1.89746E-1 2.08024E-1 2.0987E-1 1.78779E-1 1.70855E-1 1.53151E-1 1.45205E-1 1.39017E-1 1.33453E-1 1.35917E-1 1.46104E-1 1.53537E-1 1.64264E-1 1.71308E-1 1.65628E-1 1.81728E-1 1.7818E-1 1.85915E-1 1.96233E-1 1.87539E-1 2.17749E-1 2.25861E-1 2.37414E-1 2.61564E-1 2.55789E-1 2.65016E-1 2.7924E-1 2.77977E-1 2.95223E-1 3.08934E-1 3.21139E-1 3.33441E-1 3.43003E-1 3.83733E-1
1.94145E-1 -9999 -9999 -9999 -9999 -9999 -9999 -9999 -9999 -9999 -9999 -9999 -9999 -9999 -9999 -9999 -9999 -9999 -9999 -9999 -9999 -9999 -9999 -9999 -9999 -9999 -9999 -9999 1.4693E-1 1.49991E-1 1.46686E-1 1.51317E-1 1.51348E-1 1.63452E-1 1.85122E-1 1.94925E-1 2.17222E-1 2.17338E-1 1.71419E-1 1.53963E-1 1.39686E-1 1.24011E-1 1.23639E-1 1.10884E-1 1.20719E-1 1.2736E-1 1.23996E-1 1.53701E-1 1.62903E-1 1.59796E-1 1.75014E-1 1.75826E-1 1.90575E-1 1.98914E-1 2.11457E-1 2.17915E-1 2.31993E-1 2.477E-1 2.59276E-1 2.75253E-1 2.68293E-1 2.85222E-1 2.9829E-1 2.99266E-1 3.21467E-1 3.3249E-1 3.58008E-1 3.69651E-1 3.8298E-1
-9999 -9999 -9999 -9999 -9999 -9999 -9999 -9999 -9999 -9999 -9999 -9999 -9999 -9999 -9999 -9999 -9999 -9999 -9999 -9999 -9999 -9999 -9999 -9999 -9999 -9999 -9999 -9999 1.65718E-1 1.54487E-1 1.69293E-1 1.73784E-1 1.59788E-1 1.71014E-1 1.80784E-1 2.05682E-1 2.2184E-1 2.10237E-1 1.52249E-1 1.40509E-1 1.25591E-1 1.11024E-1 1.11578E-1 9.92951E-2 1.07551E-1 1.22692E-1 1.272E-1 1.44683E-1 1.40385E-1 1.58732E-1 1.80424E-1 1.8342E-1 1.94199E-1 2.02626E-1 2.16519E-1 2.31697E-1 2.53089E-1 2.62812E-1 2.76864E-1 2.94538E-1 3.04093E-1 3.16064E-1 3.10536E-1 3.21467E-1 3.21467E-1 3.46034E-1 3.58274E-1 3.64465E-1 3.80751E-1
-9999 -9999 -9999 -9999 -9999 -9999 -9999 -9999 -9999 -9999 -9999 -9999 -9999 -9999 -9999 -9999 -9999 -9999 -9999 -9999 -9999 -9999 -9999 -9999 -9999 -9999 -9999 -9999 -9999 1.72133E-1 1.76355E-1 1.77397E-1 1.7983E-1 1.79128E-1 1.80831E-1 2.12348E-1 2.37326E-1 1.81225E-1 1.49213E-1 1.19988E-1 1.08621E-1 9.605E-2 9.36127E-2 9.86478E-2 1.01966E-1 1.07281E-1 1.21014E-1 1.34894E-1 1.40508E-1 1.61006E-1 1.70118E-1 1.97268E-1 2.10293E-1 2.16444E-1 2.31579E-1 2.36901E-1 2.54898E-1 2.81071E-1 3.07059E-1 3.12629E-1 3.26302E-1 3.29018E-1 3.19073E-1 3.2075E-1 3.32642E-1 3.46766E-1 3.62982E-1 3.77129E-1 3.77878E-1
