Demos/Rbased/CrashCourse/data/enm_output/Pinus_palustris/Pinus_palustris_avg.asc
ncols         182
nrows         155
xllcorner     -87.625
yllcorner     24.5416666666667
cellsize      0.0416666666666666
NODATA_value  -9999
[rows 0 to 30 of 155, columns 69 to 137 of 182]
-9999 -9999 -9999 -9999 -9999 -9999 -9999 -9999 -9999 -9999 -9999 -9999 -9999 -9999 -9999 -9999 -9999 -9999 -9999 -9999 -9999 -9999 -9999 -9999 -9999 -9999 -9999 -9999 -9999 -9999 -9999 -9999 -9999 -9999 -9999 -9999 -9999 -9999 -9999 -9999 -9999 -9999 -9999 -9999 -9999 -9999 -9999 -9999 -9999 -9999 -9999 -9999 -9999 -9999 -9999 -9999 -9999 -9999 -9999 -9999 -9999 -9999 -9999 -9999 -9999 -9999 -9999 -9999 -9999
-9999 -9999 -9999 -9999 -9999 -9999 -9999 -9999 -9999 -9999 -9999 -9999 -9999 -9999 -9999 -9999 -9999 -9999 -9999 -9999 -9999 -9999 -9999 -9999 -9999 -9999 -9999 -9999 -9999 -9999 -9999 -9999 -9999 -9999 -9999 -9999 -9999 -9999 -9999 -9999 -9999 -9999 -9999 -9999 -9999 -9999 -9999 -9999 -9999 -9999 -9999 -9999 -9999 -9999 -9999 -9999 -9999 -9999 -9999 -9999 -9999 -9999 -9999 -9999 -9999 -9999 -9999 -9999 -9999
-9999 -9999 -9999 -9999 -9999 -9999 -9999 -9999 -9999 -9999 -9999 -9999 -9999 -9999 -9999 -9999 -9999 -9999 -9999 -9999 -9999 -9999 -9999 -9999 -9999 -9999 -9999 -9999 -9999 -9999 -9999 -9999 -9999 -9999 -9999 -9999 -9999 -9999 -9999 -9999 -9999 -9999 -9999 -9999 -9999 -9999 -9999 -9999 -9999 -9999 -9999 -9999 -9999 -9999 -9999 -9999 -9999 -9999 -9999 -9999 -9999 -9999 -9999 -9999 -9999 -9999 -9999 -9999 -9999
-9999 -9999 -9999 -9999 -9999 -9999 -9999 -9999 -9999 -9999 -9999 -9999 -9999 -9999 -9999 -9999 -9999 -9999 -9999 -9999 -9999 -9999 -9999 -9999 -9999 -9999 -9999 -9999 -9999 -9999 -9999 -9999 -9999 -9999 -9999 -9999 -9999 -9999 -9999 -9999 -9999 -9999 -9999 -9999 -9999 -9999 -9999 -9999 -9999 -9999 -9999 -9999 -9999 -9999 -9999 -9999 -9999 -9999 -9999 -9999 -9999 -9999 -9999 -9999 -9999 -9999 -9999 -9999 -9999
-9999 -9999 -9999 -9999 -9999 -9999 -9999 -9999 -9999 -9999 -9999 -9999 -9999 -9999 -9999 -9999 -9999 -9999 -9999 -9999 -9999 -9999 -9999 -9999 -9999 -9999 -9999 -9999 -9999 -9999 -9999 -9999 -9999 -9999 -9999 -9999 -9999 -9999 -9999 -9999 -9999 -9999 -9999 -9999 -9999 -9999 -9999 -9999 -9999 -9999 -9999 -9999 -9999 -9999 -9999 -9999 -9999 -9999 -9999 -9999 -9999 -9999 -9999 -9999 -9999 -9999 -9999 5.29566E-1 5.20177E-1
-9999 -9999 -9999 -9999 -9999 -9999 -9999 -9999 -9999 -9999 -9999 -9999 -9999 -9999 -9999 -9999 -9999 -9999 -9999 -9999 -9999 -9999 -9999 -9999 -9999 -9999 -9999 -9999 -9999 -9999 -9999 -9999 -9999 -9999 -9999 -9999 -9999 -9999 -9999 -9999 -9999 -9999 -9999 -9999 -9999 -9999 -9999 -9999 -9999 -9999 -9999 -9999 -9999 -9999 -9999 -9999 -9999 -9999 -9999 -9999 -9999 -9999 -9999 -9999 -9999 -9999 5.20173E-1 5.29979E-1 5.10194E-1
-9999 -9999 -9999 -9999 -9999 -9999 -9999 -9999 -9999 -9999 -9999 -9999 -9999 -9999 -9999 -9999 -9999 -9999 -9999 -9999 -9999 -9999 -9999 -9999 -9999 -9999 -9999 -9999 -9999 -9999 -9999 -9999 -9999 -9999 -9999 -9999 -9999 -9999 -9999 -9999 -9999 -9999 -9999 -9999 -9999 -9999 -9999 -9999 -9999 -9999 -9999 -9999 -9999 -9999 -9999 -9999 -9999 -9999 -9999 -9999 -9999 -9999 -9999 -9999 -9999 5.15871E-1 5.28709E-1 5.29873E-1 5.12728E-1
5.67968E-1 5.75486E-1 5.73787E-1 5.73105E-1 5.74351E-1 5.73034E-1 5.64816E-1 5.5711E-1 5.67927E-1 5.577E-1 -9999 -9999 -9999 -9999 -9999 -9999 -9999 -9999 -9999 -9999 -9999 -9999 -9999 -9999 -9999 -9999 -9999 -9999 -9999 -9999 -9999 -9999 -9999 -9999 -9999 -9999 -9999 -9999 -9999 -9999 -9999 -9999 -9999 -9999 -9999 -9999 -9999 -9999 -9999 -9999 -9999 -9999 -9999 -9999 -9999 -9999 -9999 -9999 -9999 -9999 -9999 -9999 -9999 -9999 -9999 5.23693E-1 5.2045E-1 5.29705E-1 5.11258E-1
5.80754E-1 5.82138E-1 5.88227E-1 5.87685E-1 5.94781E-1 5.8585E-1 5.68781E-1 5.71026E-1 5.71026E-1 5.61485E-1 5.50719E-1 5.60769E-1 5.47955E-1 5.47501E-1 5.52432E-1 5.51224E-1 5.49439E-1 5.49056E-1 5.48401E-1 5.46123E-1 5.45806E-1 5.45253E-1 5.33205E-1 5.32799E-1 5.23417E-1 5.32776E-1 5.36099E-1 5.36331E-1 5.3639E-1 5.36394E-1 -9999 -9999 -9999 -9999 -9999 -9999 -9999 -9999 -9999 -9999 -9999 -9999 -9999 -9999 -9999 -9999 -9999 -9999 -9999 -9999 -9999 -9999 -9999 -9999 -9999 -9999 -9999 -9999 -9999 -9999 -9999 -9999 -9999 -9999 -9999 5.22514E-1 5.2044E-1 5.30437E-1 5.10397E-1
5.86443E-1 6.02415E-1 6.01726E-1 6.00547E-1 5.98602E-1 5.92138E-1 5.90778E-1 5.93218E-1 5.7623E-1 5.6734E-1 5.66079E-1 5.65708E-1 5.65834E-1 5.64167E-1 5.70503E-1 5.70042E-1 5.70038E-1 5.62421E-1 5.511E-1 5.60133E-1 5.48908E-1 5.47548E-1 5.47839E-1 5.38415E-1 5.35451E-1 5.3634E-1 5.41138E-1 5.40164E-1 5.39279E-1 5.48107E-1 5.48144E-1 5.47174E-1 5.43971E-1 5.43558E-1 5.35466E-1 5.35814E-1 5.38354E-1 5.38598E-1 5.41207E-1 5.41579E-1 5.3407E-1 5.3231E-1 5.32974E-1 5.18103E-1 5.21376E-1 5.06357E-1 5.07821E-1 -9999 -9999 -9999 -9999 -9999 -9999 -9999 -9999 -9999 -9999 -9999 -9999 -9999 -9999 -9999 -9999 -9999 -9999 -9999 5.25746E-1 5.29032E-1 5.10292E-1
5.99877E-1 6.0673E-1 6.06821E-1 6.01942E-1 6.00029E-1 5.87853E-1 5.97354E-1 5.99589E-1 5.73588E-1 5.74282E-1 5.73724E-1 5.8206E-1 5.8076E-1 5.70452E-1 5.76898E-1 5.75831E-1 5.73337E-1 5.79744E-1 5.52095E-1 5.59776E-1 5.59941E-1 5.60225E-1 5.50383E-1 5.65226E-1 5.40025E-1 5.43771E-1 5.44893E-1 5.32069E-1 5.52153E-1 5.51785E-1 5.50023E-1 5.39183E-1 5.38815E-1 5.39004E-1 5.38602E-1 5.4028E-1 5.41478E-1 5.42913E-1 5.43952E-1 5.44709E-1 5.32717E-1 5.15091E-1 5.17713E-1 5.13848E-1 5.05596E-1 5.08945E-1 5.10384E-1 5.12359E-1 5.14343E-1 5.11527E-1 5.12904E-1 5.14948E-1 5.08088E-1 5.09456E-1 5.10832E-1 5.13553E-1 5.04689E-1 5.06058E-1 5.08067E-1 5.08826E-1 5.16922E-1 -9999 -9999 -9999 -9999 -9999 5.17822E-1 5.28487E-1 5.08945E-1
6.13835E-1 6.13141E-1 6.02112E-1 6.07013E-1 6.06315E-1 5.9489E-1 5.96633E-1 5.95801E-1 5.79299E-1 5.79353E-1 5.80213E-1 5.90244E-1 5.87874E-1 5.82517E-1 5.81958E-1 5.79637E-1 5.78522E-1 5.76733E-1 5.82425E-1 5.8996E-1 5.87492E-1 5.64021E-1 5.54285E-1 5.53817E-1 5.58274E-1 5.47682E-1 5.37436E-1 5.4736E-1 5.56688E-1 5.56277E-1 5.54496E-1 5.51918E-1 5.51603E-1 5.42749E-1 5.43771E-1 5.43988E-1 5.34805E-1 5.35382E-1 5.36116E-1 5.23373E-1 5.16915E-1 5.08526E-1 5.15024E-1 5.06613E-1 5.01704E-1 5.04397E-1 5.05151E-1 5.08512E-1 5.09937E-1 5.1347E-1 5.14948E-1 5.16272E-1 5.18323E-1 5.11397E-1 5.12775E-1 5.14155E-1 5.16819E-1 5.18151E-1 5.17431E-1 5.10701E-1 -9999 -9999 -9999 -9999 -9999 -9999 5.27199E-1 5.20211E-1 5.18731E-1
6.09135E-1 6.077E-1 6.13454E-1 6.05744E-1 6.0428E-1 5.99823E-1 5.94049E-1 6.02632E-1 5.86666E-1 5.86822E-1 5.95241E-1 5.95354E-1 5.91587E-1 5.90008E-1 5.87166E-1 5.84002E-1 5.82434E-1 5.81923E-1 5.87514E-1 5.94467E-1 5.93867E-1 5.73212E-1 5.60044E-1 5.58392E-1 5.48871E-1 5.52062E-1 5.52352E-1 5.51324E-1 5.60451E-1 5.59984E-1 5.56978E-1 5.57065E-1 5.57258E-1 5.57548E-1 5.48095E-1 5.47667E-1 5.25843E-1 5.27818E-1 5.23993E-1 5.09693E-1 5.09846E-1 5.15779E-1 5.16343E-1 5.18385E-1 5.0368E-1 5.05812E-1 5.07236E-1 5.10544E-1 5.12077E-1 5.13252E-1 5.16272E-1 5.18834E-1 5.20932E-1 5.22267E-1 5.23801E-1 5.16095E-1 5.1681E-1 5.19483E-1 5.20142E-1 5.22054E-1 5.2779E-1 -9999 -9999 -9999 -9999 -9999 5.27753E-1 5.21509E-1 5.08855E-1
6.12229E-1 6.10882E-1 6.08821E-1 5.97567E-1 6.00991E-1 5.98008E-1 5.97208E-1 5.98671E-1 5.99332E-1 5.81445E-1 5.8969E-1 5.98868E-1 5.96768E-1 5.84918E-1 5.80103E-1 5.78367E-1 5.85906E-1 5.83499E-1 5.9093E-1 5.88483E-1 5.89373E-1 5.64874E-1 5.63927E-1 5.63398E-1 5.54184E-1 5.57165E-1 5.56846E-1 5.55764E-1 5.55445E-1 5.65767E-1 5.64049E-1 5.64944E-1 5.53471E-1 5.52515E-1 5.51979E-1 5.40787E-1 5.29742E-1 5.26916E-1 5.26343E-1 5.22001E-1 5.06024E-1 5.07296E-1 5.08571E-1 5.03618E-1 5.03243E-1 5.05176E-1 5.0738E-1 5.11257E-1 5.12734E-1 5.15436E-1 5.06628E-1 5.09256E-1 5.12092E-1 5.12861E-1 5.1425E-1 5.15641E-1 5.18753E-1 5.20087E-1 5.2215E-1 5.22711E-1 5.30377E-1 -9999 -9999 -9999 -9999 5.32482E-1 5.24056E-1 5.2094E-1 5.00953E-1
6.04827E-1 6.06957E-1 6.05678E-1 6.064E-1 6.04767E-1 6.05985E-1 6.01622E-1 6.01337E-1 5.9183E-1 5.83928E-1 5.84106E-1 5.93595E-1 6.00974E-1 5.99575E-1 5.97818E-1 5.8361E-1 5.81136E-1 5.90575E-1 5.95513E-1 5.94407E-1 5.85276E-1 5.74909E-1 5.7313E-1 5.72858E-1 5.57924E-1 5.61157E-1 5.60636E-1 5.61085E-1 5.60668E-1 5.58126E-1 5.58706E-1 5.58485E-1 5.57432E-1 5.46846E-1 5.45078E-1 5.43986E-1 5.30794E-1 5.28995E-1 5.29609E-1 5.22765E-1 5.07176E-1 5.09177E-1 4.92727E-1 4.94965E-1 4.96282E-1 4.97565E-1 4.98479E-1 5.10903E-1 5.03864E-1 5.05912E-1 5.08582E-1 5.09966E-1 5.12069E-1 5.13407E-1 5.14795E-1 5.17597E-1 5.18197E-1 5.20235E-1 5.21631E-1 5.22858E-1 5.40241E-1 -9999 -9999 -9999 -9999 5.33718E-1 5.24248E-1 5.12057E-1 5.03702E-1
5.99861E-1 6.00012E-1 6.07248E-1 6.077E-1 6.06744E-1 5.99213E-1 6.10121E-1 6.03972E-1 5.98179E-1 5.97357E-1 5.87316E-1 5.9602E-1 5.96138E-1 5.93417E-1 5.91736E-1 5.88536E-1 5.95133E-1 5.84043E-1 5.82896E-1 5.885E-1 5.80528E-1 5.79571E-1 5.64012E-1 5.63593E-1 5.68032E-1 5.62808E-1 5.67293E-1 5.66125E-1 5.65699E-1 5.6402E-1 5.52707E-1 5.52952E-1 5.51331E-1 5.50134E-1 5.49141E-1 5.44295E-1 5.33297E-1 5.32219E-1 5.26463E-1 5.24728E-1 5.09866E-1 5.11209E-1 5.11923E-1 4.94193E-1 4.8556E-1 4.86362E-1 4.89107E-1 4.92401E-1 4.95833E-1 5.05421E-1 5.08661E-1 5.11493E-1 5.29609E-1 5.3159E-1 5.16227E-1 5.17689E-1 5.17793E-1 5.20543E-1 5.31652E-1 5.49634E-1 5.39065E-1 5.30021E-1 5.35036E-1 5.42223E-1 5.47627E-1 5.33955E-1 5.26162E-1 5.25791E-1 5.06224E-1
6.06083E-1 6.03483E-1 6.13327E-1 6.13123E-1 6.12799E-1 6.01997E-1 6.02064E-1 6.01904E-1 5.97787E-1 5.96557E-1 5.99415E-1 5.98544E-1 5.98375E-1 5.96031E-1 5.95141E-1 5.94023E-1 5.91439E-1 5.79115E-1 5.86892E-1 5.84329E-1 5.83465E-1 5.70706E-1 5.70236E-1 5.68327E-1 5.69233E-1 5.6899E-1 5.6776E-1 5.67435E-1 5.56715E-1 5.56805E-1 5.58632E-1 5.52844E-1 5.56493E-1 5.55446E-1 5.49525E-1 5.48444E-1 5.38003E-1 5.29738E-1 5.29887E-1 5.01012E-1 5.0039E-1 5.03068E-1 4.94797E-1 4.96274E-1 4.97138E-1 4.98714E-1 5.00142E-1 5.01467E-1 5.04805E-1 5.14543E-1 5.27743E-1 5.29659E-1 5.32532E-1 5.3383E-1 5.32551E-1 5.36267E-1 5.29534E-1 5.48919E-1 5.50984E-1 5.5044E-1 5.40587E-1 5.41758E-1 5.47572E-1 5.56081E-1 5.52886E-1 5.42769E-1 5.2961E-1 5.16874E-1 4.99124E-1
6.05889E-1 6.06096E-1 6.06599E-1 6.05397E-1 6.06227E-1 6.12848E-1 6.05262E-1 6.05565E-1 6.01218E-1 6.00391E-1 6.00536E-1 6.01267E-1 6.01119E-1 6.00029E-1 5.98312E-1 5.98033E-1 5.9623E-1 5.93702E-1 5.90527E-1 5.80309E-1 5.78598E-1 5.79356E-1 5.7832E-1 5.64048E-1 5.644E-1 5.65214E-1 5.73077E-1 5.6247E-1 5.62764E-1 5.60944E-1 5.60521E-1 5.58136E-1 5.56426E-1 5.55954E-1 5.54861E-1 5.52543E-1 5.33796E-1 5.33177E-1 5.3149E-1 5.04433E-1 5.01974E-1 5.00743E-1 4.85542E-1 4.87013E-1 4.98717E-1 5.00757E-1 5.18999E-1 5.10726E-1 5.13292E-1 5.16022E-1 5.29086E-1 5.33075E-1 5.3442E-1 5.34567E-1 5.37294E-1 5.47272E-1 5.481E-1 5.39458E-1 5.39436E-1 5.5246E-1 5.38942E-1 5.40242E-1 5.58278E-1 5.66091E-1 5.72435E-1 5.44236E-1 5.29621E-1 5.21223E-1 5.01108E-1
6.00199E-1 6.00822E-1 6.12348E-1 6.11549E-1 6.08349E-1 6.09128E-1 6.00995E-1 5.99662E-1 6.07302E-1 5.98324E-1 6.02943E-1 6.02792E-1 6.02827E-1 6.03935E-1 6.01654E-1 6.07419E-1 5.89409E-1 5.87642E-1 5.86443E-1 5.83684E-1 5.85222E-1 5.84129E-1 5.74847E-1 5.70279E-1 5.69781E-1 5.68629E-1 5.69534E-1 5.69245E-1 5.67429E-1 5.67055E-1 5.64573E-1 5.64199E-1 5.61821E-1 5.60069E-1 5.5775E-1 5.56608E-1 5.37617E-1 5.351E-1 5.34258E-1 5.06028E-1 5.04325E-1 4.96824E-1 4.96824E-1 4.98192E-1 5.0933E-1 5.18389E-1 5.20616E-1 5.23292E-1 5.24493E-1 5.44167E-1 5.47481E-1 5.50123E-1 5.50797E-1 5.63361E-1 5.47114E-1 5.48616E-1 5.48796E-1 5.48777E-1 5.50942E-1 5.49722E-1 5.54935E-1 5.56048E-1 5.64115E-1 5.68439E-1 5.73293E-1 5.51022E-1 5.32524E-1 5.1309E-1 5.03876E-1
6.08402E-1 6.07329E-1 6.07159E-1 6.0413E-1 6.04212E-1 6.03798E-1 6.03902E-1 6.03755E-1 6.03273E-1 6.09046E-1 6.09724E-1 6.13429E-1 6.04848E-1 6.03365E-1 6.04998E-1 6.00617E-1 6.09098E-1 5.90859E-1 5.90594E-1 5.90636E-1 5.89329E-1 5.88198E-1 5.78983E-1 5.74893E-1 5.73832E-1 5.74062E-1 5.56495E-1 5.58039E-1 5.57036E-1 5.54591E-1 5.70692E-1 5.5115E-1 5.66504E-1 5.64852E-1 5.63164E-1 5.41427E-1 5.40903E-1 5.37239E-1 5.37264E-1 5.08335E-1 5.06579E-1 5.05443E-1 5.1267E-1 5.07221E-1 5.26115E-1 5.26726E-1 5.28867E-1 5.21598E-1 5.25502E-1 5.28088E-1 5.48351E-1 5.50271E-1 5.61892E-1 5.64124E-1 5.64804E-1 5.55236E-1 5.55983E-1 5.5686E-1 5.56996E-1 5.56876E-1 5.55656E-1 5.74027E-1 5.87592E-1 5.78339E-1 5.82911E-1 5.60939E-1 5.34153E-1 5.23967E-1 4.96621E-1
6.10862E-1 6.09204E-1 6.08029E-1 6.06579E-1 6.09496E-1 6.09889E-1 6.07315E-1 6.06515E-1 6.05996E-1 6.05378E-1 6.04346E-1 6.12257E-1 6.10502E-1 6.06875E-1 6.05716E-1 6.04067E-1 6.04285E-1 6.03155E-1 5.95269E-1 5.93341E-1 5.91893E-1 5.92236E-1 5.92558E-1 5.79042E-1 5.78649E-1 5.69748E-1 5.53559E-1 5.53173E-1 5.61693E-1 5.6014E-1 5.59039E-1 5.5535E-1 5.70833E-1 5.69598E-1 5.66661E-1 5.6368E-1 5.43258E-1 5.41475E-1 5.3849E-1 5.29611E-1 5.16142E-1 5.1438E-1 5.13985E-1 5.15452E-1 5.23914E-1 5.28045E-1 5.28554E-1 5.21366E-1 5.2394E-1 5.36863E-1 5.37559E-1 5.4946E-1 5.53877E-1 5.63629E-1 5.63807E-1 5.65079E-1 5.65256E-1 5.66122E-1 5.66072E-1 5.72574E-1 5.63577E-1 5.87865E-1 5.87417E-1 5.8595E-1 5.83146E-1 5.65275E-1 5.42677E-1 5.24218E-1 5.06066E-1
6.10625E-1 6.11077E-1 6.11934E-1 6.12324E-1 6.0543E-1 6.03481E-1 6.11531E-1 6.10736E-1 6.08084E-1 5.99054E-1 6.08342E-1 6.06612E-1 6.13066E-1 6.11041E-1 6.06461E-1 6.07341E-1 6.05589E-1 5.9439E-1 5.94705E-1 5.98874E-1 5.95694E-1 5.95018E-1 5.95224E-1 5.81562E-1 5.72917E-1 5.58552E-1 5.58163E-1 5.59323E-1 5.56794E-1 5.65465E-1 5.62053E-1 5.6079E-1 5.75686E-1 5.71984E-1 5.70888E-1 5.5069E-1 5.57418E-1 5.53661E-1 5.42194E-1 5.37438E-1 5.27882E-1 5.2295E-1 5.13116E-1 5.12826E-1 5.06436E-1 5.2394E-1 5.27162E-1 5.20606E-1 5.23795E-1 5.2689E-1 5.36583E-1 5.51004E-1 5.53603E-1 5.54262E-1 5.54284E-1 5.6607E-1 5.6615E-1 5.71924E-1 5.72098E-1 5.72148E-1 5.87502E-1 5.86474E-1 5.85518E-1 5.92318E-1 5.86576E-1 5.6551E-1 5.44898E-1 5.23494E-1 5.15573E-1
6.05601E-1 6.12607E-1 6.05683E-1 6.07014E-1 6.15076E-1 6.15439E-1 6.08372E-1 6.06058E-1 6.04145E-1 -9999 -9999 -9999 -9999 -9999 -9999 -9999 -9999 -9999 -9999 5.98474E-1 5.99272E-1 5.89942E-1 5.99568E-1 6.00151E-1 5.76894E-1 5.68983E-1 5.62134E-1 5.63327E-1 5.70547E-1 5.69357E-1 5.66818E-1 5.64847E-1 5.62397E-1 5.58419E-1 5.55421E-1 5.52477E-1 5.60319E-1 5.5761E-1 5.43996E-1 5.36631E-1 5.2651E-1 5.22256E-1 5.09915E-1 5.03139E-1 5.02407E-1 5.0582E-1 5.08876E-1 5.17228E-1 5.20404E-1 5.24832E-1 5.29323E-1 5.4357E-1 5.53229E-1 5.53856E-1 5.55835E-1 5.55186E-1 5.55274E-1 5.72717E-1 5.72132E-1 5.85681E-1 5.84374E-1 5.94793E-1 5.93947E-1 5.91898E-1 5.90255E-1 5.80272E-1 5.46487E-1 5.34694E-1 5.14114E-1
5.99515E-1 6.00238E-1 5.99164E-1 6.00146E-1 6.08941E-1 6.09507E-1 6.17831E-1 6.10109E-1 6.07397E-1 -9999 -9999 -9999 -9999 -9999 -9999 -9999 -9999 -9999 -9999 -9999 -9999 5.91806E-1 5.93236E-1 5.94342E-1 5.94767E-1 5.80416E-1 5.81788E-1 5.81409E-1 5.73913E-1 5.72565E-1 5.86074E-1 5.83546E-1 5.83452E-1 5.79469E-1 5.85272E-1 5.78495E-1 5.74858E-1 5.65051E-1 5.58972E-1 5.45008E-1 5.38318E-1 5.19132E-1 5.14747E-1 5.03919E-1 4.98691E-1 4.88858E-1 4.93338E-1 4.96328E-1 5.00595E-1 5.06992E-1 5.28921E-1 5.32146E-1 5.33936E-1 5.53323E-1 5.6513E-1 5.70798E-1 5.72297E-1 5.84472E-1 5.83853E-1 5.82648E-1 5.90865E-1 5.99646E-1 5.97609E-1 5.93871E-1 5.95538E-1 5.79099E-1 5.49898E-1 5.37767E-1 5.26594E-1
5.92973E-1 5.99899E-1 6.00376E-1 5.93705E-1 6.09093E-1 6.04436E-1 6.10601E-1 -9999 -9999 6.10995E-1 -9999 -9999 -9999 -9999 -9999 -9999 -9999 -9999 -9999 -9999 -9999 -9999 -9999 5.95026E-1 5.9792E-1 6.06412E-1 5.83418E-1 5.83795E-1 5.83945E-1 5.91908E-1 5.89333E-1 5.88076E-1 5.84946E-1 5.89129E-1 5.84569E-1 5.79613E-1 5.74733E-1 5.62372E-1 5.55103E-1 5.39337E-1 5.33392E-1 5.21224E-1 5.07568E-1 4.91589E-1 4.80434E-1 4.84451E-1 4.88715E-1 4.93646E-1 4.98955E-1 5.03622E-1 5.26863E-1 5.33027E-1 5.33018E-1 5.36023E-1 5.65367E-1 5.72887E-1 5.7186E-1 5.7507E-1 5.84115E-1 5.83183E-1 6.00303E-1 6.05388E-1 6.04638E-1 5.93868E-1 5.86489E-1 5.90623E-1 5.69815E-1 5.58177E-1 5.30757E-1
5.95446E-1 5.9576E-1 5.94835E-1 5.95461E-1 6.02496E-1 6.03517E-1 6.1272E-1 6.12955E-1 6.13033E-1 6.11269E-1 -9999 -9999 -9999 -9999 -9999 -9999 -9999 -9999 -9999 -9999 -9999 -9999 -9999 -9999 -9999 5.97484E-1 5.9719E-1 5.93615E-1 5.95403E-1 5.93578E-1 5.91055E-1 5.90581E-1 5.87455E-1 5.8282E-1 5.85716E-1 5.80745E-1 5.72853E-1 5.59373E-1 5.50114E-1 5.40808E-1 5.26269E-1 5.13824E-1 5.02404E-1 4.82238E-1 4.74942E-1 4.7838E-1 4.82728E-1 4.89202E-1 4.96438E-1 5.03493E-1 5.10096E-1 5.32157E-1 5.34676E-1 5.54388E-1 5.53996E-1 5.71142E-1 5.73987E-1 5.75368E-1 5.84978E-1 5.90971E-1 6.07295E-1 5.93614E-1 5.99382E-1 5.98655E-1 5.87399E-1 5.87543E-1 5.76706E-1 5.60244E-1 5.38531E-1
5.95245E-1 5.95958E-1 5.92611E-1 5.94117E-1 5.9567E-1 -9999 -9999 -9999 -9999 -9999 -9999 -9999 -9999 -9999 -9999 -9999 -9999 -9999 -9999 -9999 -9999 -9999 -9999 -9999 -9999 -9999 6.00716E-1 5.99874E-1 6.1005E-1 6.09703E-1 6.09209E-1 6.01079E-1 5.8918E-1 5.93535E-1 5.87613E-1 5.80613E-1 5.71483E-1 5.60614E-1 5.44589E-1 5.32853E-1 5.23171E-1 5.01496E-1 4.99741E-1 4.72996E-1 4.74109E-1 4.70611E-1 4.7776E-1 4.84848E-1 4.93798E-1 5.01799E-1 5.09973E-1 5.15947E-1 5.25002E-1 5.54135E-1 5.73265E-1 5.70968E-1 5.74598E-1 5.84304E-1 5.9132E-1 5.95485E-1 5.95635E-1 6.01317E-1 5.93431E-1 5.99188E-1 5.93181E-1 5.85332E-1 5.67565E-1 5.69017E-1 5.49226E-1
5.86861E-1 5.88546E-1 5.96709E-1 -9999 -9999 -9999 -9999 -9999 -9999 -9999 -9999 -9999 -9999 -9999 -9999 -9999 -9999 -9999 -9999 -9999 -9999 -9999 -9999 -9999 -9999 -9999 -9999 5.99737E-1 6.00532E-1 6.10021E-1 6.10318E-1 6.08667E-1 5.91686E-1 5.95277E-1 5.90821E-1 5.80438E-1 5.69546E-1 5.55616E-1 5.42298E-1 5.22618E-1 5.00741E-1 4.90351E-1 4.74719E-1 4.76073E-1 4.65963E-1 4.73235E-1 4.81859E-1 4.90804E-1 4.91394E-1 4.95259E-1 5.10173E-1 5.18325E-1 5.3817E-1 5.46384E-1 5.58105E-1 5.76665E-1 5.869E-1 5.93089E-1 5.89864E-1 5.96795E-1 5.99145E-1 6.01053E-1 6.0056E-1 5.93381E-1 5.87123E-1 5.78358E-1 5.79929E-1 5.67228E-1 5.49634E-1
5.78006E-1 -9999 -9999 -9999 -9999 -9999 -9999 -9999 -9999 -9999 -9999 -9999 -9999 -9999 -9999 -9999 -9999 -9999 -9999 -9999 -9999 -9999 -9999 -9999 -9999 -9999 -9999 -9999 6.00103E-1 6.08414E-1 6.09391E-1 6.10295E-1 6.17729E-1 6.14768E-1 6.0643E-1 5.82147E-1 5.75059E-1 5.58695E-1 5.33095E-1 5.15476E-1 4.93314E-1 4.68652E-1 4.59003E-1 4.5609E-1 4.62415E-1 4.62141E-1 4.66841E-1 4.87042E-1 4.97793E-1 5.01718E-1 5.09916E-1 5.17918E-1 5.46226E-1 5.55425E-1 5.61698E-1 5.7522E-1 5.93618E-1 5.93009E-1 5.97406E-1 5.92102E-1 5.98994E-1 5.91817E-1 5.9466E-1 5.94385E-1 5.85131E-1 5.76955E-1 5.5874E-1 5.58619E-1 5.49584E-1
-9999 -9999 -9999 -9999 -9999 -9999 -9999 -9999 -9999 -9999 -9999 -9999 -9999 -9999 -9999 -9999 -9999 -9999 -9999 -9999 -9999 -9999 -9999 -9999 -9999 -9999 -9999 -9999 6.07865E-1 6.19342E-1 6.19015E-1 6.17955E-1 6.08259E-1 6.13065E-1 6.11413E-1 6.06903E-1 5.74118E-1 5.52785E-1 5.19861E-1 4.98243E-1 4.82399E-1 4.50372E-1 4.50725E-1 4.40527E-1 4.49338E-1 4.62555E-1 4.65703E-1 4.80714E-1 4.86557E-1 5.05328E-1 5.17117E-1 5.25168E-1 5.45533E-1 5.53483E-1 5.71076E-1 5.87495E-1 5.85511E-1 5.91652E-1 5.93279E-1 5.85562E-1 5.84725E-1 5.83383E-1 5.84005E-1 5.85841E-1 5.8442E-1 5.68131E-1 5.59115E-1 5.55734E-1 5.38469E-1
-9999 -9999 -9999 -9999 -9999 -9999 -9999 -9999 -9999 -9999 -9999 -9999 -9999 -9999 -9999 -9999 -9999 -9999 -9999 -9999 -9999 -9999 -9999 -9999 -9999 -9999 -9999 -9999 -9999 6.0727E-1 6.14603E-1 6.24046E-1 6.25143E-1 6.24801E-1 6.12237E-1 6.06459E-1 5.80885E-1 5.51897E-1 5.1841E-1 4.74749E-1 4.58352E-1 4.35032E-1 4.30908E-1 4.40348E-1 4.48699E-1 4.52033E-1 4.68286E-1 4.75741E-1 4.88712E-1 5.0325E-1 5.13808E-1 5.28981E-1 5.50749E-1 5.61108E-1 5.74421E-1 5.75812E-1 5.84635E-1 5.87169E-1 5.83267E-1 5.81529E-1 5.74196E-1 5.73369E-1 5.81208E-1 5.85792E-1 5.72385E-1 5.6792E-1 5.57075E-1 5.47888E-1 5.4577E-1
