Demos/Rbased/CrashCourse/data/enm_output/Pinus_palustris/Pinus_palustris_avg.asc
ncols         182
nrows         155
xllcorner     -87.625
yllcorner     24.5416666666667
cellsize      0.0416666666666666
NODATA_value  -9999
[rows 0 to 30 of 155, columns 0 to 68 of 182]
-9999 3.07683E-1 3.25188E-1 3.29748E-1 3.34706E-1 3.39491E-1 3.54987E-1 3.6259E-1 3.94108E-1 4.03282E-1 3.97662E-1 3.79989E-1 3.81908E-1 3.81846E-1 3.98793E-1 4.18529E-1 4.35482E-1 4.38846E-1 4.63517E-1 4.81054E-1 5.02958E-1 5.22826E-1 5.24968E-1 5.25672E-1 5.33916E-1 5.54282E-1 5.5198E-1 5.51706E-1 5.49835E-1 5.50165E-1 5.51143E-1 5.48898E-1 5.55906E-1 5.65433E-1 5.87101E-1 5.98424E-1 6.02161E-1 5.93764E-1 5.9323E-1 5.93663E-1 5.9832E-1 5.93342E-1 5.92637E-1 5.88345E-1 5.8713E-1 5.79472E-1 5.77809E-1 5.76007E-1 5.80328E-1 5.78279E-1 5.67309E-1 5.61085E-1 5.50734E-1 5.42163E-1 5.38908E-1 5.39658E-1 5.28059E-1 5.27012E-1 5.26872E-1 5.1564E-1 4.99501E-1 4.81249E-1 4.69852E-1 -9999 -9999 -9999 -9999 -9999 -9999
-9999 3.12085E-1 3.25721E-1 3.28805E-1 3.4165E-1 3.37618E-1 3.43259E-1 3.64456E-1 3.91466E-1 3.93347E-1 3.5418E-1 3.63746E-1 3.81338E-1 3.85042E-1 3.90921E-1 4.28356E-1 4.4466E-1 4.49079E-1 4.63316E-1 4.74832E-1 4.90714E-1 5.18871E-1 5.23903E-1 5.32863E-1 5.39077E-1 5.56166E-1 5.48816E-1 5.38366E-1 5.47268E-1 5.42583E-1 5.43289E-1 5.38044E-1 5.38752E-1 5.44548E-1 5.60437E-1 5.63373E-1 5.76446E-1 6.03084E-1 5.99227E-1 6.00998E-1 6.00794E-1 6.01055E-1 5.96368E-1 5.94621E-1 5.91465E-1 5.83209E-1 5.87518E-1 5.87594E-1 5.87082E-1 5.83995E-1 5.6862E-1 5.6602E-1 5.65539E-1 5.57585E-1 5.47782E-1 5.35529E-1 5.33747E-1 5.32639E-1 5.31866E-1 5.15853E-1 5.04113E-1 4.86295E-1 4.84194E-1 -9999 -9999 -9999 -9999 -9999 -9999
3.0441E-1 3.14009E-1 3.23205E-1 3.25522E-1 3.36828E-1 3.51761E-1 3.62056E-1 3.85846E-1 3.83442E-1 3.53663E-1 3.4366E-1 3.53033E-1 3.80862E-1 3.68705E-1 3.82458E-1 4.26161E-1 4.39982E-1 4.57898E-1 4.57613E-1 4.70632E-1 4.87771E-1 5.15244E-1 5.13665E-1 5.19718E-1 5.47805E-1 5.54369E-1 5.4623E-1 5.36424E-1 5.41689E-1 5.31829E-1 5.40788E-1 5.31134E-1 5.22688E-1 5.20466E-1 5.22947E-1 5.28343E-1 5.26659E-1 5.42369E-1 5.79489E-1 6.03085E-1 6.04815E-1 5.967E-1 5.96129E-1 6.00854E-1 5.99172E-1 5.9488E-1 5.93789E-1 5.88889E-1 5.96106E-1 5.75473E-1 5.74159E-1 5.72273E-1 5.72292E-1 5.62579E-1 5.53417E-1 5.41841E-1 5.3908E-1 5.38187E-1 5.21664E-1 5.21096E-1 5.0976E-1 4.974E-1 4.89312E-1 4.88056E-1 -9999 -9999 -9999 -9999 -9999
3.17879E-1 3.22137E-1 3.21136E-1 3.27749E-1 3.3039E-1 3.5319E-1 3.57105E-1 3.91645E-1 3.87976E-1 3.53001E-1 3.49121E-1 3.44268E-1 3.72122E-1 3.82571E-1 3.99555E-1 4.18515E-1 4.43638E-1 4.56979E-1 4.78013E-1 4.83781E-1 5.05235E-1 5.39993E-1 5.36829E-1 5.5156E-1 5.75972E-1 5.67645E-1 5.71593E-1 5.66244E-1 5.64698E-1 5.39763E-1 5.23848E-1 5.20139E-1 5.13438E-1 5.08036E-1 5.00216E-1 4.92723E-1 4.97892E-1 5.18961E-1 5.45897E-1 5.73241E-1 5.9874E-1 5.99165E-1 5.98874E-1 5.97519E-1 5.94011E-1 6.02435E-1 6.00111E-1 5.96445E-1 5.898E-1 5.86705E-1 5.84167E-1 5.84798E-1 5.70348E-1 5.68214E-1 5.73457E-1 5.46739E-1 5.50579E-1 5.34842E-1 5.32359E-1 5.31579E-1 5.18568E-1 5.01824E-1 4.99577E-1 4.98944E-1 4.87674E-1 -9999 -9999 -9999 -9999
-9999 3.31815E-1 3.19385E-1 3.33471E-1 3.43184E-1 3.58365E-1 3.71191E-1 3.99898E-1 3.77763E-1 3.58468E-1 3.44564E-1 3.49326E-1 3.51333E-1 3.86616E-1 4.04823E-1 4.1744E-1 4.38401E-1 4.7034E-1 4.73877E-1 5.19E-1 5.38446E-1 5.7565E-1 5.71124E-1 5.97346E-1 6.00983E-1 5.91512E-1 5.98855E-1 5.85011E-1 5.70545E-1 5.68305E-1 5.38899E-1 5.32887E-1 5.20845E-1 4.88164E-1 4.90632E-1 4.59039E-1 4.73026E-1 4.98603E-1 5.12794E-1 5.51718E-1 5.89981E-1 5.95274E-1 5.94882E-1 5.95335E-1 6.00365E-1 5.99159E-1 6.04578E-1 6.01497E-1 5.94919E-1 5.92569E-1 5.91774E-1 5.89843E-1 5.82241E-1 5.80197E-1 5.79621E-1 5.66647E-1 5.67111E-1 5.40643E-1 5.38724E-1 5.36838E-1 5.34902E-1 5.23789E-1 5.06673E-1 5.04079E-1 4.92815E-1 -9999 -9999 -9999 -9999
-9999 -9999 3.45951E-1 3.59519E-1 3.82627E-1 3.78836E-1 3.98236E-1 4.13683E-1 4.16312E-1 3.97205E-1 3.86335E-1 3.79847E-1 3.87748E-1 3.98549E-1 4.18033E-1 4.48553E-1 4.72088E-1 5.1097E-1 5.40748E-1 5.59846E-1 6.15765E-1 6.00956E-1 6.08656E-1 6.06374E-1 5.83204E-1 5.94015E-1 5.82336E-1 6.0344E-1 6.00093E-1 5.93553E-1 5.83622E-1 5.24856E-1 5.28689E-1 4.90033E-1 4.63105E-1 4.35498E-1 4.36523E-1 4.61577E-1 4.94647E-1 5.21584E-1 5.73709E-1 6.04429E-1 5.9912E-1 5.97772E-1 6.05797E-1 6.04849E-1 6.10526E-1 6.04283E-1 6.01249E-1 6.00781E-1 5.97505E-1 6.04467E-1 6.03158E-1 5.94761E-1 5.93543E-1 5.73542E-1 5.7409E-1 5.5955E-1 5.55363E-1 5.52059E-1 5.41956E-1 5.38839E-1 5.28416E-1 5.09959E-1 5.07376E-1 -9999 -9999 -9999 -9999
-9999 -9999 -9999 3.94361E-1 4.14844E-1 4.43848E-1 4.37141E-1 4.42875E-1 4.39946E-1 4.41709E-1 4.26144E-1 4.30531E-1 4.31994E-1 4.25187E-1 4.37616E-1 4.78854E-1 5.06884E-1 5.44046E-1 5.93447E-1 5.68071E-1 5.62867E-1 5.63492E-1 5.52993E-1 5.66549E-1 5.64841E-1 5.49316E-1 5.76171E-1 5.53147E-1 5.69777E-1 5.54106E-1 5.6027E-1 5.88542E-1 5.38377E-1 5.01083E-1 4.76881E-1 4.40017E-1 4.17515E-1 4.42012E-1 4.679E-1 5.22214E-1 5.54505E-1 5.83126E-1 6.0054E-1 6.08968E-1 6.16799E-1 6.06684E-1 6.05031E-1 6.08939E-1 6.07671E-1 6.05658E-1 6.15027E-1 6.13211E-1 6.02014E-1 5.91445E-1 5.89538E-1 5.80689E-1 5.65235E-1 5.61894E-1 5.49806E-1 5.57976E-1 5.47164E-1 5.46562E-1 5.43388E-1 5.43341E-1 5.42048E-1 5.18387E-1 -9999 -9999 -9999
-9999 -9999 -9999 -9999 -9999 5.14339E-1 5.43257E-1 5.1812E-1 5.33224E-1 5.16489E-1 5.20309E-1 4.91887E-1 4.89655E-1 5.02133E-1 4.87422E-1 5.29939E-1 5.38725E-1 5.49606E-1 5.20253E-1 5.2469E-1 5.22117E-1 5.29052E-1 5.46182E-1 5.52108E-1 5.63441E-1 5.6193E-1 5.5424E-1 5.48217E-1 5.39225E-1 5.4016E-1 5.4486E-1 5.55854E-1 5.46042E-1 5.4642E-1 5.04072E-1 4.61594E-1 4.42385E-1 4.5436E-1 4.73718E-1 4.87595E-1 5.34787E-1 5.75782E-1 5.95395E-1 6.04891E-1 6.09572E-1 6.12132E-1 6.08808E-1 6.13002E-1 6.12255E-1 6.13919E-1 6.19895E-1 6.11381E-1 6.11296E-1 5.98396E-1 5.87174E-1 5.72939E-1 5.69029E-1 5.67121E-1 5.5623E-1 5.54407E-1 5.53198E-1 5.61336E-1 5.49852E-1 5.4727E-1 5.46138E-1 5.34659E-1 5.38957E-1 5.4775E-1 5.67922E-1
-9999 -9999 -9999 -9999 -9999 -9999 6.02828E-1 5.96971E-1 5.94308E-1 5.78197E-1 5.88572E-1 5.80293E-1 5.89062E-1 5.49598E-1 5.13815E-1 5.12351E-1 4.78093E-1 4.8649E-1 4.79129E-1 5.13271E-1 5.20043E-1 5.18131E-1 5.22609E-1 5.39237E-1 5.27747E-1 5.29179E-1 5.36424E-1 5.30514E-1 5.24834E-1 5.19146E-1 5.21692E-1 5.14381E-1 5.22579E-1 5.34017E-1 5.3128E-1 4.97341E-1 4.76907E-1 4.84158E-1 4.90937E-1 4.96305E-1 5.36227E-1 5.58574E-1 5.76515E-1 6.01869E-1 6.13463E-1 6.12717E-1 6.20667E-1 6.18821E-1 6.23437E-1 6.17499E-1 6.15312E-1 6.13733E-1 6.13389E-1 6.12633E-1 6.10996E-1 5.91413E-1 5.88224E-1 5.85533E-1 5.5576E-1 5.59042E-1 5.67884E-1 5.66582E-1 5.65841E-1 5.58748E-1 5.56938E-1 5.44636E-1 5.63893E-1 5.74353E-1 5.74307E-1
-9999 -9999 -9999 -9999 -9999 5.98154E-1 5.82127E-1 5.77845E-1 5.51987E-1 5.52244E-1 5.35706E-1 5.59853E-1 5.12676E-1 4.9948E-1 4.68786E-1 4.63355E-1 4.54886E-1 4.78544E-1 4.90376E-1 4.84874E-1 4.91381E-1 4.94891E-1 5.05403E-1 5.08405E-1 5.18044E-1 5.27364E-1 5.45038E-1 5.47906E-1 5.35205E-1 5.33422E-1 5.28335E-1 5.0858E-1 5.05109E-1 5.08294E-1 5.17982E-1 5.42845E-1 5.19693E-1 5.04533E-1 5.18364E-1 5.18382E-1 5.31675E-1 5.57055E-1 5.61537E-1 5.84561E-1 5.95191E-1 6.17657E-1 6.19773E-1 6.15486E-1 6.30563E-1 6.24559E-1 6.24387E-1 6.24618E-1 6.231E-1 6.16096E-1 6.10825E-1 6.09603E-1 6.00038E-1 5.99585E-1 5.78315E-1 5.77663E-1 5.88568E-1 5.76553E-1 5.65986E-1 5.62786E-1 5.61481E-1 5.71892E-1 5.89507E-1 5.89417E-1 5.87132E-1
-9999 -9999 -9999 -9999 -9999 5.22484E-1 4.96185E-1 4.81301E-1 4.98826E-1 4.82064E-1 4.88127E-1 -9999 4.59564E-1 4.5279E-1 4.44587E-1 4.62827E-1 4.65563E-1 4.68167E-1 4.66644E-1 4.55604E-1 4.66102E-1 4.83175E-1 4.90689E-1 5.14748E-1 5.15124E-1 5.21554E-1 5.22991E-1 5.37154E-1 5.37292E-1 5.44322E-1 5.26411E-1 5.17856E-1 5.17637E-1 5.07416E-1 5.16124E-1 5.13331E-1 5.47965E-1 5.3476E-1 5.45251E-1 5.31552E-1 5.43406E-1 5.54037E-1 5.598E-1 5.57729E-1 5.65411E-1 5.77849E-1 5.97135E-1 6.08659E-1 6.1347E-1 6.12779E-1 6.14369E-1 6.08425E-1 6.13716E-1 6.15715E-1 6.14615E-1 6.06481E-1 5.81111E-1 5.9587E-1 5.66856E-1 5.91048E-1 5.93942E-1 5.81238E-1 5.70585E-1 5.66579E-1 5.89319E-1 5.97327E-1 5.94222E-1 6.01149E-1 5.92328E-1
-9999 -9999 -9999 -9999 5.01531E-1 4.62034E-1 4.56434E-1 4.57292E-1 4.58974E-1 4.57464E-1 4.4222E-1 -9999 -9999 4.4862E-1 -9999 4.55252E-1 4.44668E-1 4.41336E-1 4.47819E-1 4.58847E-1 4.65572E-1 4.86405E-1 4.92609E-1 4.95377E-1 5.02288E-1 4.96866E-1 4.99496E-1 5.0748E-1 5.26265E-1 5.34225E-1 5.41803E-1 5.30937E-1 5.20463E-1 5.10384E-1 5.10196E-1 5.16453E-1 5.34254E-1 5.31709E-1 5.64027E-1 5.64322E-1 5.5588E-1 5.48988E-1 5.57219E-1 5.67384E-1 5.62949E-1 5.66374E-1 5.75265E-1 5.95015E-1 6.05619E-1 6.03666E-1 6.01255E-1 6.05725E-1 5.91093E-1 5.99607E-1 5.91165E-1 6.09864E-1 6.01215E-1 5.99747E-1 5.8897E-1 5.87411E-1 5.89675E-1 5.8647E-1 5.8396E-1 5.84958E-1 5.93751E-1 6.02058E-1 5.98832E-1 5.98163E-1 6.06229E-1
-9999 -9999 -9999 -9999 -9999 4.32385E-1 4.30595E-1 4.26899E-1 4.41841E-1 4.39915E-1 4.36002E-1 -9999 -9999 4.40478E-1 -9999 -9999 4.49289E-1 4.42405E-1 4.42264E-1 4.54788E-1 4.68504E-1 4.68805E-1 4.68552E-1 4.68444E-1 4.76437E-1 4.73634E-1 4.81881E-1 -9999 5.11092E-1 5.23582E-1 5.25362E-1 5.3203E-1 -9999 5.27159E-1 5.26047E-1 5.25158E-1 5.2108E-1 5.21906E-1 5.37165E-1 5.52581E-1 5.90334E-1 5.71067E-1 5.61903E-1 5.68094E-1 5.58952E-1 5.62586E-1 5.55978E-1 5.76062E-1 5.90858E-1 5.84181E-1 5.81887E-1 5.76412E-1 5.59737E-1 5.59089E-1 5.66532E-1 5.8257E-1 6.02035E-1 5.92457E-1 5.9283E-1 5.952E-1 5.93605E-1 6.00008E-1 5.87798E-1 5.98966E-1 6.06578E-1 6.06624E-1 6.03912E-1 6.03957E-1 6.10632E-1
-9999 -9999 -9999 -9999 -9999 -9999 -9999 4.08515E-1 4.16646E-1 4.19073E-1 4.25963E-1 -9999 -9999 -9999 -9999 -9999 4.44098E-1 4.48686E-1 4.47806E-1 4.5153E-1 4.50326E-1 4.53892E-1 4.51584E-1 4.53881E-1 4.56385E-1 4.64268E-1 -9999 -9999 -9999 -9999 -9999 -9999 -9999 -9999 -9999 5.25182E-1 5.24371E-1 5.28032E-1 5.30566E-1 5.48961E-1 5.55926E-1 5.96078E-1 5.93559E-1 5.93777E-1 5.67911E-1 5.7034E-1 5.60327E-1 5.68704E-1 5.76172E-1 5.88638E-1 5.72857E-1 5.59438E-1 5.31529E-1 5.34414E-1 5.63235E-1 5.77161E-1 5.91293E-1 6.17827E-1 6.08815E-1 5.96241E-1 6.05109E-1 5.94088E-1 5.9274E-1 6.02955E-1 6.11013E-1 6.10549E-1 6.07377E-1 6.07371E-1 6.05977E-1
-9999 -9999 -9999 -9999 -9999 3.92676E-1 3.91463E-1 3.91836E-1 3.93578E-1 -9999 -9999 -9999 -9999 4.14528E-1 4.27075E-1 4.26711E-1 -9999 -9999 -9999 -9999 -9999 4.41352E-1 4.3469E-1 -9999 4.49183E-1 -9999 -9999 4.64555E-1 4.75257E-1 4.94228E-1 -9999 5.16651E-1 5.18936E-1 5.4241E-1 -9999 -9999 5.26888E-1 5.2946E-1 5.36203E-1 5.3535E-1 5.62918E-1 5.84457E-1 6.22939E-1 5.8137E-1 5.88538E-1 5.68543E-1 5.78374E-1 5.62324E-1 5.72509E-1 5.70805E-1 5.67193E-1 5.57575E-1 5.48706E-1 5.37014E-1 5.45957E-1 5.69502E-1 5.91306E-1 6.05531E-1 6.00813E-1 6.0883E-1 6.05035E-1 5.96403E-1 5.94704E-1 6.11934E-1 6.11102E-1 6.122E-1 6.10965E-1 6.02305E-1 6.10579E-1
-9999 -9999 -9999 -9999 -9999 3.86586E-1 3.81431E-1 3.79934E-1 3.81751E-1 -9999 3.90399E-1 -9999 -9999 -9999 4.04208E-1 -9999 -9999 -9999 -9999 -9999 -9999 -9999 -9999 -9999 -9999 -9999 -9999 -9999 -9999 -9999 -9999 -9999 -9999 5.20023E-1 5.20855E-1 5.23918E-1 5.17894E-1 5.19554E-1 5.36386E-1 5.55467E-1 5.48923E-1 5.81096E-1 6.23942E-1 6.27905E-1 6.24074E-1 5.92055E-1 5.65428E-1 5.69441E-1 5.68512E-1 5.87813E-1 5.67937E-1 5.65257E-1 5.61313E-1 5.69398E-1 5.69864E-1 5.81614E-1 5.826E-1 5.97857E-1 6.13749E-1 6.10393E-1 6.08054E-1 5.98309E-1 6.05773E-1 6.13138E-1 6.0438E-1 6.08407E-1 6.08305E-1 6.08853E-1 6.00316E-1
-9999 -9999 -9999 3.89238E-1 -9999 -9999 3.70772E-1 -9999 -9999 -9999 -9999 -9999 -9999 -9999 -9999 -9999 -9999 -9999 -9999 -9999 -9999 -9999 -9999 -9999 -9999 -9999 -9999 -9999 -9999 -9999 -9999 -9999 -9999 -9999 -9999 -9999 5.23063E-1 5.20052E-1 5.19091E-1 5.36789E-1 5.54254E-1 5.64822E-1 5.86724E-1 5.89254E-1 6.39789E-1 6.29153E-1 5.90155E-1 6.05629E-1 5.94483E-1 5.92246E-1 5.9086E-1 5.8723E-1 5.82489E-1 5.71054E-1 5.78279E-1 5.60646E-1 5.6463E-1 5.78007E-1 5.89E-1 6.00991E-1 6.08313E-1 6.06587E-1 6.071E-1 6.10537E-1 6.10376E-1 6.11485E-1 6.14027E-1 6.14594E-1 6.05698E-1
-9999 -9999 -9999 -9999 -9999 -9999 -9999 -9999 -9999 -9999 -9999 -9999 -9999 -9999 -9999 -9999 -9999 -9999 -9999 -9999 -9999 -9999 -9999 -9999 -9999 -9999 -9999 -9999 -9999 -9999 -9999 -9999 -9999 -9999 -9999 -9999 -9999 -9999 -9999 5.22846E-1 5.27442E-1 5.35941E-1 5.42872E-1 -9999 -9999 5.78948E-1 5.88199E-1 5.99267E-1 6.17501E-1 6.30576E-1 6.02216E-1 5.99659E-1 5.92292E-1 5.73497E-1 5.59843E-1 5.42437E-1 5.38691E-1 5.42067E-1 5.37572E-1 5.58475E-1 5.82824E-1 5.99517E-1 6.13053E-1 6.14352E-1 6.06713E-1 6.13672E-1 6.13917E-1 6.13534E-1 6.05035E-1
-9999 -9999 -9999 -9999 -9999 -9999 -9999 -9999 -9999 -9999 -9999 -9999 -9999 -9999 -9999 -9999 -9999 -9999 -9999 -9999 -9999 -9999 -9999 -9999 -9999 -9999 -9999 -9999 -9999 -9999 -9999 -9999 -9999 -9999 -9999 -9999 -9999 -9999 -9999 -9999 -9999 5.11536E-1 5.23753E-1 5.27353E-1 5.17768E-1 -9999 -9999 5.43281E-1 5.5401E-1 5.70273E-1 5.96956E-1 5.97357E-1 5.8442E-1 5.67564E-1 5.39742E-1 5.2575E-1 5.05939E-1 4.9546E-1 5.0551E-1 5.17321E-1 5.51377E-1 5.60555E-1 5.91266E-1 6.02756E-1 6.09142E-1 6.09775E-1 6.12679E-1 6.12918E-1 6.10645E-1
-9999 -9999 -9999 -9999 -9999 -9999 -9999 -9999 -9999 -9999 -9999 -9999 -9999 -9999 -9999 -9999 -9999 -9999 -9999 -9999 -9999 -9999 -9999 -9999 -9999 -9999 -9999 -9999 -9999 -9999 -9999 -9999 -9999 -9999 -9999 -9999 -9999 -9999 -9999 -9999 -9999 -9999 -9999 5.20585E-1 5.18345E-1 -9999 5.13517E-1 5.35769E-1 5.70989E-1 5.90638E-1 5.94739E-1 5.83055E-1 5.8312E-1 5.63643E-1 5.27867E-1 5.08126E-1 4.79571E-1 4.60394E-1 4.5855E-1 4.74235E-1 5.05503E-1 5.32026E-1 5.58664E-1 5.87976E-1 6.02371E-1 6.05987E-1 6.06985E-1 6.08479E-1 6.08402E-1
-9999 -9999 -9999 -9999 -9999 -9999 -9999 -9999 -9999 -9999 -9999 -9999 -9999 -9999 -9999 -9999 -9999 -9999 -9999 -9999 -9999 -9999 -9999 -9999 -9999 -9999 -9999 -9999 -9999 -9999 -9999 -9999 -9999 -9999 -9999 -9999 -9999 -9999 -9999 -9999 -9999 -9999 -9999 -9999 -9999 5.29298E-1 -9999 5.54645E-1 5.53046E-1 5.59591E-1 5.64692E-1 5.80313E-1 5.83877E-1 5.58699E-1 5.29077E-1 4.86646E-1 4.56863E-1 4.32804E-1 4.25644E-1 4.41616E-1 4.77632E-1 5.10372E-1 5.44507E-1 5.7314E-1 5.92109E-1 6.05033E-1 6.09379E-1 6.09291E-1 6.09921E-1
-9999 -9999 -9999 -9999 -9999 -9999 -9999 -9999 -9999 -9999 -9999 -9999 -9999 -9999 -9999 -9999 -9999 -9999 -9999 -9999 -9999 -9999 -9999 -9999 -9999 -9999 -9999 -9999 -9999 -9999 -9999 -9999 -9999 -9999 -9999 -9999 -9999 -9999 -9999 -9999 -9999 -9999 -9999 -9999 -9999 -9999 -9999 5.27468E-1 -9999 -9999 5.45279E-1 5.61789E-1 5.79161E-1 5.66198E-1 5.1485E-1 4.9562E-1 4.53156E-1 4.14899E-1 3.9915E-1 4.27998E-1 4.65354E-1 5.04567E-1 5.39195E-1 5.61971E-1 5.77838E-1 6.03732E-1 6.02101E-1 6.1122E-1 6.10329E-1
-9999 -9999 -9999 -9999 -9999 -9999 -9999 -9999 -9999 -9999 -9999 -9999 -9999 -9999 -9999 -9999 -9999 -9999 -9999 -9999 -9999 -9999 -9999 -9999 -9999 -9999 -9999 -9999 -9999 -9999 -9999 -9999 -9999 -9999 -9999 -9999 -9999 -9999 -9999 -9999 -9999 -9999 -9999 -9999 -9999 -9999 -9999 -9999 4.75471E-1 4.75621E-1 -9999 5.32527E-1 -9999 5.65185E-1 5.44302E-1 4.98657E-1 4.52848E-1 4.22897E-1 4.16299E-1 4.36611E-1 4.74743E-1 5.00963E-1 5.31902E-1 5.58553E-1 5.82559E-1 6.03003E-1 6.04998E-1 6.05236E-1 6.04258E-1
-9999 -9999 -9999 -9999 -9999 -9999 -9999 -9999 -9999 -9999 -9999 -9999 -9999 -9999 -9999 -9999 -9999 -9999 -9999 -9999 -9999 -9999 -9999 -9999 -9999 -9999 -9999 -9999 -9999 -9999 -9999 -9999 -9999 -9999 -9999 -9999 -9999 -9999 -9999 -9999 -9999 -9999 -9999 -9999 -9999 -9999 -9999 -9999 -9999 -9999 4.92767E-1 5.09989E-1 -9999 5.55914E-1 5.48176E-1 5.2425E-1 4.80948E-1 4.61843E-1 4.57024E-1 4.71572E-1 4.96962E-1 5.29509E-1 5.50801E-1 5.71795E-1 5.90425E-1 5.91648E-1 5.91203E-1 5.90608E-1 5.98728E-1
-9999 -9999 -9999 -9999 -9999 -9999 -9999 -9999 -9999 -9999 -9999 -9999 -9999 -9999 -9999 -9999 -9999 -9999 -9999 -9999 -9999 -9999 -9999 -9999 -9999 -9999 -9999 -9999 -9999 -9999 -9999 -9999 -9999 -9999 -9999 -9999 -9999 -9999 -9999 -9999 -9999 -9999 -9999 -9999 -9999 -9999 -9999 -9999 -9999 -9999 -9999 5.02921E-1 5.14052E-1 5.34871E-1 5.482E-1 5.38236E-1 5.15438E-1 4.99613E-1 4.96153E-1 5.00742E-1 5.18718E-1 5.44612E-1 5.60712E-1 5.83106E-1 5.92879E-1 5.94727E-1 6.01517E-1 6.00953E-1 6.01505E-1
-9999 -9999 -9999 -9999 -9999 -9999 -9999 -9999 -9999 -9999 -9999 -9999 -9999 -9999 -9999 -9999 -9999 -9999 -9999 -9999 -9999 -9999 -9999 -9999 -9999 -9999 -9999 -9999 -9999 -9999 -9999 -9999 -9999 -9999 -9999 -9999 -9999 -9999 -9999 -9999 -9999 -9999 -9999 -9999 -9999 -9999 -9999 -9999 -9999 -9999 -9999 -9999 -9999 5.21369E-1 5.35772E-1 5.43529E-1 5.43339E-1 5.36395E-1 5.29762E-1 5.37647E-1 5.49866E-1 5.71119E-1 5.86926E-1 5.85342E-1 5.85014E-1 5.92211E-1 5.91615E-1 5.94745E-1 5.95378E-1
-9999 -9999 -9999 -9999 -9999 -9999 -9999 -9999 -9999 -9999 -9999 -9999 -9999 -9999 -9999 -9999 -9999 -9999 -9999 -9999 -9999 -9999 -9999 -9999 -9999 -9999 -9999 -9999 -9999 -9999 -9999 -9999 -9999 -9999 -9999 -9999 -9999 -9999 -9999 -9999 -9999 -9999 -9999 -9999 -9999 -9999 -9999 -9999 -9999 -9999 -9999 -9999 -9999 -9999 5.21961E-1 5.23803E-1 5.40121E-1 5.41866E-1 5.48742E-1 5.60235E-1 5.61875E-1 5.71819E-1 5.74535E-1 5.73276E-1 5.82648E-1 5.77314E-1 5.85471E-1 5.86191E-1 5.9317E-1
-9999 -9999 -9999 -9999 -9999 -9999 -9999 -9999 -9999 -9999 -9999 -9999 -9999 -9999 -9999 -9999 -9999 -9999 -9999 -9999 -9999 -9999 -9999 -9999 -9999 -9999 -9999 -9999 -9999 -9999 -9999 -9999 -9999 -9999 -9999 -9999 -9999 -9999 -9999 -9999 -9999 -9999 -9999 -9999 -9999 -9999 -9999 -9999 -9999 -9999 -9999 -9999 -9999 -9999 -9999 5.14314E-1 5.21792E-1 5.39938E-1 5.38772E-1 5.39134E-1 5.51546E-1 5.53249E-1 5.65238E-1 5.66542E-1 5.7352E-1 5.75106E-1 5.75426E-1 5.77991E-1 5.86143E-1
-9999 -9999 -9999 -9999 -9999 -9999 -9999 -9999 -9999 -9999 -9999 -9999 -9999 -9999 -9999 -9999 -9999 -9999 -9999 -9999 -9999 -9999 -9999 -9999 -9999 -9999 -9999 -9999 -9999 -9999 -9999 -9999 -9999 -9999 -9999 -9999 -9999 -9999 -9999 -9999 -9999 -9999 -9999 -9999 -9999 -9999 -9999 -9999 -9999 -9999 -9999 -9999 -9999 -9999 -9999 -9999 5.01904E-1 5.14788E-1 5.2652E-1 5.27113E-1 5.39171E-1 5.396E-1 5.43807E-1 5.56329E-1 5.54253E-1 5.67061E-1 -9999 5.75129E-1 5.75652E-1
-9999 -9999 -9999 -9999 -9999 -9999 -9999 -9999 -9999 -9999 -9999 -9999 -9999 -9999 -9999 -9999 -9999 -9999 -9999 -9999 -9999 -9999 -9999 -9999 -9999 -9999 -9999 -9999 -9999 -9999 -9999 -9999 -9999 -9999 -9999 -9999 -9999 -9999 -9999 -9999 -9999 -9999 -9999 -9999 -9999 -9999 -9999 -9999 -9999 -9999 -9999 -9999 -9999 -9999 -9999 -9999 4.92193E-1 4.98458E-1 5.04232E-1 4.98566E-1 5.15954E-1 5.14052E-1 5.26692E-1 5.26261E-1 5.41182E-1 -9999 5.65994E-1 5.69662E-1 -9999
-9999 -9999 -9999 -9999 -9999 -9999 -9999 -9999 -9999 -9999 -9999 -9999 -9999 -9999 -9999 -9999 -9999 -9999 -9999 -9999 -9999 -9999 -9999 -9999 -9999 -9999 -9999 -9999 -9999 -9999 -9999 -9999 -9999 -9999 -9999 -9999 -9999 -9999 -9999 -9999 -9999 -9999 -9999 -9999 -9999 -9999 -9999 -9999 -9999 -9999 -9999 -9999 -9999 -9999 -9999 -9999 4.69827E-1 4.83148E-1 4.87662E-1 4.93579E-1 4.92261E-1 5.01723E-1 5.03768E-1 -9999 -9999 5.4357E-1 -9999 -9999 -9999
