Demos/Rbased/CrashCourse/data/climate_processing/PresentLayers/Shortia_galacifolia/bio_18.asc
NCOLS 603 
NROWS 190 
XLLCORNER -83.7416666666667 
YLLCORNER 34.6416666666666 
CELLSIZE 0.00833333333333332 
NODATA_value -9999 
[rows 80 to 119 of 190, columns 182 to 272 of 603]
352 351 350 344 342 345 346 341 345 353 357 356 356 346 340 339 336 340 338 336 341 340 342 342 340 340 341 340 337 337 334 334 334 336 338 336 337 340 343 346 344 342 337 335 332 337 340 335 337 337 335 337 342 342 337 338 342 341 339 345 341 338 337 335 338 342 345 348 344 338 338 335 331 333 333 333 333 334 333 333 333 330 330 332 332 334 333 331 331 331 330
360 357 352 347 357 360 359 352 359 365 353 346 343 339 338 335 335 334 332 336 340 341 342 346 344 346 342 339 337 337 336 334 334 338 338 338 337 338 341 346 346 342 342 339 332 339 337 337 335 335 335 335 336 338 334 338 338 336 338 343 339 335 333 335 344 338 344 341 339 334 334 335 333 330 333 334 333 333 333 330 330 329 331 332 331 331 331 331 331 331 330
378 364 350 347 354 354 351 349 357 360 352 348 346 337 335 336 335 334 333 335 339 345 350 352 353 348 341 337 337 335 336 334 337 337 339 342 340 341 347 343 339 338 340 336 332 336 338 337 336 335 335 333 335 335 334 337 336 333 336 335 335 335 333 335 337 335 338 338 333 334 333 333 332 330 333 333 333 333 333 333 330 329 328 329 329 329 329 330 330 330 330
358 353 352 352 347 344 340 344 354 352 343 340 339 339 338 336 334 334 335 336 340 350 353 352 345 346 342 338 335 335 333 339 339 336 341 347 342 347 341 337 332 338 337 333 331 334 338 336 336 335 339 335 335 335 335 335 333 332 333 333 333 333 333 333 333 335 337 335 333 333 333 330 330 331 330 330 333 333 333 333 333 330 329 329 329 329 329 330 330 330 330
358 352 349 349 352 343 335 344 352 349 341 335 334 334 336 335 334 335 337 337 340 345 352 341 341 338 337 338 333 332 332 334 336 337 342 345 341 341 335 333 337 335 332 333 331 333 342 342 341 339 340 335 335 333 335 332 332 332 332 332 331 332 332 333 334 333 333 333 333 332 333 330 330 332 331 330 332 331 332 332 332 329 329 328 329 329 329 329 330 330 330
362 361 353 352 346 338 334 337 343 342 340 335 336 336 334 335 335 335 335 337 339 339 343 337 336 336 334 336 335 334 332 332 334 336 340 341 336 335 333 336 336 335 333 332 331 337 348 346 342 340 338 339 335 335 335 332 334 335 335 334 333 332 331 332 333 332 332 333 332 330 330 332 332 332 332 330 330 330 331 329 329 329 329 329 329 329 329 330 330 330 330
372 363 358 353 346 339 339 339 336 335 334 334 334 334 336 334 334 334 336 341 343 345 339 337 335 334 334 334 335 335 334 332 332 335 337 334 334 333 335 334 335 334 333 333 330 336 339 339 348 339 338 335 339 339 337 335 337 341 342 335 335 332 332 332 332 332 332 332 332 330 332 332 332 332 332 332 329 332 332 331 329 328 329 329 331 330 329 329 330 331 329
379 364 355 352 342 339 347 349 341 340 337 335 335 335 337 336 334 336 343 346 343 338 337 335 336 335 334 334 334 336 335 335 333 333 335 332 332 334 335 334 334 333 333 334 333 333 337 347 349 344 342 341 339 338 335 338 337 335 335 337 337 335 332 332 332 331 332 332 332 331 332 332 332 332 332 332 329 329 330 330 329 328 328 330 331 329 329 328 329 330 328
369 361 352 348 339 339 354 353 346 338 336 335 335 335 335 336 335 336 341 339 336 336 335 335 335 335 334 334 334 336 336 335 333 333 333 332 335 334 334 334 333 333 334 333 333 335 341 354 349 345 349 345 338 335 334 335 335 335 334 335 340 337 335 333 332 330 332 332 331 332 332 332 332 331 331 331 330 329 329 329 328 328 328 330 330 330 328 329 330 328 328
346 345 343 342 337 349 357 346 339 336 336 337 336 335 335 335 334 336 336 336 336 336 336 336 336 334 334 334 335 336 334 335 334 333 333 335 333 335 332 333 333 334 333 333 333 337 342 346 345 340 342 339 337 337 337 335 334 334 334 335 335 336 334 334 332 331 331 331 331 332 332 332 332 331 331 331 331 328 328 328 328 329 329 330 330 330 329 328 329 328 329
348 340 337 336 337 347 347 345 339 340 338 337 335 333 335 334 334 336 336 334 337 338 336 335 336 336 335 333 334 337 336 334 333 335 334 335 335 333 333 333 332 336 334 332 334 338 339 338 339 337 337 337 337 337 339 342 337 334 334 334 334 333 333 331 331 331 331 331 332 331 331 331 331 331 331 331 331 331 329 328 328 329 330 330 330 329 329 329 329 329 329
357 348 338 335 334 339 339 338 339 339 339 337 337 334 333 335 337 336 335 334 336 336 336 335 335 336 337 335 335 335 335 336 334 335 335 333 335 335 333 333 334 334 332 333 336 337 337 339 338 336 335 335 337 342 347 347 342 337 337 334 334 334 333 332 332 331 331 331 331 331 331 331 331 331 331 331 331 331 331 329 330 331 331 330 329 329 329 329 329 329 329
355 360 344 335 338 338 337 337 337 337 337 338 338 333 333 337 338 335 336 335 334 334 336 336 335 336 337 336 337 335 334 335 335 336 336 334 333 335 333 333 335 333 333 334 336 336 337 337 336 335 335 335 340 346 347 347 345 340 337 337 334 334 334 334 334 334 334 333 331 331 331 331 331 331 331 331 330 331 330 329 331 331 331 329 329 329 329 329 329 329 329
340 340 340 335 338 340 338 339 337 337 337 337 336 334 336 337 336 335 337 337 334 334 336 336 335 335 336 336 336 335 335 335 334 335 336 336 333 333 333 333 335 333 335 335 335 335 337 336 336 336 335 337 346 349 344 342 342 340 342 339 337 335 334 334 334 334 333 333 331 330 330 330 330 330 330 330 330 330 330 329 329 330 329 329 329 331 330 329 328 329 330
336 336 336 335 337 336 335 339 339 343 344 339 335 334 336 337 336 335 335 337 337 335 334 336 337 335 335 335 335 337 335 335 335 336 336 337 336 335 333 333 333 333 335 336 335 335 336 335 335 335 336 338 346 346 341 340 339 340 338 337 338 337 337 334 334 333 332 332 331 333 333 332 332 332 332 330 330 330 330 330 330 329 329 330 331 331 331 330 329 328 329
339 337 336 335 335 336 335 335 336 339 339 336 334 334 335 336 335 334 337 337 337 337 335 336 336 336 336 336 337 338 335 335 335 336 336 336 336 336 334 333 333 335 335 335 335 335 335 335 335 336 337 340 349 347 344 341 340 339 337 337 338 338 336 336 333 333 333 333 333 334 335 333 333 332 332 332 331 332 331 330 330 329 331 332 332 332 332 331 330 330 328
350 344 340 337 338 335 335 335 335 334 334 334 334 334 336 336 334 334 335 337 337 337 336 335 335 336 336 336 336 337 338 336 335 335 336 335 336 336 336 335 334 336 335 336 336 335 335 335 335 337 337 339 347 351 348 344 344 342 341 339 337 336 336 336 333 334 336 335 335 335 335 334 335 334 333 332 332 332 331 331 331 331 331 332 331 331 331 331 331 330 329
346 341 339 339 338 338 340 339 338 338 337 336 337 334 337 334 334 336 338 337 335 337 335 334 334 336 336 336 336 336 338 338 336 336 335 335 336 337 337 336 334 334 334 336 336 336 335 335 335 335 337 337 340 347 348 344 342 341 341 339 339 336 336 336 336 336 336 336 335 335 335 334 335 334 333 332 332 331 331 330 331 331 331 331 331 331 331 330 330 329 329
342 339 341 339 339 341 340 340 338 338 338 338 337 335 335 335 336 338 339 338 335 336 335 335 334 334 336 336 337 338 338 338 338 336 336 336 336 337 337 336 337 336 335 336 336 336 336 336 336 338 338 338 340 340 340 342 339 337 337 339 339 336 336 336 336 336 336 335 334 335 335 335 334 334 333 331 331 331 331 330 330 331 331 331 331 331 332 330 330 330 329
344 342 342 341 341 340 340 339 338 338 340 340 337 337 335 334 335 338 339 338 336 338 338 337 334 335 337 339 339 339 338 338 337 338 337 336 336 336 338 337 337 337 336 334 336 336 336 337 338 338 338 338 338 337 340 339 337 337 337 337 337 336 336 336 336 335 335 335 334 334 334 334 334 334 334 334 332 332 331 331 330 330 331 331 331 331 332 332 329 329 329
343 343 342 340 340 341 341 338 338 338 338 338 339 338 337 336 335 338 338 336 336 338 338 337 335 337 338 338 339 339 339 339 339 338 336 337 337 336 336 336 336 336 335 335 336 335 336 337 338 337 336 337 338 338 339 337 337 337 337 336 336 335 335 337 337 336 335 335 335 334 334 334 334 334 334 334 334 332 332 330 330 330 332 332 332 332 332 332 330 329 329
342 342 342 342 340 340 339 339 341 338 337 337 338 339 340 337 336 336 336 337 336 336 338 338 336 337 338 337 337 338 339 339 339 339 339 339 338 336 336 336 336 336 336 334 337 335 336 337 337 336 336 337 338 338 339 339 337 336 336 336 336 336 336 336 337 336 335 335 335 334 333 334 334 334 334 333 333 332 332 330 330 330 331 332 332 332 332 332 330 329 330
342 341 342 341 340 339 341 341 339 339 339 338 338 340 340 340 338 334 335 336 336 336 336 337 336 336 337 337 338 339 339 339 337 339 339 339 339 339 337 337 337 338 337 336 336 335 337 338 336 336 337 338 339 339 339 339 338 336 336 336 336 336 336 336 336 337 335 335 335 335 334 335 335 334 333 334 333 333 332 331 330 330 331 332 332 333 333 332 330 330 330
342 341 340 340 341 341 341 341 341 341 340 340 339 338 340 338 337 338 337 337 338 337 337 336 335 336 338 339 340 340 338 338 337 339 341 341 339 341 339 339 339 338 337 336 336 336 337 337 338 338 338 338 339 339 339 337 337 337 336 336 336 335 336 336 336 336 335 336 336 335 334 333 334 333 333 334 334 333 333 331 331 331 331 331 332 333 333 333 330 330 330
342 341 341 340 342 342 342 339 341 342 341 340 340 338 337 338 338 339 338 337 335 337 339 338 336 337 339 339 341 340 339 337 339 340 341 341 341 341 339 340 339 339 339 338 336 336 338 336 338 338 338 338 337 338 339 337 337 337 337 335 336 335 336 336 336 336 334 335 336 336 334 334 334 333 333 334 333 333 334 331 331 331 331 331 333 333 333 333 330 330 330
342 341 341 341 341 340 340 342 342 342 340 338 338 336 337 338 338 340 338 337 337 337 339 338 338 336 338 340 341 340 338 338 338 340 340 340 342 342 341 339 341 339 339 339 337 336 338 336 338 338 337 338 338 338 340 337 337 336 336 335 335 335 335 336 335 335 337 337 337 336 336 335 334 335 333 334 333 333 334 332 331 331 331 333 333 333 333 332 332 329 329
341 341 340 341 340 340 340 340 340 340 339 339 339 336 339 339 336 337 340 340 340 339 336 337 337 337 337 339 340 338 338 338 338 340 341 342 342 342 340 339 339 339 339 339 339 337 336 336 338 337 338 338 339 339 339 339 338 337 337 336 336 335 335 335 335 335 335 336 336 337 335 335 335 333 332 334 333 332 334 332 330 331 332 332 333 333 333 332 332 331 329
344 343 341 341 340 341 340 340 340 340 339 339 341 341 341 339 339 338 338 340 340 340 337 335 336 337 337 338 339 338 338 338 340 340 342 342 342 342 341 341 340 340 339 339 339 339 336 336 337 337 337 338 338 338 339 340 339 338 338 337 336 335 335 335 335 335 335 336 336 336 335 335 335 335 335 332 333 332 333 333 331 332 332 332 332 334 334 334 332 330 330
344 344 343 343 343 343 343 342 341 341 340 341 341 341 341 341 340 339 338 338 338 340 340 338 338 338 338 339 339 337 340 341 341 341 343 341 341 340 340 340 340 340 340 339 339 338 337 337 336 337 337 337 337 338 339 339 339 339 338 337 337 336 334 334 335 336 336 336 336 336 336 335 335 335 335 334 333 332 333 331 333 333 333 334 334 334 333 334 332 331 330
344 344 344 344 344 344 343 343 341 341 342 342 342 342 342 341 341 340 340 338 338 338 340 340 339 338 338 337 338 339 341 342 342 342 343 342 341 340 340 340 340 340 340 340 340 338 339 339 338 336 336 337 337 339 339 339 339 339 339 339 337 337 336 335 335 336 336 336 336 336 335 334 335 335 335 334 334 333 333 332 333 333 333 335 334 333 333 334 333 332 330
344 345 344 349 350 346 343 343 342 342 341 342 342 342 342 342 340 339 339 338 338 338 340 341 340 340 338 338 338 340 339 341 341 342 343 343 342 341 341 340 340 340 340 340 340 340 339 338 338 338 336 336 337 340 338 339 339 339 339 339 338 337 337 337 334 335 336 336 336 336 335 335 335 334 334 335 334 332 332 332 332 333 334 334 333 333 333 333 333 333 331
350 352 354 363 358 347 343 343 343 343 342 342 341 342 340 340 342 341 341 340 338 338 338 341 341 341 339 337 337 339 340 341 342 343 343 343 342 342 341 341 339 339 340 339 339 340 339 338 340 338 338 338 338 340 338 339 339 338 339 339 338 337 337 337 336 336 336 335 336 336 335 335 335 334 334 335 334 333 332 334 334 334 334 334 334 333 333 333 333 333 332
374 371 369 360 352 347 347 344 343 341 342 342 340 340 340 340 340 341 341 341 340 339 339 338 339 340 340 338 340 341 340 341 342 343 343 342 341 341 342 341 341 339 339 339 339 340 340 339 341 338 338 338 339 340 338 338 338 338 338 338 338 338 337 337 336 336 336 336 336 335 335 335 335 335 334 335 334 333 333 335 335 334 334 334 333 333 333 333 333 332 332
396 393 362 350 347 345 348 346 344 344 343 341 341 340 340 340 341 340 340 340 339 339 340 339 339 339 341 340 339 339 339 341 342 342 342 343 341 341 341 342 341 340 339 339 339 340 340 339 341 339 338 338 338 339 338 338 339 338 338 338 338 338 336 336 336 336 336 337 336 335 335 335 334 334 336 336 334 333 334 335 334 334 333 333 333 334 334 335 333 332 330
382 369 355 347 346 344 344 344 344 343 342 344 343 343 343 343 343 343 342 341 339 339 339 339 340 339 339 340 339 339 341 341 342 342 343 343 342 342 341 342 341 340 339 340 339 342 339 339 339 339 337 337 338 338 337 339 339 339 338 338 337 338 337 336 336 336 337 337 337 336 334 336 334 335 336 336 334 333 334 334 335 334 333 333 334 335 335 335 333 333 331
355 352 351 350 348 345 344 344 344 344 344 344 345 344 345 345 345 343 343 343 342 341 339 338 339 339 339 339 339 339 339 342 341 342 342 342 342 341 341 342 341 341 339 338 340 342 339 339 339 338 338 337 337 337 337 339 339 340 339 337 337 337 337 335 336 337 338 337 337 336 335 334 334 335 335 335 335 332 334 334 334 334 334 333 333 334 335 334 333 333 331
351 348 348 348 347 346 344 344 344 344 346 346 345 346 347 345 345 344 343 342 342 342 340 340 340 340 341 342 341 339 338 340 340 340 341 342 342 342 342 341 341 340 340 338 340 342 341 340 339 339 338 338 337 337 337 338 338 339 339 338 337 337 337 336 337 337 338 337 337 335 335 334 335 335 335 335 335 334 333 334 333 333 334 335 335 336 335 334 333 332 331
355 350 348 348 348 347 348 348 347 347 347 347 347 349 346 346 344 343 343 342 343 342 342 340 340 342 342 343 343 341 341 339 339 341 342 343 342 341 341 341 340 341 338 340 340 342 340 340 341 339 338 340 338 337 337 337 338 339 340 340 338 337 337 336 336 337 338 338 336 336 336 334 336 336 335 335 334 334 334 333 334 335 335 335 335 336 335 334 332 332 331
347 348 348 348 348 348 348 348 347 347 349 349 349 346 345 344 344 344 344 342 344 345 342 342 340 342 344 344 342 342 342 341 340 341 341 342 342 341 341 340 340 339 338 340 340 341 340 339 340 341 340 340 339 338 336 337 338 339 340 338 339 336 337 336 336 338 338 338 338 336 336 335 336 336 335 335 334 334 334 334 334 333 334 335 335 335 335 335 333 332 331
347 347 346 348 348 347 346 347 347 347 347 347 346 344 344 344 344 344 345 345 345 345 343 343 341 343 345 345 343 344 342 342 341 341 340 340 342 342 339 341 340 339 339 340 341 340 340 339 340 339 338 338 339 339 338 336 338 338 338 338 339 339 336 336 337 338 338 338 337 337 335 335 335 335 335 334 334 334 335 335 336 336 335 336 335 335 334 334 334 331 331
