Demos/Rbased/CrashCourse/data/climate_processing/PresentLayers/Shortia_galacifolia/bio_15.asc
NCOLS 523 
NROWS 122 
XLLCORNER -83.2916666667633 
YLLCORNER 34.9749999999364 
CELLSIZE 0.00833333333316142 
NODATA_value -9999 
[rows 0 to 25 of 122, columns 240 to 299 of 523]
-9999 -9999 -9999 -9999 -9999 -9999 -9999 -9999 -9999 -9999 -9999 -9999 -9999 -9999 -9999 -9999 -9999 -9999 -9999 -9999 -9999 -9999 -9999 -9999 -9999 -9999 -9999 -9999 -9999 -9999 -9999 -9999 -9999 -9999 -9999 -9999 -9999 -9999 -9999 -9999 -9999 -9999 -9999 -9999 -9999 -9999 -9999 -9999 -9999 -9999 -9999 -9999 -9999 -9999 -9999 -9999 -9999 -9999 -9999 -9999
-9999 -9999 -9999 -9999 -9999 -9999 -9999 -9999 -9999 -9999 -9999 -9999 -9999 -9999 -9999 -9999 -9999 -9999 -9999 -9999 -9999 -9999 -9999 -9999 -9999 -9999 -9999 -9999 -9999 -9999 -9999 -9999 -9999 -9999 -9999 -9999 -9999 -9999 -9999 -9999 -9999 -9999 -9999 -9999 -9999 -9999 -9999 -9999 -9999 -9999 -9999 -9999 -9999 -9999 -9999 -9999 -9999 -9999 -9999 -9999
-9999 -9999 -9999 -9999 -9999 -9999 -9999 -9999 -9999 -9999 -9999 -9999 -9999 -9999 -9999 -9999 -9999 -9999 -9999 -9999 -9999 -9999 -9999 -9999 -9999 -9999 -9999 -9999 -9999 -9999 -9999 -9999 -9999 -9999 -9999 -9999 -9999 -9999 -9999 -9999 -9999 -9999 -9999 -9999 -9999 -9999 -9999 -9999 -9999 -9999 -9999 -9999 -9999 -9999 -9999 -9999 -9999 -9999 -9999 -9999
-9999 -9999 -9999 -9999 -9999 -9999 -9999 -9999 -9999 -9999 -9999 -9999 -9999 -9999 -9999 -9999 -9999 -9999 -9999 -9999 -9999 -9999 -9999 -9999 -9999 -9999 -9999 -9999 -9999 -9999 -9999 -9999 -9999 -9999 -9999 -9999 -9999 -9999 -9999 -9999 -9999 -9999 -9999 -9999 -9999 -9999 -9999 -9999 -9999 -9999 -9999 -9999 -9999 -9999 -9999 -9999 -9999 -9999 -9999 -9999
-9999 -9999 -9999 -9999 -9999 -9999 -9999 -9999 -9999 -9999 -9999 -9999 -9999 -9999 -9999 -9999 -9999 -9999 -9999 -9999 -9999 -9999 -9999 -9999 -9999 -9999 -9999 -9999 -9999 -9999 -9999 -9999 -9999 -9999 -9999 -9999 -9999 -9999 -9999 -9999 -9999 -9999 -9999 -9999 -9999 -9999 -9999 -9999 -9999 -9999 -9999 -9999 -9999 -9999 -9999 -9999 -9999 -9999 -9999 -9999
-9999 -9999 -9999 -9999 -9999 -9999 -9999 -9999 -9999 -9999 -9999 -9999 -9999 -9999 -9999 -9999 -9999 -9999 -9999 -9999 -9999 -9999 -9999 -9999 -9999 -9999 -9999 -9999 -9999 -9999 -9999 -9999 -9999 -9999 -9999 -9999 -9999 -9999 -9999 -9999 -9999 -9999 -9999 -9999 -9999 -9999 -9999 -9999 -9999 -9999 -9999 -9999 -9999 -9999 -9999 -9999 -9999 -9999 -9999 -9999
-9999 -9999 -9999 -9999 -9999 -9999 -9999 -9999 -9999 -9999 -9999 -9999 -9999 -9999 -9999 -9999 -9999 -9999 -9999 -9999 -9999 -9999 -9999 -9999 -9999 -9999 -9999 -9999 -9999 -9999 -9999 -9999 -9999 -9999 -9999 -9999 -9999 -9999 -9999 -9999 -9999 -9999 -9999 -9999 -9999 9.61190700531006 9.61190700531006 9.58801651000977 9.58801651000977 9.8050594329834 9.74964809417725 9.5053768157959 9.74964809417725 9.74964809417725 9.80588722229004 9.80588722229004 9.77971839904785 9.77971839904785 9.77045631408691 9.87693214416504
-9999 -9999 -9999 -9999 -9999 -9999 -9999 -9999 -9999 -9999 -9999 -9999 -9999 -9999 -9999 -9999 -9999 -9999 -9999 -9999 -9999 -9999 -9999 -9999 -9999 -9999 -9999 -9999 -9999 -9999 -9999 9.45059394836426 9.56228351593018 9.52839279174805 9.61124610900879 9.59355926513672 9.63746547698975 9.70094966888428 9.54900169372559 9.54900169372559 9.54900169372559 9.68060398101807 9.57822513580322 9.68060398101807 9.5373010635376 9.7375955581665 9.75453472137451 9.68360614776611 9.74964809417725 9.65414047241211 9.65414047241211 9.90629577636719 9.84610843658447 9.72979068756104 9.83824253082275 9.77971839904785 9.77971839904785 9.93365859985352 9.77971839904785 9.87693214416504
-9999 -9999 -9999 -9999 -9999 -9999 -9999 -9999 -9999 -9999 -9999 -9999 -9999 -9999 -9999 -9999 -9999 -9999 -9999 9.59421157836914 9.46561717987061 9.64725303649902 9.53859329223633 9.50470542907715 9.64459609985352 9.62672138214111 9.88094425201416 9.60053253173828 9.47295951843262 9.61116027832031 9.58048725128174 9.52839279174805 9.52839279174805 9.54313468933105 9.58139896392822 9.66293239593506 9.54900169372559 9.72610473632812 9.72610473632812 9.78126525878906 9.70773887634277 9.69667053222656 9.7375955581665 9.7375955581665 9.7375955581665 9.75453472137451 9.68378257751465 9.6998405456543 9.6998405456543 9.7886791229248 9.65414047241211 9.74468421936035 9.74468421936035 9.61747741699219 9.72979068756104 9.72979068756104 9.97068786621094 9.93365859985352 9.84610843658447 9.87693214416504
-9999 -9999 -9999 -9999 -9999 -9999 -9999 9.6763801574707 9.72520542144775 9.68994522094727 9.68994522094727 9.64208984375 9.44073390960693 9.50204563140869 9.50204563140869 9.59421157836914 9.36090755462646 9.37289905548096 9.59421157836914 9.59421157836914 9.59421157836914 9.56279277801514 9.40011787414551 9.63336277008057 9.54588031768799 9.67147350311279 9.8123664855957 9.5734281539917 9.55489635467529 9.67147350311279 9.67147350311279 9.45568752288818 9.53214740753174 9.54313468933105 9.56311225891113 9.66293239593506 9.72464942932129 9.69667053222656 9.78937244415283 9.78937244415283 9.7375955581665 9.78937244415283 9.68378257751465 9.78250026702881 9.82180976867676 9.82180976867676 9.85668754577637 9.65516471862793 9.6998405456543 9.65414047241211 9.65414047241211 9.7886791229248 9.6368579864502 9.74468421936035 9.59389400482178 9.72979068756104 9.88638210296631 9.74780559539795 9.93365859985352 9.91414260864258
9.53894233703613 9.76319885253906 9.53591918945312 9.28229522705078 9.2476806640625 9.49424362182617 9.66084098815918 9.6763801574707 9.76601600646973 9.69295978546143 9.74012088775635 9.64157295227051 9.37289905548096 9.59421157836914 9.64157295227051 9.65559387207031 9.55689144134521 9.55689144134521 9.39112854003906 9.59421157836914 9.46671104431152 9.56279277801514 9.47727966308594 9.51580429077148 9.53859329223633 9.60304832458496 9.67147350311279 9.5052547454834 9.5052547454834 9.5052547454834 9.54313468933105 9.7583703994751 9.61296939849854 9.73055171966553 9.58530616760254 9.60105895996094 9.51188945770264 9.85538864135742 9.78250026702881 9.71143054962158 9.84322452545166 9.84061336517334 9.86905002593994 9.86905002593994 9.81437301635742 9.69103717803955 9.6998405456543 9.6998405456543 9.7886791229248 9.7886791229248 9.7886791229248 9.66110801696777 9.73407936096191 9.6368579864502 9.59389400482178 9.59389400482178 9.60199928283691 9.88638210296631 9.68976306915283 9.85079765319824
9.71232414245605 9.54308128356934 9.37509536743164 9.4547290802002 9.43662071228027 9.54308128356934 9.6089916229248 9.6763801574707 9.72520542144775 9.55642795562744 9.72520542144775 9.63964939117432 9.63964939117432 9.64157295227051 9.55689144134521 9.66075325012207 9.66075325012207 9.36448955535889 9.55689144134521 9.59421157836914 9.59421157836914 9.52369976043701 9.51580429077148 9.53859329223633 9.48671531677246 9.49454784393311 9.67147350311279 9.5052547454834 9.79036140441895 9.79036140441895 9.51188945770264 9.78344535827637 9.61791515350342 9.61791515350342 9.82694053649902 9.74302101135254 9.7499828338623 9.7499828338623 9.66299438476562 9.66299438476562 9.54569339752197 9.81437301635742 9.7568359375 9.86905002593994 9.75148296356201 9.75148296356201 9.62129974365234 9.92315864562988 9.81927299499512 9.7886791229248 9.79147052764893 9.98008060455322 9.93365859985352 9.93365859985352 9.79839897155762 9.92423820495605 9.79839897155762 9.82871532440186 9.64727210998535 9.85079765319824
9.68543815612793 9.43285369873047 9.29074001312256 9.34799957275391 9.52158164978027 9.42727088928223 9.6089916229248 9.66769027709961 9.56029224395752 9.69120693206787 9.70039367675781 9.69120693206787 9.62710380554199 9.54139137268066 9.65105152130127 9.66075325012207 9.57880401611328 9.59648036956787 9.59648036956787 9.52369976043701 9.56279277801514 9.59648036956787 9.53859329223633 9.53596878051758 9.7775993347168 9.44931411743164 9.64534664154053 9.49739360809326 9.55736351013184 9.81182956695557 9.69951152801514 9.79956150054932 9.79956150054932 9.88246822357178 9.79618453979492 9.84061336517334 9.78250026702881 9.66299438476562 9.66299438476562 9.78250026702881 9.78250026702881 9.78242969512939 9.75148296356201 9.75148296356201 9.75148296356201 9.62129974365234 9.75148296356201 9.75148296356201 9.62751865386963 9.79147052764893 9.62751865386963 9.84378242492676 9.84378242492676 9.84378242492676 9.69162464141846 9.97896385192871 9.96329784393311 9.9218864440918 9.85079765319824 9.75531196594238
9.73699283599854 9.48911476135254 9.37124824523926 9.40322113037109 9.31095600128174 9.52158164978027 9.54308128356934 9.67678356170654 9.68175601959229 9.78532218933105 9.7576789855957 9.56999969482422 9.54139137268066 9.69120693206787 9.76710891723633 9.57543087005615 9.57543087005615 9.6539306640625 9.56740379333496 9.47110843658447 9.62211036682129 9.57667541503906 9.5175895690918 9.55141162872314 9.55141162872314 9.61844062805176 9.7236385345459 9.69468975067139 9.49739360809326 9.55736351013184 9.69260787963867 9.55854320526123 9.63943958282471 9.55854320526123 9.74304866790771 9.77084350585938 9.84061336517334 9.84061336517334 9.84322452545166 9.84322452545166 9.62368106842041 9.84322452545166 9.84322452545166 9.78718757629395 9.71104145050049 9.75148296356201 9.8693733215332 9.70110130310059 9.72676753997803 9.72676753997803 9.70110130310059 9.62751865386963 9.90536880493164 9.84378242492676 9.69162464141846 9.82141590118408 9.96329784393311 9.9218864440918 9.76918506622314 9.80984687805176
9.73699283599854 9.54760456085205 9.58915233612061 9.52158164978027 9.27407646179199 9.19561958312988 9.41438961029053 9.64426040649414 9.46311569213867 9.78532218933105 9.7576789855957 9.69120693206787 9.69120693206787 9.6539306640625 9.84010219573975 9.73183727264404 9.5175895690918 9.56740379333496 9.56740379333496 9.62211036682129 9.55022430419922 9.5175895690918 9.5264949798584 9.67147350311279 9.67147350311279 9.61844062805176 9.60216522216797 9.60216522216797 9.60216522216797 9.55736351013184 9.69951152801514 9.69951152801514 9.63943958282471 9.55854320526123 9.59295749664307 9.74536228179932 9.66110897064209 9.71899890899658 9.57854557037354 9.6024751663208 9.55367565155029 9.69637393951416 9.55367565155029 9.79653453826904 9.73522472381592 9.73522472381592 9.84598350524902 9.82234001159668 9.77924728393555 9.77924728393555 9.74198246002197 9.70110130310059 9.74366855621338 9.95990943908691 9.83904266357422 9.79839897155762 9.77669811248779 9.89782905578613 9.89782905578613 9.89782905578613
9.65605926513672 9.60727024078369 9.54760456085205 9.62861824035645 9.68313026428223 9.56760311126709 9.470627784729 9.54400157928467 9.56029224395752 9.73346614837646 9.8435230255127 9.69120693206787 9.57632732391357 9.82284355163574 9.84010219573975 9.58437538146973 9.64085292816162 9.56740379333496 9.5079231262207 9.40023231506348 9.58437538146973 9.55141162872314 9.5264949798584 9.5834903717041 9.57851409912109 9.60216522216797 9.60216522216797 9.74839305877686 9.74839305877686 9.69267272949219 9.58530616760254 9.58530616760254 9.66293239593506 9.69260787963867 9.69260787963867 9.5402307510376 9.5402307510376 9.74536228179932 9.59693813323975 9.7707691192627 9.63819599151611 9.55367565155029 9.55367565155029 9.79653453826904 9.90820121765137 9.77700710296631 9.69035339355469 9.75656986236572 9.70110130310059 9.760666847229 9.760666847229 9.87607288360596 9.72428894042969 9.72428894042969 9.95990943908691 9.94148349761963 9.94148349761963 9.89782905578613 9.89782905578613 9.75450420379639
9.71818161010742 9.75045776367188 9.63285160064697 9.61083889007568 9.68506240844727 9.55266189575195 9.55266189575195 9.55266189575195 9.4899377822876 9.68756771087646 9.7769718170166 9.71610450744629 9.7769718170166 9.7769718170166 9.82284355163574 9.82284355163574 9.71610450744629 9.58437538146973 9.58437538146973 9.58189392089844 9.55141162872314 9.60945510864258 9.71661853790283 9.71661853790283 9.74839305877686 9.74839305877686 9.74839305877686 9.74839305877686 9.61026000976562 9.61296939849854 9.72214221954346 9.69421005249023 9.74724102020264 9.69260787963867 9.5402307510376 9.7707691192627 9.7707691192627 9.62377071380615 9.7707691192627 9.7707691192627 9.61607456207275 9.73961353302002 9.90820121765137 9.90820121765137 9.69035339355469 9.66875076293945 9.64622211456299 9.64622211456299 9.77992916107178 9.93349838256836 9.74366855621338 9.92633247375488 9.9034538269043 9.85090255737305 9.85090255737305 9.70294189453125 9.85090255737305 9.70294189453125 9.66086578369141 9.81215476989746
9.6730432510376 9.78532218933105 9.63285160064697 9.6667423248291 9.6667423248291 9.6667423248291 9.48006439208984 9.63167572021484 9.54093551635742 9.4899377822876 9.8402681350708 9.73435497283936 9.59984970092773 9.7769718170166 9.75971031188965 9.80060577392578 9.73544883728027 9.69686222076416 9.71661853790283 9.61376190185547 9.71610450744629 9.56136989593506 9.61376190185547 9.63605117797852 9.74839305877686 9.73296356201172 9.85690784454346 9.74839305877686 9.72846984863281 9.69260787963867 9.61026000976562 9.69260787963867 9.66293239593506 9.54900169372559 9.69260787963867 9.5402307510376 9.65286159515381 9.83298873901367 9.61348628997803 9.76843452453613 9.85242652893066 9.82385444641113 9.73194694519043 9.86477470397949 9.72023773193359 9.86477470397949 9.70883369445801 9.68478298187256 9.68478298187256 9.68478298187256 9.89493370056152 9.69245910644531 9.85332870483398 9.85090255737305 9.96990966796875 9.85090255737305 9.94148349761963 9.89782905578613 9.88438415527344 9.81215476989746
9.73900985717773 9.72801303863525 9.72801303863525 9.54093551635742 9.68376922607422 9.77397155761719 9.67155265808105 9.54093551635742 9.77397155761719 9.66960525512695 9.69158458709717 9.62897491455078 9.62897491455078 9.48830032348633 9.62741851806641 9.73748779296875 9.75971031188965 9.69686222076416 9.73544883728027 9.73544883728027 9.59674167633057 9.59674167633057 9.61092758178711 9.85690784454346 9.72908878326416 9.58935546875 9.85690784454346 9.85690784454346 9.75205230712891 9.72846984863281 9.54900169372559 9.70397853851318 9.70397853851318 9.70397853851318 9.54900169372559 9.67856788635254 9.65286159515381 9.62377071380615 9.7707691192627 9.62506484985352 9.82385444641113 9.88767242431641 9.82385444641113 9.86682987213135 9.70883369445801 9.81052684783936 9.81052684783936 9.81052684783936 9.81052684783936 9.89493370056152 9.89493370056152 9.655592918396 9.68599414825439 9.66640090942383 9.96990966796875 9.85090255737305 9.83564949035645 9.83564949035645 9.68549919128418 9.97806072235107
9.68422794342041 9.81886100769043 9.81886100769043 9.6319465637207 9.6319465637207 9.73517990112305 9.64510726928711 9.64510726928711 9.66960525512695 9.64534759521484 9.79468536376953 9.7125825881958 9.7125825881958 9.73748779296875 9.80060577392578 9.78541660308838 9.76675891876221 9.82910823822021 9.85069561004639 9.73544883728027 9.59255886077881 9.61376190185547 9.83877277374268 9.72908878326416 9.73296356201172 9.6549072265625 9.72908878326416 9.80228900909424 9.74867248535156 9.70397853851318 9.81616306304932 9.73537635803223 9.63311862945557 9.56856822967529 9.79041767120361 9.79041767120361 9.79041767120361 9.62377071380615 9.67283248901367 9.54058361053467 9.61740016937256 9.67413520812988 9.88767242431641 9.86682987213135 9.84508514404297 9.80275917053223 9.81052684783936 9.72146606445312 9.72146606445312 9.81052684783936 9.655592918396 9.655592918396 9.63418197631836 9.7574462890625 9.90278720855713 9.83564949035645 9.70294189453125 9.81365489959717 9.81365489959717 9.85217380523682
9.58328151702881 9.77018547058105 9.91497325897217 9.83133316040039 9.85643100738525 9.6319465637207 9.6319465637207 9.6319465637207 9.69002628326416 9.7464427947998 9.75971031188965 9.98058319091797 10.0324945449829 9.78541660308838 9.70330810546875 9.80322360992432 9.90920257568359 9.74724102020264 9.70863437652588 9.59255886077881 9.59255886077881 9.67231369018555 9.72214221954346 9.82910823822021 9.76815795898438 9.72908878326416 9.72214221954346 9.6469783782959 9.69496917724609 9.58435726165771 9.81616306304932 9.81616306304932 9.70846271514893 9.64425373077393 9.56856822967529 9.66149997711182 9.56856822967529 9.8116283416748 9.76386547088623 9.54058361053467 9.54058361053467 9.88767242431641 9.84508514404297 9.82715606689453 9.75258731842041 9.87699794769287 9.87699794769287 9.85727310180664 9.95586395263672 9.69946098327637 9.79811191558838 9.73473262786865 9.84526824951172 9.7574462890625 9.87006950378418 9.88686943054199 9.83564949035645 9.81365489959717 9.83564949035645 9.69711399078369
9.68422794342041 9.74492168426514 9.71755981445312 9.62524890899658 9.73044204711914 9.89261436462402 9.73044204711914 9.68805599212646 9.68805599212646 9.83133316040039 9.83133316040039 9.60864162445068 9.83133316040039 9.59255886077881 9.59255886077881 9.91029644012451 9.70601940155029 9.70863437652588 10.0084180831909 9.63115119934082 9.67598724365234 9.82910823822021 9.94179630279541 9.86816787719727 9.63540649414062 9.67598724365234 9.6469783782959 9.71930503845215 9.57714080810547 9.6469783782959 9.57714080810547 9.68780136108398 9.70846271514893 9.81256484985352 9.7077465057373 9.7077465057373 9.78867626190186 9.68175792694092 9.76386547088623 9.76386547088623 9.68175792694092 9.54058361053467 9.66465473175049 9.84508514404297 9.9625997543335 9.59720325469971 9.87699794769287 9.82141590118408 9.95586395263672 9.8218297958374 9.803955078125 9.90603160858154 9.74415969848633 9.84526824951172 9.71107292175293 9.6570291519165 9.80282211303711 9.80282211303711 9.94674968719482 9.81365489959717
9.93651580810547 9.93651580810547 9.91882038116455 9.86636161804199 9.6319465637207 9.74066734313965 9.6980152130127 9.83133316040039 9.6980152130127 9.62897491455078 9.73828983306885 9.83133316040039 9.6980152130127 9.61376190185547 9.7732572555542 9.91029644012451 9.56711292266846 9.63540649414062 10.0084180831909 10.0084180831909 9.65613651275635 9.89216423034668 9.59449291229248 9.65613651275635 9.7511682510376 9.59449291229248 9.71930503845215 9.63937187194824 9.63937187194824 9.57714080810547 9.72006130218506 9.62717723846436 9.66149997711182 9.72692489624023 9.76156616210938 9.7077465057373 9.75904560089111 9.60787963867188 9.75904560089111 9.60787963867188 9.83319759368896 9.54058361053467 9.66465473175049 9.9625997543335 9.80094051361084 9.85727310180664 9.97873878479004 9.83664035797119 9.79811191558838 9.803955078125 9.803955078125 9.803955078125 9.93018913269043 9.87165260314941 9.87165260314941 9.64283275604248 9.64283275604248 9.93142223358154 9.91559886932373 9.94674968719482
9.81886100769043 9.77348136901855 9.73346614837646 9.79401874542236 9.92118453979492 9.74066734313965 9.87966346740723 9.6980152130127 9.92286682128906 9.68633079528809 9.6980152130127 9.6980152130127 9.6980152130127 9.75223350524902 9.57091331481934 9.70601940155029 9.7732572555542 9.77841281890869 9.95967864990234 9.93128681182861 9.7511682510376 9.67209053039551 9.59449291229248 9.59449291229248 9.59449291229248 9.67209053039551 9.72006130218506 9.75375747680664 9.63937187194824 9.57714080810547 9.49669647216797 9.68780136108398 9.66149997711182 9.72692489624023 9.57238388061523 9.71899890899658 9.66718864440918 9.64186096191406 9.68175792694092 9.90676879882812 9.90676879882812 9.60787963867188 9.76599216461182 9.85936832427979 9.85936832427979 9.66617393493652 9.66617393493652 9.97873878479004 9.71567726135254 9.93581581115723 9.79811191558838 9.93018913269043 9.93018913269043 9.91101455688477 9.71645545959473 9.89889049530029 9.88128662109375 9.69661808013916 9.72655391693115 9.59648513793945
9.69158458709717 9.74492168426514 9.74492168426514 9.65808486938477 9.79401874542236 9.94869804382324 9.72622776031494 9.65808486938477 9.88357353210449 9.6980152130127 9.6980152130127 9.75223350524902 9.75223350524902 9.6980152130127 9.83001613616943 9.7732572555542 9.71229648590088 9.72878360748291 9.72878360748291 9.95967864990234 9.88297176361084 9.67209053039551 9.67209053039551 9.67209053039551 9.72006130218506 9.72006130218506 9.70624256134033 9.76378631591797 9.70624256134033 9.87338638305664 9.75375747680664 9.846266746521 9.71524810791016 9.846266746521 9.78210544586182 9.846266746521 9.57238388061523 9.6024751663208 9.64186096191406 9.85972595214844 9.76483726501465 9.85936832427979 9.92909336090088 9.73933601379395 9.85936832427979 9.59720325469971 9.97873878479004 9.97873878479004 9.97873878479004 9.85571098327637 9.59203433990479 9.803955078125 9.58495903015137 9.87165260314941 9.71645545959473 9.77601432800293 9.77601432800293 9.80890083312988 9.59648513793945 9.89655494689941
9.70670032501221 9.8200626373291 9.65808486938477 9.74421787261963 9.75241088867188 9.59648036956787 9.59648036956787 9.71057796478271 9.80854511260986 9.6980152130127 9.91602420806885 9.91602420806885 9.75925636291504 9.87836647033691 9.81040668487549 9.7732572555542 9.7732572555542 9.70601940155029 9.7732572555542 9.79441547393799 9.74207019805908 9.69915008544922 9.717698097229 9.85006046295166 9.85006046295166 9.85006046295166 9.85006046295166 9.74459552764893 9.74459552764893 9.76378631591797 9.71524810791016 9.61637115478516 9.61637115478516 9.71524810791016 9.846266746521 9.71524810791016 9.66718864440918 9.64186096191406 9.64186096191406 9.81519985198975 9.73933601379395 9.9146785736084 9.80822658538818 9.77226638793945 9.70767688751221 9.77226638793945 9.72386837005615 9.70525646209717 9.95773410797119 9.95773410797119 9.89372444152832 9.89372444152832 9.7574462890625 9.74195194244385 9.74195194244385 9.88128662109375 9.90867233276367 9.85996437072754 9.93297004699707 9.96226406097412
