Demos/Rbased/CrashCourse/data/climate_processing/PresentLayers/Shortia_galacifolia/bio_15.asc
NCOLS 603 
NROWS 190 
XLLCORNER -83.7416666666667 
YLLCORNER 34.6416666666666 
CELLSIZE 0.00833333333333332 
NODATA_value -9999 
[rows 88 to 109 of 190, columns 480 to 527 of 603]
14.3648242950439 14.3549461364746 14.3549461364746 14.465651512146 14.3212766647339 14.465651512146 14.465651512146 14.4274635314941 14.4274635314941 14.4889755249023 14.6515512466431 14.6515512466431 14.6515512466431 14.7343320846558 14.86097240448 14.8418464660645 14.8418464660645 14.86097240448 14.9362640380859 14.9040441513062 14.9176092147827 14.9176092147827 14.9362640380859 14.9362640380859 14.7977876663208 14.9657974243164 14.9110126495361 14.9110126495361 14.9754095077515 15.1178073883057 14.9110126495361 14.9613780975342 15.1844472885132 14.9927930831909 15.0484323501587 15.0484323501587 15.0489492416382 15.0484323501587 15.0484323501587 15.0489492416382 15.0986623764038 15.135645866394 15.0144100189209 14.9864511489868 15.0621643066406 15.0100402832031 14.9864511489868 15.0108995437622
14.26637840271 14.4357967376709 14.3549461364746 14.4580116271973 14.465651512146 14.3212766647339 14.5384101867676 14.5763702392578 14.5763702392578 14.7920122146606 14.6500082015991 14.9443035125732 14.9443035125732 14.9443035125732 14.9443035125732 14.8516387939453 14.9443035125732 14.9913644790649 15.0271301269531 14.8881492614746 15.0271301269531 15.0551843643188 14.9657974243164 15.1210737228394 15.074517250061 14.9657974243164 14.9657974243164 14.9040441513062 15.0983304977417 15.142276763916 15.0983304977417 15.1844472885132 14.9613780975342 15.076678276062 15.076678276062 15.1087799072266 15.191367149353 15.076678276062 15.0986623764038 15.0489492416382 15.1347484588623 15.2222719192505 15.1596183776855 15.1660356521606 15.2813282012939 15.2813282012939 15.0108995437622 15.0108995437622
14.26637840271 14.4357967376709 14.5082330703735 14.516508102417 14.6000537872314 14.7516374588013 14.8003740310669 14.6883602142334 14.7920122146606 14.7920122146606 14.7920122146606 14.6500082015991 14.9914846420288 14.9443035125732 14.8516387939453 14.7104063034058 14.8516387939453 14.8516387939453 14.9600791931152 14.9600791931152 15.0732345581055 15.0551843643188 15.1210737228394 15.1210737228394 15.0924558639526 15.2029972076416 15.2029972076416 15.2029972076416 15.0659284591675 15.3938760757446 15.2837018966675 15.1475210189819 15.1394958496094 15.2299928665161 15.0975027084351 15.0975027084351 15.334623336792 15.1351652145386 15.1351652145386 15.1351652145386 15.1731729507446 15.3147230148315 15.2720708847046 15.2813282012939 15.1669855117798 15.3085832595825 15.2813282012939 15.1506977081299
14.5330829620361 14.5330829620361 14.6706924438477 14.8003740310669 14.8003740310669 14.7516374588013 14.7516374588013 14.7516374588013 14.8003740310669 14.8003740310669 14.8096189498901 14.9629745483398 14.9629745483398 14.8516387939453 14.6500082015991 14.7540035247803 14.8150081634521 14.8516387939453 15.045729637146 15.0732345581055 15.0924558639526 15.0440015792847 14.9560089111328 15.045729637146 15.0930271148682 15.1178073883057 15.1178073883057 15.1178073883057 15.0659284591675 15.2837018966675 15.3698425292969 15.1937084197998 15.2299928665161 15.0975027084351 15.2299928665161 15.3128843307495 15.2813282012939 15.2813282012939 15.2222719192505 15.3141384124756 15.3141384124756 15.313027381897 15.313027381897 15.4247045516968 15.4247045516968 15.2837018966675 15.2813282012939 15.2582712173462
14.5330829620361 14.7288856506348 14.7288856506348 14.5869722366333 14.5869722366333 14.8003740310669 14.8003740310669 14.7516374588013 14.9113273620605 14.8292360305786 14.9113273620605 14.9113273620605 14.9975929260254 14.9629745483398 14.9629745483398 14.8232049942017 15.0033445358276 14.9629745483398 15.0924558639526 15.0924558639526 15.0732345581055 15.1178073883057 15.1049518585205 15.1178073883057 15.045729637146 15.0903205871582 15.1178073883057 15.0903205871582 15.0903205871582 15.111515045166 15.1937084197998 15.2860746383667 15.1354694366455 15.1354694366455 15.3511114120483 15.3073263168335 15.4613571166992 15.4613571166992 15.4366416931152 15.4446420669556 15.2895202636719 15.4816741943359 15.425106048584 15.2582712173462 15.4247045516968 15.2813282012939 15.1506977081299 15.2582712173462
14.3889675140381 14.3889675140381 14.4256277084351 14.4300136566162 14.4436054229736 14.4436054229736 14.8003740310669 14.8003740310669 14.8292360305786 14.904465675354 14.904465675354 14.9113273620605 14.9864511489868 15.0924558639526 15.0924558639526 15.1149282455444 15.1149282455444 15.273265838623 15.0924558639526 15.2262306213379 15.1568565368652 15.1423053741455 15.1423053741455 15.3042726516724 15.3042726516724 15.3042726516724 15.2400226593018 15.2400226593018 15.4134016036987 15.4134016036987 15.1937084197998 15.4134016036987 15.281608581543 15.281608581543 15.3467359542847 15.3948574066162 15.4611701965332 15.4366416931152 15.5926990509033 15.5519618988037 15.4816741943359 15.2461080551147 15.425106048584 15.5437335968018 15.4030609130859 15.4645967483521 15.4515743255615 15.334623336792
14.5485973358154 14.5792980194092 14.8647594451904 14.7288856506348 14.8003740310669 14.8003740310669 14.776894569397 14.954252243042 15.0563278198242 14.9514265060425 15.0563278198242 15.1149282455444 15.1149282455444 15.1149282455444 15.1974925994873 15.2460060119629 15.2262306213379 15.2460060119629 15.2262306213379 15.2434682846069 15.117166519165 15.1423053741455 15.1423053741455 15.2205953598022 15.2785558700562 15.2785558700562 15.3886051177979 15.4134016036987 15.1970958709717 15.281608581543 15.4712829589844 15.4712829589844 15.4712829589844 15.4712829589844 15.5358657836914 15.4370145797729 15.5523014068604 15.4366416931152 15.5696201324463 15.5992383956909 15.3769769668579 15.4645967483521 15.5992383956909 15.4645967483521 15.44322681427 15.5358657836914 15.4515743255615 15.4515743255615
14.6302490234375 14.6302490234375 14.5792980194092 14.9728803634644 14.9188766479492 14.9318428039551 14.8783721923828 14.8783721923828 14.9514265060425 14.9514265060425 15.0913782119751 15.0913782119751 15.0913782119751 15.1752901077271 15.273265838623 15.2029972076416 15.3637351989746 15.3637351989746 15.1951570510864 15.1951570510864 15.117166519165 15.1423053741455 15.1951570510864 15.2785558700562 15.2785558700562 15.3886051177979 15.3297653198242 15.4134016036987 15.183741569519 15.281608581543 15.3886051177979 15.4712829589844 15.4712829589844 15.7863006591797 15.7410717010498 15.5519618988037 15.6847810745239 15.639723777771 15.5519618988037 15.5810585021973 15.3769769668579 15.639723777771 15.5838785171509 15.6755685806274 15.5810585021973 15.6530828475952 15.6530828475952 15.4515743255615
14.8443336486816 14.8443336486816 14.7227468490601 14.7227468490601 14.7227468490601 14.8783721923828 14.8783721923828 14.9514265060425 14.9514265060425 14.9514265060425 14.9514265060425 15.0913782119751 15.0913782119751 15.2507429122925 15.2029972076416 15.1507453918457 15.2507429122925 15.2507429122925 15.1951570510864 15.2695455551147 15.2695455551147 15.3473978042603 15.2785558700562 15.2785558700562 15.538631439209 15.3470268249512 15.3718452453613 15.3876466751099 15.538631439209 15.4712829589844 15.4712829589844 15.4712829589844 15.6346340179443 15.7863006591797 15.8731393814087 15.7863006591797 15.7863006591797 15.7410717010498 15.7863006591797 15.5810585021973 15.6678771972656 15.639723777771 15.7308292388916 15.5605897903442 15.4312610626221 15.7922143936157 15.7922143936157 -9999
14.7540035247803 14.7540035247803 14.7735786437988 14.7735786437988 14.7024517059326 14.8585500717163 14.9698324203491 14.9698324203491 15.0710821151733 15.0710821151733 15.0710821151733 15.133358001709 15.3637351989746 15.4532022476196 15.2846145629883 15.1659259796143 15.2890748977661 15.3473978042603 15.2695455551147 15.2091960906982 15.2695455551147 15.3473978042603 15.4554615020752 15.4554615020752 15.4554615020752 15.4967622756958 15.3718452453613 15.3718452453613 15.538631439209 15.4712829589844 15.6346340179443 15.6143255233765 15.8731393814087 15.8745126724243 15.8731393814087 15.7006559371948 15.7863006591797 15.7863006591797 15.7863006591797 15.6957654953003 15.7863006591797 15.8771600723267 15.9363927841187 15.6388750076294 15.9363927841187 -9999 -9999 -9999
14.9099197387695 14.9099197387695 14.8479681015015 14.9099197387695 15.1262788772583 14.9698324203491 14.9698324203491 15.2255449295044 15.2255449295044 15.2255449295044 15.2255449295044 15.2255449295044 15.2255449295044 15.5844945907593 15.0866107940674 15.2091960906982 15.2695455551147 15.3284149169922 15.2091960906982 15.250994682312 15.250994682312 15.3473978042603 15.3578300476074 15.4365148544312 15.4967622756958 15.4967622756958 15.3502063751221 15.4967622756958 15.662859916687 15.662859916687 15.7648305892944 15.7006559371948 15.9183473587036 15.9183473587036 15.7863006591797 15.7006559371948 15.7863006591797 15.7863006591797 15.858847618103 15.7383127212524 15.6801977157593 15.8881139755249 -9999 -9999 -9999 -9999 -9999 -9999
15.0507612228394 15.0507612228394 15.0507612228394 15.1262788772583 15.1262788772583 15.1262788772583 15.2255449295044 15.2255449295044 15.2255449295044 15.2255449295044 15.2255449295044 15.2255449295044 15.2255449295044 15.2255449295044 15.2846145629883 15.2091960906982 15.2091960906982 15.2091960906982 15.250994682312 15.3837280273438 15.3296709060669 15.3578300476074 15.4014863967896 15.4365148544312 15.3502063751221 15.3502063751221 15.4967622756958 15.662859916687 15.662859916687 15.7648305892944 15.8509492874146 15.9831228256226 16.0237712860107 15.8509492874146 15.8939609527588 15.8939609527588 15.7863006591797 15.7863006591797 15.9217739105225 16.0355319976807 -9999 -9999 -9999 -9999 -9999 -9999 -9999 -9999
15.0507612228394 15.0507612228394 15.0007257461548 15.0729904174805 15.0007257461548 15.2255449295044 15.2255449295044 15.2255449295044 15.2255449295044 15.1301317214966 15.0866107940674 15.2255449295044 15.2255449295044 15.2255449295044 15.1909036636353 15.2333669662476 15.4055080413818 15.4512281417847 15.534441947937 15.5550079345703 15.5888843536377 15.5550079345703 15.4014863967896 15.5020551681519 15.4815063476562 15.6337642669678 15.5801448822021 15.7853116989136 15.8076477050781 15.8076477050781 15.9831228256226 16.0677318572998 15.8939609527588 15.8939609527588 16.0059070587158 15.8939609527588 15.9795989990234 -9999 -9999 -9999 -9999 -9999 -9999 -9999 -9999 -9999 -9999 -9999
14.9530591964722 15.0507612228394 15.0507612228394 15.0507612228394 15.0503311157227 15.0996541976929 15.2255449295044 15.0866107940674 15.3350563049316 15.3350563049316 15.2876129150391 15.3691968917847 15.3888530731201 15.3888530731201 15.3888530731201 15.3888530731201 15.3888530731201 15.534441947937 15.534441947937 15.5103454589844 15.5888843536377 15.4014863967896 15.4014863967896 15.4815063476562 15.6491975784302 15.8561086654663 15.9374914169312 15.8076477050781 16.0261249542236 16.0261249542236 16.0677318572998 15.8939609527588 15.8939609527588 15.8939609527588 15.8939609527588 -9999 -9999 -9999 -9999 -9999 -9999 -9999 -9999 -9999 -9999 -9999 -9999 -9999
15.1111183166504 15.081337928772 15.250994682312 15.2064447402954 15.2064447402954 15.4186592102051 15.2064447402954 15.2064447402954 15.2064447402954 15.2876129150391 15.5682992935181 15.5682992935181 15.4352321624756 15.3888530731201 15.3888530731201 15.4352321624756 15.4156494140625 15.4014863967896 15.534441947937 15.534441947937 15.534441947937 15.4449167251587 15.4406309127808 15.6337642669678 15.8561086654663 15.9374914169312 16.0925979614258 16.0925979614258 16.177864074707 16.0464210510254 16.0464210510254 15.8939609527588 -9999 -9999 -9999 -9999 -9999 -9999 -9999 -9999 -9999 -9999 -9999 -9999 -9999 -9999 -9999 -9999
15.0997219085693 15.0997219085693 15.1261911392212 15.1261911392212 15.2064447402954 15.1958112716675 15.2064447402954 15.2064447402954 15.2064447402954 15.4315986633301 15.3350563049316 15.4315986633301 15.4352321624756 15.4156494140625 15.4352321624756 15.4156494140625 15.5124540328979 15.5935401916504 15.5935401916504 15.5935401916504 15.5935401916504 15.5935401916504 15.6630067825317 15.8561086654663 16.070182800293 15.9374914169312 15.9374914169312 15.9374914169312 15.9374914169312 16.0464210510254 -9999 -9999 -9999 -9999 -9999 -9999 -9999 -9999 -9999 -9999 -9999 -9999 -9999 -9999 -9999 -9999 -9999 -9999
15.0989799499512 15.0989799499512 15.102970123291 15.102970123291 15.1141061782837 15.1238718032837 15.1958112716675 15.102970123291 15.2064447402954 15.2858428955078 15.4390296936035 15.5323333740234 15.5927333831787 15.5696315765381 15.6128845214844 15.3776550292969 15.3776550292969 15.5124540328979 15.5124540328979 15.5124540328979 15.5935401916504 15.5935401916504 15.9147891998291 15.9374914169312 15.9374914169312 15.9374914169312 15.9374914169312 -9999 -9999 -9999 -9999 -9999 -9999 -9999 -9999 -9999 -9999 -9999 -9999 -9999 -9999 -9999 -9999 -9999 -9999 -9999 -9999 -9999
14.9683218002319 15.0936861038208 15.2529582977295 15.2613592147827 15.2613592147827 15.2529582977295 15.35400390625 15.2613592147827 15.3581209182739 15.400598526001 15.2655792236328 15.6128845214844 15.5726194381714 15.4758577346802 15.4423208236694 15.3776550292969 15.4236154556274 15.4236154556274 15.4541063308716 15.5935401916504 15.5810604095459 15.6611852645874 15.9147891998291 16.0564498901367 16.1378593444824 -9999 -9999 -9999 -9999 -9999 -9999 -9999 -9999 -9999 -9999 -9999 -9999 -9999 -9999 -9999 -9999 -9999 -9999 -9999 -9999 -9999 -9999 -9999
15.2016744613647 15.2240438461304 15.2304344177246 15.2304344177246 15.3048429489136 15.2529582977295 15.2529582977295 15.400598526001 15.2655792236328 15.2655792236328 15.400598526001 15.400598526001 15.6128845214844 15.500786781311 15.4423208236694 15.4423208236694 15.5787725448608 15.610405921936 15.5810604095459 15.7133407592773 15.9582147598267 15.9147891998291 16.1273460388184 -9999 -9999 -9999 -9999 -9999 -9999 -9999 -9999 -9999 -9999 -9999 -9999 -9999 -9999 -9999 -9999 -9999 -9999 -9999 -9999 -9999 -9999 -9999 -9999 -9999
15.2240438461304 15.0936164855957 15.1883955001831 15.0936164855957 15.2970581054688 15.393536567688 15.393536567688 15.393536567688 15.3132200241089 15.4711751937866 15.5688228607178 15.4248609542847 15.7144622802734 15.5235328674316 15.5235328674316 15.5235328674316 15.5995092391968 15.6575555801392 15.738133430481 15.8696327209473 -9999 -9999 -9999 -9999 -9999 -9999 -9999 -9999 -9999 -9999 -9999 -9999 -9999 -9999 -9999 -9999 -9999 -9999 -9999 -9999 -9999 -9999 -9999 -9999 -9999 -9999 -9999 -9999
15.0932817459106 15.3445816040039 15.3463191986084 15.2240438461304 15.3416986465454 15.3463191986084 15.5996770858765 15.4711751937866 15.4711751937866 15.5420846939087 15.4248609542847 15.5590333938599 15.850209236145 15.732479095459 15.6133413314819 15.5995092391968 15.6575555801392 16.0257625579834 -9999 -9999 -9999 -9999 -9999 -9999 -9999 -9999 -9999 -9999 -9999 -9999 -9999 -9999 -9999 -9999 -9999 -9999 -9999 -9999 -9999 -9999 -9999 -9999 -9999 -9999 -9999 -9999 -9999 -9999
15.247540473938 15.2897930145264 15.3404636383057 15.3416986465454 15.3445816040039 15.3416986465454 15.3952331542969 15.3463191986084 15.4455394744873 15.4673366546631 15.6133413314819 15.5528135299683 15.6517772674561 15.5235328674316 15.5688228607178 -9999 -9999 -9999 -9999 -9999 -9999 -9999 -9999 -9999 -9999 -9999 -9999 -9999 -9999 -9999 -9999 -9999 -9999 -9999 -9999 -9999 -9999 -9999 -9999 -9999 -9999 -9999 -9999 -9999 -9999 -9999 -9999 -9999
