Demos/Rbased/CrashCourse/data/climate_processing/PresentLayers/Shortia_galacifolia/bio_9.asc
NCOLS 523 
NROWS 122 
XLLCORNER -83.2916666667633 
YLLCORNER 34.9749999999364 
CELLSIZE 0.00833333333316142 
NODATA_value -9999 
[rows 27 to 53 of 122, columns 300 to 359 of 523]
9.75 9.75 9.75 9.76666641235352 9.78333377838135 9.78333377838135 9.80000019073486 9.81666660308838 9.81666660308838 9.80000019073486 6.03333330154419 6.01666688919067 6.03333330154419 6.05000019073486 6.08333349227905 6.09999990463257 6.15000009536743 6.16666650772095 6.16666650772095 6.16666650772095 6.13333368301392 6.11666679382324 6.09999990463257 6.09999990463257 6.13333368301392 6.13333368301392 6.13333368301392 6.13333368301392 6.15000009536743 6.16666650772095 6.18333339691162 6.23333311080933 6.23333311080933 6.25 6.26666641235352 6.26666641235352 6.25 6.28333330154419 6.28333330154419 6.26666688919067 6.29999971389771 6.25 6.25 6.21666669845581 6.21666669845581 6.21666669845581 6.25 6.25 6.26666641235352 6.29999971389771 6.29999971389771 6.26666641235352 6.29999971389771 10.0833330154419 10.1000003814697 10.1499996185303 10.1833333969116 10.1666669845581 10.1999998092651 10.1833333969116
9.75 9.73333358764648 9.73333358764648 9.76666641235352 9.76666641235352 9.80000019073486 9.80000019073486 9.81666660308838 9.81666660308838 6.01666688919067 6.01666688919067 6.05000019073486 6.05000019073486 6.08333349227905 6.09999990463257 6.15000009536743 6.16666650772095 6.18333339691162 6.15000009536743 6.15000009536743 6.13333368301392 6.13333368301392 6.13333368301392 6.15000009536743 6.16666650772095 6.18333339691162 6.16666650772095 6.15000009536743 6.18333339691162 6.23333311080933 6.23333311080933 6.18333339691162 6.18333339691162 6.26666641235352 6.21666669845581 6.23333358764648 6.23333358764648 6.25 6.28333330154419 6.31666660308838 6.29999971389771 6.26666688919067 6.25 6.26666688919067 6.25 6.25 6.25 6.25 6.28333330154419 6.28333330154419 6.33333301544189 6.33333301544189 6.36666631698608 10.1333332061768 10.1333332061768 10.1999998092651 10.1999998092651 10.1999998092651 10.2166662216187 10.1833333969116
9.76666641235352 9.76666641235352 9.78333377838135 9.80000019073486 9.81666660308838 9.80000019073486 9.81666660308838 9.83333396911621 9.83333396911621 9.83333396911621 6.05000019073486 9.88333320617676 6.13333320617676 6.09999990463257 6.15000009536743 6.16666650772095 6.15000009536743 6.13333368301392 6.13333368301392 6.13333368301392 6.13333368301392 6.15000009536743 6.18333339691162 6.19999980926514 6.18333339691162 6.21666669845581 6.21666669845581 6.23333311080933 6.23333311080933 6.19999980926514 6.18333339691162 6.18333339691162 6.18333339691162 6.26666641235352 6.28333330154419 6.28333330154419 6.28333330154419 6.28333330154419 6.29999971389771 6.36666679382324 6.33333301544189 6.33333301544189 6.33333301544189 6.31666660308838 6.30000019073486 6.28333330154419 6.31666660308838 6.28333330154419 6.30000019073486 6.30000019073486 6.34999990463257 10.1333332061768 6.36666631698608 10.1833333969116 10.1999998092651 10.2333335876465 10.2333335876465 10.2166662216187 10.2166662216187 10.216667175293
9.78333377838135 9.81666660308838 9.80000019073486 9.83333396911621 9.86666679382324 9.86666679382324 9.86666679382324 9.88333320617676 9.88333320617676 9.88333320617676 9.88333320617676 9.90000057220459 6.09999990463257 6.08333349227905 6.11666679382324 6.15000009536743 6.15000009536743 6.05000019073486 6.13333368301392 6.15000009536743 6.16666698455811 6.16666698455811 6.18333339691162 6.18333339691162 6.21666669845581 6.23333311080933 6.25 6.23333311080933 6.23333311080933 6.18333339691162 6.18333339691162 6.20000028610229 6.25 6.26666641235352 6.23333358764648 6.23333358764648 6.26666641235352 6.31666660308838 6.31666660308838 6.31666660308838 6.36666679382324 6.36666679382324 6.36666679382324 6.33333301544189 6.33333301544189 6.34999990463257 6.36666631698608 6.34999990463257 6.34999990463257 6.34999990463257 6.34999990463257 10.1499996185303 10.216667175293 10.2333335876465 10.2333335876465 10.25 10.2833337783813 10.2666664123535 10.2666664123535 10.25
9.81666660308838 9.81666660308838 9.86666679382324 9.88333320617676 9.88333320617676 9.88333320617676 9.88333320617676 9.86666679382324 9.88333320617676 9.90000057220459 9.90000057220459 9.91666698455811 6.06666660308838 6.10000038146973 6.11666679382324 6.13333320617676 6.16666698455811 6.18333339691162 6.19999980926514 6.18333339691162 6.19999980926514 6.21666669845581 6.21666669845581 6.25 6.26666688919067 6.26666688919067 6.23333311080933 6.23333311080933 6.23333311080933 6.18333339691162 6.20000028610229 6.21666669845581 6.28333330154419 6.26666641235352 6.23333358764648 6.28333330154419 6.28333330154419 6.29999971389771 6.29999971389771 6.29999971389771 6.33333301544189 6.33333301544189 6.33333301544189 6.40000009536743 6.40000009536743 6.36666631698608 6.41666650772095 6.41666650772095 6.38333320617676 6.38333320617676 6.43333339691162 10.1999998092651 10.2333335876465 10.2666664123535 10.2833337783813 10.3166666030884 10.3000001907349 10.283332824707 10.3000001907349 10.25
9.81666660308838 9.81666660308838 9.81666660308838 9.83333396911621 9.83333396911621 9.86666679382324 9.90000057220459 9.83333396911621 9.86666679382324 9.90000057220459 9.91666698455811 9.91666698455811 6.09999990463257 6.11666679382324 6.16666650772095 6.16666698455811 6.18333339691162 6.21666669845581 6.23333311080933 6.23333311080933 6.21666669845581 6.25 6.25 6.28333330154419 6.26666688919067 6.23333311080933 6.23333311080933 6.18333339691162 6.21666669845581 6.28333330154419 6.21666669845581 6.26666641235352 6.26666641235352 6.28333330154419 6.29999971389771 6.29999971389771 6.31666660308838 6.31666660308838 6.33333301544189 6.34999990463257 6.40000009536743 6.36666631698608 6.40000009536743 6.41666650772095 6.43333339691162 6.43333339691162 6.41666650772095 6.41666650772095 6.43333339691162 6.43333339691162 6.45000028610229 10.25 10.2666664123535 10.3166666030884 10.3333330154419 10.3666667938232 10.3166666030884 10.3000001907349 10.3000001907349 10.2666664123535
9.78333377838135 9.80000019073486 9.81666660308838 9.83333396911621 9.83333396911621 9.81666660308838 9.88333320617676 9.91666698455811 9.91666698455811 9.93333339691162 9.93333339691162 9.93333339691162 9.94999980926514 9.96666622161865 9.98333263397217 6.18333339691162 6.19999980926514 6.21666669845581 6.26666641235352 6.25 6.25 6.28333330154419 6.29999971389771 6.29999971389771 6.25 6.26666641235352 6.28333330154419 6.21666669845581 6.23333358764648 6.26666641235352 6.25 6.29999971389771 6.31666660308838 6.31666660308838 6.31666660308838 6.33333349227905 6.38333320617676 6.40000009536743 6.41666650772095 6.40000009536743 6.41666650772095 6.43333339691162 6.43333339691162 6.46666669845581 6.43333339691162 6.41666650772095 6.41666650772095 6.41666650772095 6.44999980926514 6.44999980926514 10.2333335876465 10.2333335876465 10.2666664123535 10.2666664123535 10.3666667938232 10.3999996185303 10.3999996185303 10.3666667938232 10.3499994277954 10.3333330154419
9.78333377838135 9.80000019073486 9.81666660308838 9.81666660308838 9.86666679382324 9.86666679382324 9.89999961853027 9.91666698455811 9.91666698455811 9.91666698455811 9.91666698455811 9.93333339691162 9.94999980926514 9.96666622161865 10.0166664123535 10.0166664123535 6.25 6.26666641235352 6.26666641235352 6.26666641235352 6.28333330154419 6.29999971389771 6.31666660308838 6.28333330154419 6.28333330154419 6.28333330154419 6.26666688919067 6.23333358764648 6.23333358764648 6.25 6.26666688919067 6.31666660308838 6.31666660308838 6.36666679382324 6.40000009536743 6.41666650772095 6.41666650772095 6.44999980926514 6.46666669845581 6.48333311080933 6.48333311080933 6.5 6.48333311080933 6.46666669845581 6.40000009536743 6.41666650772095 6.43333339691162 6.44999980926514 10.1999998092651 10.1833333969116 10.1999998092651 10.25 10.2666664123535 10.3666667938232 10.3666667938232 10.4499998092651 10.4333333969116 10.3166666030884 10.3499994277954 10.3666667938232
9.81666660308838 9.81666660308838 9.83333301544189 9.85000038146973 9.86666679382324 9.86666679382324 9.91666698455811 9.89999961853027 9.88333320617676 9.91666698455811 9.93333339691162 9.93333339691162 9.94999980926514 9.98333263397217 10.0166664123535 10.0166664123535 6.19999980926514 6.21666669845581 6.23333311080933 6.23333311080933 6.28333330154419 6.33333301544189 6.31666660308838 6.31666660308838 6.28333330154419 6.28333330154419 6.28333330154419 6.25 6.25 6.31666660308838 6.31666660308838 6.34999990463257 6.40000009536743 6.41666650772095 6.41666650772095 6.44999980926514 6.5 6.55000019073486 6.55000019073486 6.55000019073486 6.55000019073486 6.55000019073486 6.5 6.5 6.43333339691162 6.43333339691162 6.44999980926514 6.44999980926514 6.44999980926514 6.40000009536743 6.40000009536743 10.2666664123535 10.2833337783813 10.3666667938232 10.4499998092651 10.466667175293 10.4166660308838 10.3666667938232 10.3833332061768 10.3666667938232
9.85000038146973 9.85000038146973 9.86666679382324 9.86666679382324 9.88333320617676 9.89999961853027 9.89999961853027 9.91666698455811 9.91666698455811 9.91666698455811 9.93333339691162 9.94999980926514 9.96666622161865 9.96666622161865 6.18333339691162 6.18333339691162 6.18333339691162 6.21666669845581 6.23333311080933 6.28333330154419 6.29999971389771 6.31666660308838 6.33333349227905 6.31666660308838 6.28333330154419 6.28333330154419 6.29999971389771 6.31666660308838 6.33333301544189 6.33333301544189 6.38333320617676 6.40000009536743 6.43333292007446 6.43333292007446 6.44999980926514 6.55000019073486 6.53333330154419 6.55000019073486 6.55000019073486 6.56666660308838 6.55000019073486 6.51666688919067 6.5 6.5 6.5 6.5 6.48333311080933 6.46666669845581 6.44999980926514 6.44999980926514 6.48333311080933 6.5 10.3666667938232 10.4166660308838 10.466667175293 10.5166664123535 10.4166660308838 10.4166660308838 10.4166660308838 10.3666667938232
9.88333320617676 9.88333320617676 9.88333320617676 9.88333320617676 9.89999961853027 9.89999961853027 9.93333339691162 9.94999980926514 9.96666717529297 9.98333358764648 9.94999980926514 9.94999980926514 9.94999980926514 9.98333358764648 9.98333358764648 10.033332824707 10.0500001907349 10.0666666030884 10.0833330154419 6.28333330154419 6.29999971389771 6.25 6.33333349227905 6.33333349227905 6.31666660308838 6.31666660308838 6.34999990463257 6.33333301544189 6.33333301544189 6.40000009536743 6.40000009536743 6.41666650772095 6.43333292007446 6.44999980926514 6.51666688919067 6.55000019073486 6.53333330154419 6.55000019073486 6.56666660308838 6.56666660308838 6.53333330154419 6.5 6.51666688919067 6.5 6.5 6.51666688919067 6.5 10.283332824707 10.2666664123535 10.25 10.25 10.2833337783813 10.3500003814697 10.4166660308838 10.5166664123535 10.5166664123535 10.5 10.5166664123535 10.4166660308838 10.4166660308838
9.91666698455811 9.94999980926514 9.94999980926514 9.94999980926514 9.94999980926514 9.96666717529297 9.96666717529297 9.98333358764648 9.94999980926514 9.94999980926514 9.94999980926514 9.98333358764648 9.98333358764648 10.0166664123535 10.033332824707 10.033332824707 10.0666666030884 10.0833330154419 6.28333330154419 6.29999971389771 6.31666660308838 6.31666660308838 6.33333349227905 6.34999990463257 6.34999990463257 6.33333349227905 6.36666631698608 6.38333320617676 6.40000009536743 6.40000009536743 6.41666650772095 6.44999980926514 6.43333292007446 6.44999980926514 6.5 6.51666688919067 6.51666688919067 6.51666688919067 6.53333330154419 6.56666660308838 6.56666660308838 6.56666660308838 6.56666660308838 6.53333330154419 6.55000019073486 6.53333330154419 6.5 6.51666641235352 6.48333311080933 10.25 10.3166666030884 10.3499994277954 10.3666667938232 10.4166660308838 10.4666662216187 10.5 10.5166664123535 10.5166664123535 10.5 10.4666662216187
9.91666698455811 9.91666698455811 9.91666698455811 9.94999980926514 9.94999980926514 9.96666717529297 9.94999980926514 9.96666717529297 9.96666717529297 9.94999980926514 9.98333358764648 9.98333358764648 10 10.0166664123535 10.033332824707 10.0500001907349 10.0666666030884 6.28333330154419 6.29999971389771 10.1333332061768 6.33333349227905 6.33333349227905 6.31666660308838 6.33333301544189 6.33333349227905 6.36666631698608 6.38333320617676 6.38333320617676 6.40000009536743 6.41666650772095 6.41666650772095 6.41666650772095 6.44999980926514 6.44999980926514 6.48333311080933 6.51666688919067 6.5 6.5 6.55000019073486 6.56666660308838 6.56666660308838 6.53333330154419 6.51666641235352 6.55000019073486 6.55000019073486 6.51666641235352 6.5 6.51666688919067 6.5 6.51666688919067 10.3000001907349 10.3666667938232 10.4333333969116 10.466667175293 10.5166664123535 10.5500001907349 10.5 10.5166664123535 10.5166664123535 10.5166664123535
9.91666698455811 9.88333320617676 9.93333339691162 9.91666698455811 9.91666698455811 9.91666698455811 9.96666717529297 9.96666717529297 9.96666717529297 10 9.98333358764648 9.98333358764648 10 10.033332824707 10.033332824707 6.23333311080933 6.26666641235352 10.0999994277954 6.29999971389771 6.31666660308838 6.31666660308838 6.33333349227905 6.34999990463257 6.34999990463257 6.33333349227905 6.36666631698608 6.38333320617676 6.40000009536743 6.41666650772095 6.43333292007446 6.44999980926514 6.44999980926514 6.44999980926514 6.43333292007446 6.44999980926514 6.46666669845581 6.5 6.51666688919067 6.56666660308838 6.56666660308838 6.53333330154419 6.56666660308838 6.58333349227905 6.55000019073486 6.51666641235352 6.51666641235352 10.3000001907349 10.2833337783813 10.2666664123535 10.2666664123535 10.3166666030884 10.3833332061768 10.4166660308838 10.4666662216187 10.5 10.5666666030884 10.5666666030884 10.5666666030884 10.5666666030884 10.5666666030884
9.88333320617676 9.88333320617676 9.91666698455811 9.91666698455811 9.93333339691162 9.96666717529297 9.96666717529297 9.96666717529297 9.96666717529297 9.96666717529297 10 10.0166664123535 10 10 10.0166664123535 10.0333337783813 6.29999971389771 6.29999971389771 6.28333330154419 6.33333349227905 6.33333349227905 6.31666660308838 6.34999990463257 6.34999990463257 6.38333320617676 6.38333320617676 6.40000009536743 6.43333292007446 6.44999980926514 6.46666669845581 6.48333311080933 6.44999980926514 6.41666650772095 6.41666650772095 6.41666650772095 6.48333311080933 6.51666688919067 6.5 6.53333330154419 6.53333330154419 6.55000019073486 6.58333349227905 6.55000019073486 6.53333330154419 6.48333311080933 6.48333311080933 6.5 10.2833337783813 10.3000001907349 10.2833337783813 10.3499994277954 10.3500003814697 10.3999996185303 10.4833335876465 10.4666662216187 10.533332824707 10.5666666030884 10.5666666030884 10.5833330154419 10.6166667938232
9.88333320617676 9.91666698455811 9.93333339691162 9.93333339691162 9.96666717529297 9.96666717529297 9.93333339691162 9.96666717529297 9.96666717529297 9.96666717529297 10.0166664123535 10 10 10.0333337783813 10.0333337783813 10.0666666030884 10.0999994277954 10.0833330154419 10.1166667938232 6.33333349227905 6.33333349227905 6.33333301544189 6.34999990463257 6.38333320617676 6.39999961853027 6.38333320617676 6.43333292007446 6.46666669845581 6.48333311080933 6.46666669845581 6.41666650772095 6.43333292007446 6.41666650772095 6.40000009536743 6.41666650772095 6.44999980926514 6.5 6.48333311080933 6.51666641235352 6.53333330154419 6.56666660308838 6.56666660308838 6.53333330154419 6.51666688919067 6.48333358764648 6.53333330154419 6.51666688919067 10.3166666030884 10.3166666030884 10.3000001907349 10.3333330154419 10.3500003814697 10.3999996185303 10.4833335876465 10.5 10.533332824707 10.533332824707 10.533332824707 10.5500001907349 10.6166667938232
9.96666717529297 9.94999980926514 9.98333358764648 10.0166664123535 10.0166664123535 10 9.96666717529297 10 10 10.0500001907349 10.0333337783813 10 10 10.0333337783813 10.0666666030884 10.0833330154419 10.1333332061768 10.1000003814697 10.1499996185303 10.1333332061768 10.1166667938232 10.1333332061768 6.38333320617676 6.38333320617676 6.39999961853027 6.43333339691162 6.46666669845581 6.46666669845581 6.48333311080933 6.43333292007446 6.41666650772095 6.41666650772095 6.41666650772095 6.40000009536743 6.38333320617676 6.44999980926514 6.46666669845581 6.46666669845581 6.48333311080933 6.51666641235352 6.58333349227905 6.53333330154419 6.53333330154419 6.46666669845581 6.48333358764648 6.53333330154419 6.54999971389771 10.3166666030884 10.3166666030884 10.2666664123535 10.3000001907349 10.3500003814697 10.3999996185303 10.4166669845581 -9999 -9999 -9999 -9999 -9999 -9999
9.98333358764648 10 10.0166664123535 10.0166664123535 10 9.98333358764648 9.96666717529297 10.0166664123535 10.0166664123535 10.0666666030884 10.0666666030884 10.0166664123535 10.0166664123535 10.0500001907349 10.1000003814697 10.1333332061768 10.1000003814697 10.1166667938232 10.1166667938232 6.33333301544189 6.34999990463257 10.1333332061768 10.1500005722046 6.38333320617676 6.38333320617676 6.38333320617676 6.43333292007446 6.43333292007446 6.48333311080933 6.43333292007446 6.41666650772095 6.41666650772095 6.41666650772095 6.38333320617676 6.38333320617676 6.43333339691162 6.46666669845581 6.45000028610229 6.48333311080933 6.55000019073486 6.55000019073486 6.53333330154419 6.48333311080933 6.48333358764648 10.3166666030884 6.56666660308838 10.3666667938232 10.3333330154419 10.3000001907349 -9999 -9999 -9999 -9999 -9999 -9999 -9999 -9999 -9999 -9999 -9999
10.0333337783813 10 9.98333358764648 10 9.98333358764648 10 10.0166664123535 10.0166664123535 10.0666666030884 10.0833330154419 10.1000003814697 10.0833330154419 10.0666666030884 10.1000003814697 10.1499996185303 10.1166667938232 6.33333301544189 10.1333332061768 6.34999990463257 6.34999990463257 10.1333332061768 6.36666631698608 6.36666631698608 6.36666631698608 6.36666631698608 6.38333320617676 6.41666650772095 6.43333292007446 6.43333292007446 6.41666650772095 6.39999961853027 6.41666650772095 6.38333320617676 6.38333320617676 6.36666631698608 6.41666650772095 6.43333339691162 6.46666669845581 6.51666641235352 6.51666641235352 6.48333311080933 6.5 6.46666669845581 -9999 -9999 -9999 -9999 -9999 -9999 -9999 -9999 -9999 -9999 -9999 -9999 -9999 -9999 -9999 -9999 -9999
10.0500001907349 10.0166664123535 10.0166664123535 10.0166664123535 10.0166664123535 10.0166664123535 10 10.0500001907349 10.1000003814697 10.1000003814697 10.0833330154419 10.1000003814697 10.1333332061768 10.1500005722046 10.1500005722046 10.1166667938232 10.1166667938232 10.1499996185303 6.36666631698608 6.36666631698608 6.36666631698608 6.36666631698608 6.36666631698608 6.36666631698608 6.36666631698608 6.38333320617676 6.43333292007446 6.43333292007446 6.41666650772095 6.39999961853027 6.39999961853027 6.41666650772095 6.38333320617676 6.36666631698608 6.38333320617676 6.41666650772095 6.44999980926514 6.46666669845581 -9999 -9999 -9999 -9999 -9999 -9999 -9999 -9999 -9999 -9999 -9999 -9999 -9999 -9999 -9999 -9999 -9999 -9999 -9999 -9999 -9999 -9999
10.0666666030884 10.0333337783813 10.0333337783813 10.0166664123535 10.0333337783813 10.0500001907349 10.0500001907349 10.0833330154419 10.0833330154419 10.1166667938232 10.1166667938232 10.1166667938232 10.1499996185303 10.1499996185303 10.1499996185303 10.1499996185303 10.1333332061768 10.1499996185303 10.1499996185303 10.1333332061768 6.36666631698608 6.36666631698608 6.36666631698608 6.36666631698608 10.1999998092651 10.1999998092651 10.1999998092651 6.38333320617676 6.39999961853027 6.39999961853027 6.39999961853027 6.38333320617676 -9999 -9999 -9999 -9999 -9999 -9999 -9999 -9999 -9999 -9999 -9999 -9999 -9999 -9999 -9999 -9999 -9999 -9999 -9999 -9999 -9999 -9999 -9999 -9999 -9999 -9999 -9999 -9999
10.0666666030884 10.0666666030884 10.0833339691162 10.0500001907349 10.0500001907349 10.0333337783813 10.0333337783813 10.0333337783813 10.0666666030884 10.1166667938232 10.1166667938232 10.1333332061768 10.1333332061768 10.1499996185303 10.1499996185303 10.1833333969116 10.1666669845581 10.1833333969116 10.1833333969116 10.1999998092651 10.1833333969116 6.39999961853027 6.43333292007446 10.2166662216187 10.2166662216187 10.2166662216187 6.41666650772095 -9999 -9999 -9999 -9999 -9999 -9999 -9999 -9999 -9999 -9999 -9999 -9999 -9999 -9999 -9999 -9999 -9999 -9999 -9999 -9999 -9999 -9999 -9999 -9999 -9999 -9999 -9999 -9999 -9999 -9999 -9999 -9999 -9999
10.0833330154419 10.0666666030884 10.1000003814697 10.0833339691162 10.0666666030884 10.0500001907349 10.0500001907349 10.0500001907349 10.0833339691162 10.0833339691162 10.1000003814697 10.1166667938232 10.1666669845581 10.1666669845581 10.1666669845581 10.1666669845581 10.1666669845581 10.1833333969116 10.1666669845581 10.1666669845581 10.1666669845581 10.1666669845581 -9999 -9999 -9999 -9999 -9999 -9999 -9999 -9999 -9999 -9999 -9999 -9999 -9999 -9999 -9999 -9999 -9999 -9999 -9999 -9999 -9999 -9999 -9999 -9999 -9999 -9999 -9999 -9999 -9999 -9999 -9999 -9999 -9999 -9999 -9999 -9999 -9999 -9999
10.0833330154419 10.0833330154419 10.0833339691162 10.1166667938232 10.1000003814697 10.0500001907349 10.0500001907349 10.1000003814697 10.1166667938232 10.1499996185303 10.1499996185303 10.1666669845581 10.1500005722046 10.1500005722046 10.1666669845581 10.1666669845581 -9999 -9999 -9999 -9999 -9999 -9999 -9999 -9999 -9999 -9999 -9999 -9999 -9999 -9999 -9999 -9999 -9999 -9999 -9999 -9999 -9999 -9999 -9999 -9999 -9999 -9999 -9999 -9999 -9999 -9999 -9999 -9999 -9999 -9999 -9999 -9999 -9999 -9999 -9999 -9999 -9999 -9999 -9999 -9999
10.0833330154419 10.0833330154419 10.0833330154419 10.1000003814697 10.1166667938232 10.1166667938232 10.1000003814697 10.1166667938232 10.1499996185303 10.1499996185303 10.1666669845581 -9999 -9999 -9999 -9999 -9999 -9999 -9999 -9999 -9999 -9999 -9999 -9999 -9999 -9999 -9999 -9999 -9999 -9999 -9999 -9999 -9999 -9999 -9999 -9999 -9999 -9999 -9999 -9999 -9999 -9999 -9999 -9999 -9999 -9999 -9999 -9999 -9999 -9999 -9999 -9999 -9999 -9999 -9999 -9999 -9999 -9999 -9999 -9999 -9999
10.1000003814697 10.1333332061768 10.0833330154419 10.0833330154419 10.1333332061768 10.1333332061768 -9999 -9999 -9999 -9999 -9999 -9999 -9999 -9999 -9999 -9999 -9999 -9999 -9999 -9999 -9999 -9999 -9999 -9999 -9999 -9999 -9999 -9999 -9999 -9999 -9999 -9999 -9999 -9999 -9999 -9999 -9999 -9999 -9999 -9999 -9999 -9999 -9999 -9999 -9999 -9999 -9999 -9999 -9999 -9999 -9999 -9999 -9999 -9999 -9999 -9999 -9999 -9999 -9999 -9999
10.1333332061768 -9999 -9999 -9999 -9999 -9999 -9999 -9999 -9999 -9999 -9999 -9999 -9999 -9999 -9999 -9999 -9999 -9999 -9999 -9999 -9999 -9999 -9999 -9999 -9999 -9999 -9999 -9999 -9999 -9999 -9999 -9999 -9999 -9999 -9999 -9999 -9999 -9999 -9999 -9999 -9999 -9999 -9999 -9999 -9999 -9999 -9999 -9999 -9999 -9999 -9999 -9999 -9999 -9999 -9999 -9999 -9999 -9999 -9999 -9999
