Demos/Rbased/CrashCourse/data/climate_processing/PresentLayers/Shortia_galacifolia/bio_15.asc
NCOLS 212 
NROWS 170 
XLLCORNER -83.691666666421 
YLLCORNER 34.5083333333333 
CELLSIZE 0.00833333333316012 
NODATA_value -9999 
[rows 0 to 20 of 170, columns 141 to 187 of 212]
-9999 -9999 -9999 -9999 -9999 -9999 -9999 -9999 -9999 -9999 -9999 -9999 -9999 -9999 -9999 -9999 -9999 -9999 -9999 -9999 -9999 -9999 -9999 -9999 -9999 -9999 -9999 -9999 11.8609266281128 11.6705312728882 11.8609266281128 -9999 -9999 -9999 -9999 -9999 -9999 -9999 -9999 -9999 -9999 -9999 -9999 -9999 -9999 -9999 -9999
-9999 -9999 -9999 -9999 -9999 12.1200876235962 12.3303737640381 12.5700788497925 12.6063508987427 12.5727472305298 12.5216388702393 12.5216388702393 12.7389135360718 12.6545143127441 12.712574005127 12.918740272522 12.6923246383667 12.5348243713379 12.4401407241821 12.5223712921143 12.5141019821167 12.2235879898071 12.1185092926025 12.1058492660522 11.8540058135986 11.8446531295776 11.6669111251831 11.6195049285889 11.6800699234009 11.6800699234009 11.8609266281128 11.8197269439697 11.6660976409912 11.686671257019 11.6296730041504 11.6265325546265 11.5026454925537 11.4971084594727 -9999 -9999 -9999 -9999 -9999 -9999 -9999 -9999 -9999
11.8151044845581 11.5617084503174 11.2728977203369 11.6411905288696 12.1069774627686 12.3156442642212 11.800124168396 12.1213207244873 11.9928569793701 11.974760055542 12.3158521652222 12.5020914077759 12.5024213790894 12.3422842025757 12.4020595550537 12.6902933120728 12.3422842025757 12.3273448944092 12.3273448944092 12.207914352417 12.207914352417 12.0515298843384 12.1185092926025 11.9166870117188 12.1720504760742 11.9048500061035 11.9048500061035 11.7117280960083 11.4653873443604 11.466893196106 11.6059627532959 11.6059627532959 11.6601037979126 11.4155683517456 11.5343284606934 11.5203123092651 11.6293830871582 11.2876415252686 11.4132871627808 11.3871088027954 11.0829849243164 11.3647441864014 11.283166885376 -9999 -9999 -9999 -9999
12.0227155685425 12.052921295166 11.962610244751 12.4156646728516 12.6721773147583 12.4156646728516 11.9155693054199 12.2458610534668 11.974760055542 12.1056423187256 12.0049724578857 11.5643434524536 11.6957540512085 11.7187919616699 12.6990642547607 12.3422842025757 12.3336877822876 12.117226600647 11.9681529998779 11.8534564971924 11.6358757019043 11.9439907073975 11.6349592208862 11.6251792907715 11.9048500061035 11.3963270187378 11.6328010559082 11.6714916229248 11.5351839065552 10.9030160903931 11.3389730453491 11.4102554321289 11.2629203796387 11.5321893692017 11.4411811828613 11.5846004486084 11.2876415252686 11.2951431274414 11.2876415252686 11.1008968353271 11.3195924758911 11.2034273147583 11.201319694519 11.0636968612671 10.9518947601318 11.1794605255127 10.8021945953369
12.4028596878052 12.0743236541748 11.9711408615112 12.6562652587891 12.9695825576782 12.8588962554932 12.7279472351074 12.2757883071899 11.5643434524536 11.409595489502 11.4449491500854 11.5126161575317 11.9097232818604 12.1150646209717 12.4332513809204 11.746880531311 12.0295133590698 12.1413822174072 11.6184635162354 11.4801654815674 11.1890430450439 11.7067518234253 11.3454103469849 11.8583068847656 11.8804731369019 11.1551828384399 11.0654907226562 11.3247146606445 11.2806015014648 10.8009376525879 10.5318641662598 11.1113758087158 11.0144748687744 11.3659343719482 11.2997894287109 11.3416795730591 11.5846004486084 11.4730443954468 11.2995700836182 11.3128442764282 11.0228052139282 11.1196012496948 11.0022287368774 10.9494886398315 10.8504409790039 11.1137819290161 11.0031032562256
12.6235437393188 12.0536231994629 12.6438264846802 13.1558933258057 13.4096298217773 12.8800010681152 12.9032917022705 12.5160121917725 12.1214818954468 11.9582185745239 12.0931453704834 12.2872190475464 12.2277545928955 12.5559320449829 11.8911094665527 12.2986326217651 11.8923559188843 11.9737348556519 11.3897590637207 10.991982460022 10.714898109436 11.0425100326538 11.2574348449707 11.8188819885254 11.6239356994629 11.499267578125 11.4303493499756 11.3726234436035 11.0842723846436 10.5061302185059 10.115180015564 10.1984310150146 10.5145606994629 11.1425886154175 11.2588586807251 11.2365427017212 11.2365427017212 11.2386722564697 11.1028718948364 11.2386722564697 10.9911689758301 10.9673538208008 10.9122924804688 11.001296043396 11.14817237854 10.9076156616211 10.7743434906006
12.7557163238525 12.474591255188 12.8132247924805 13.1181221008301 13.3491411209106 12.9719209671021 12.8045463562012 12.9032917022705 12.6382188796997 12.4950132369995 11.7773790359497 11.4136028289795 12.0270881652832 11.9193820953369 11.2719030380249 12.0295133590698 11.8573532104492 11.5991039276123 11.4934787750244 10.991982460022 10.342095375061 10.5823698043823 11.4617605209351 11.8279047012329 11.601975440979 11.4240055084229 11.3773145675659 10.9607591629028 10.8438320159912 10.4501132965088 10.1966991424561 10.1145515441895 10.7751693725586 10.8334712982178 11.1060180664062 10.9838533401489 10.986403465271 11.2386722564697 11.2386722564697 11.0184764862061 10.9672803878784 11.098747253418 10.9485473632812 10.755597114563 10.8433513641357 10.9050798416138 10.7534866333008
12.4230222702026 12.8406829833984 12.8132247924805 13.4011278152466 13.2731018066406 13.0281887054443 12.9850263595581 12.8043203353882 12.9087247848511 12.3528909683228 11.4136028289795 11.4933729171753 12.0164260864258 11.5848913192749 11.3584384918213 11.9085969924927 11.7616739273071 11.5991039276123 10.8620328903198 10.4399433135986 9.90328311920166 10.7050809860229 11.3926343917847 11.4120359420776 11.2026109695435 11.6239356994629 11.307412147522 10.5769996643066 10.4501132965088 10.2955093383789 9.92524909973145 9.65540885925293 9.91744995117188 10.3913764953613 10.6442232131958 10.9995737075806 10.963680267334 11.2307262420654 11.2485227584839 11.1154336929321 11.0452680587769 11.1321353912354 11.0552034378052 10.8591547012329 10.9571170806885 10.8614082336426 10.7819852828979
12.9889450073242 13.402515411377 13.3505220413208 13.3110771179199 13.0371837615967 12.9637460708618 12.8367538452148 12.9004850387573 12.2567138671875 11.476318359375 11.6789855957031 11.602746963501 11.9193820953369 11.7441930770874 11.1390838623047 11.652853012085 11.3743753433228 11.2439136505127 10.4399433135986 9.99386596679688 10.1109523773193 10.7814540863037 10.8124132156372 10.8440437316895 11.1017618179321 11.5680513381958 11.1579885482788 10.5872507095337 10.171875 9.868332862854 9.56874942779541 9.23787593841553 9.2437686920166 10.1251993179321 10.7860450744629 11.0235271453857 11.0867080688477 11.0452680587769 10.9447402954102 11.1321353912354 11.1321353912354 10.8172063827515 10.7180080413818 10.6578683853149 10.8142051696777 10.8223810195923 10.7112522125244
13.4079713821411 13.4324588775635 13.375452041626 13.0230894088745 12.581259727478 12.4088935852051 12.5776767730713 12.9004850387573 12.5418434143066 12.2996759414673 12.1353216171265 11.5327987670898 11.6704378128052 11.1673173904419 10.9453945159912 11.4912786483765 10.7237548828125 10.4688024520874 10.257866859436 10.0921764373779 9.81168651580811 10.342095375061 10.3147268295288 10.7873220443726 11.3659343719482 11.5120182037354 11.0166702270508 10.6359958648682 10.6834487915039 9.97988224029541 9.55082702636719 9.27629661560059 9.15173530578613 9.69312381744385 10.397536277771 10.782452583313 10.871280670166 10.9696741104126 10.9761400222778 10.9028635025024 10.9028635025024 10.9093370437622 10.8100633621216 10.7753782272339 10.8142051696777 10.6688051223755 10.7118225097656
13.611177444458 13.5043716430664 13.3183517456055 13.1040916442871 12.9492321014404 13.0174703598022 12.9719486236572 12.9004850387573 12.665509223938 12.4271869659424 11.6520004272461 11.0248603820801 11.2735071182251 11.0254716873169 10.7237548828125 10.7491044998169 10.6250867843628 10.0420265197754 9.71803760528564 9.71623611450195 10.1305065155029 10.5705547332764 10.5384855270386 11.2066297531128 11.470850944519 11.1082878112793 11.2566938400269 11.1213521957397 10.5402870178223 10.0990343093872 9.91186046600342 9.20623683929443 9.2885274887085 9.82987594604492 10.4849634170532 10.8683156967163 11.08909034729 10.94322681427 10.9842586517334 10.9324541091919 10.791428565979 10.730299949646 10.9036121368408 10.8033609390259 10.7561893463135 10.8137674331665 10.5413513183594
13.611177444458 13.611177444458 13.2522344589233 13.1912603378296 13.0793752670288 13.0766296386719 12.7377605438232 11.9384765625 11.9384765625 11.6932830810547 11.8565263748169 11.1620569229126 10.9306697845459 10.9306697845459 10.5652704238892 10.217113494873 10.0697984695435 10.0940685272217 9.73995971679688 9.94726943969727 10.4283723831177 10.7814540863037 11.131010055542 11.2159957885742 11.2159957885742 10.5402870178223 10.5465679168701 11.1579885482788 10.7314348220825 10.4169158935547 9.75650787353516 9.31812572479248 9.23014354705811 10.0164041519165 10.433708190918 10.8304233551025 11.0250053405762 10.9013252258301 10.9986763000488 10.9945011138916 10.9013252258301 10.7260608673096 10.7050447463989 10.5946245193481 10.8137674331665 10.555835723877 10.6410055160522
13.611177444458 13.5222148895264 13.3683738708496 13.056300163269 13.0541009902954 12.8799057006836 12.6795167922974 12.5114240646362 12.5184564590454 12.0221061706543 11.5363273620605 11.1620569229126 10.3824491500854 10.3241147994995 9.91017150878906 10.0123691558838 9.6995325088501 9.50206279754639 9.39038467407227 9.80173301696777 10.1754369735718 10.4510879516602 10.5705547332764 10.9318656921387 11.314715385437 10.4047031402588 10.1520404815674 10.601222038269 10.7218914031982 10.0244112014771 9.56422901153564 9.31812572479248 9.32060432434082 9.84662914276123 10.4510221481323 10.8213949203491 10.7912893295288 10.9761390686035 10.9324541091919 10.8384847640991 10.6381874084473 10.8190898895264 10.6421718597412 10.6028432846069 10.5397272109985 10.5405464172363 10.6083211898804
13.4272708892822 13.4872484207153 13.3817338943481 12.9520969390869 12.4800024032593 12.162576675415 11.8302841186523 11.9252529144287 11.5065431594849 11.5630826950073 10.8466882705688 10.9765281677246 10.8132266998291 10.7248630523682 10.3833570480347 10.1365547180176 9.76411533355713 9.86774730682373 10.0064697265625 10.2303285598755 10.0064697265625 9.73949813842773 10.0368175506592 10.7004985809326 10.9657955169678 10.3241147994995 9.81285953521729 10.0530424118042 10.4808626174927 10.1520404815674 9.52391719818115 9.15700817108154 9.53885459899902 9.83424282073975 10.4195423126221 10.5278949737549 10.8770322799683 10.8441476821899 10.8940181732178 10.7260732650757 10.7302217483521 10.7375030517578 10.5795202255249 10.595531463623 10.5405464172363 10.52405834198 10.635892868042
13.2758340835571 12.6232395172119 12.7733869552612 13.1071796417236 12.6543626785278 12.0213899612427 11.6717748641968 11.9252529144287 11.7538814544678 11.4892082214355 11.8286914825439 11.0525588989258 11.3458976745605 11.0729541778564 10.6647357940674 10.4268493652344 10.4092617034912 10.5202322006226 10.6138143539429 10.292441368103 9.92822170257568 9.48649978637695 9.84587478637695 10.7018537521362 10.9472980499268 10.3391590118408 9.87088203430176 9.57217121124268 9.81368923187256 9.67134189605713 9.41651821136475 9.00823879241943 9.52908706665039 9.83424282073975 10.3621740341187 10.8396415710449 10.8888740539551 10.8441476821899 10.8770322799683 10.592077255249 10.5059013366699 10.48948097229 10.48948097229 10.48948097229 10.5044498443604 10.5472526550293 10.3524875640869
13.2262096405029 12.9065027236938 12.7940998077393 13.0266523361206 12.1285266876221 12.0273132324219 12.5148153305054 12.2483348846436 12.1447200775146 12.0814437866211 11.6623106002808 12.0189905166626 11.6196603775024 11.4684543609619 11.0429420471191 11.2812023162842 11.198525428772 10.9949703216553 10.573673248291 9.92696762084961 9.41600227355957 9.25906276702881 9.87810897827148 10.3260354995728 10.8545951843262 10.4731254577637 10.1520404815674 9.87234687805176 9.62795066833496 9.42625617980957 9.00823879241943 8.88811874389648 9.58509349822998 9.97124099731445 10.3621740341187 10.6033382415771 10.9696741104126 10.8563003540039 10.6907529830933 10.662052154541 10.333155632019 10.333155632019 10.2476482391357 10.4336585998535 10.6340360641479 10.4577369689941 10.3244009017944
13.3107862472534 13.4002466201782 13.0458517074585 13.0510425567627 12.8332767486572 12.6862535476685 12.8050909042358 12.658350944519 12.6300230026245 12.340784072876 12.523494720459 12.3419761657715 12.053050994873 11.7314424514771 11.4873914718628 11.0931396484375 10.5535087585449 10.3241147994995 10.0064697265625 9.57628536224365 9.11284637451172 9.45516967773438 9.807861328125 10.3539562225342 10.9575338363647 10.6670942306519 10.3558797836304 10.1899700164795 9.89968585968018 9.3582878112793 8.99910163879395 9.05903720855713 9.51413726806641 9.76945114135742 10.168402671814 10.6397151947021 10.8006534576416 10.7445459365845 10.4617519378662 10.5317611694336 10.4507923126221 10.408275604248 10.3324251174927 10.3619117736816 10.6773948669434 10.3270578384399 10.5540819168091
13.2878875732422 13.1182079315186 12.9065027236938 13.1503410339355 13.0510425567627 12.707447052002 12.8527526855469 12.8050909042358 12.612774848938 12.1741590499878 11.4880142211914 11.5615406036377 11.117883682251 11.127326965332 10.7009506225586 10.437460899353 10.1114721298218 9.93118476867676 10.0530424118042 9.82602596282959 9.32623863220215 9.60468769073486 9.91014194488525 10.5956201553345 10.3558797836304 10.3023653030396 10.3311138153076 10.0588893890381 9.42911815643311 9.14102077484131 8.7918004989624 8.961745262146 9.33725738525391 9.60910224914551 10.1165962219238 10.5759983062744 10.700083732605 10.7009630203247 10.6164093017578 10.4742336273193 10.4537343978882 10.6141138076782 10.3768482208252 10.3360557556152 10.5076360702515 10.5549907684326 10.2819814682007
13.1233034133911 12.9642543792725 12.3834705352783 12.8204383850098 12.7940998077393 12.3787612915039 12.5955305099487 12.5605812072754 12.4566421508789 12.3867197036743 12.2387104034424 11.9013929367065 11.0869646072388 11.55224609375 11.4826927185059 10.7826309204102 10.6373958587646 10.749885559082 10.7205076217651 9.86644458770752 9.36435031890869 9.2885274887085 9.67243003845215 10.2048645019531 10.3260354995728 9.74726486206055 9.77914142608643 9.66309833526611 9.37640571594238 9.11288833618164 8.86598587036133 9.2080078125 9.64627265930176 10.0463485717773 10.3645830154419 10.3637180328369 10.7526512145996 10.6907529830933 10.5506992340088 10.6972398757935 10.5463819503784 10.451958656311 10.3457336425781 10.3928890228271 10.4237985610962 10.506404876709 10.3830261230469
12.5342493057251 12.3365297317505 12.5622272491455 12.2649688720703 12.4330549240112 11.2191705703735 12.2216453552246 12.1750211715698 11.5306272506714 12.3349161148071 12.3867197036743 11.7037515640259 11.2330026626587 11.7839260101318 11.2511157989502 10.9992647171021 11.2039260864258 10.9223899841309 10.3206424713135 9.79910469055176 9.40203094482422 9.21247863769531 9.49716663360596 9.62527084350586 9.9475269317627 10.018349647522 9.51553726196289 9.25176525115967 8.961745262146 8.97255325317383 8.85524845123291 9.07000255584717 9.63949394226074 9.83026599884033 10.0346326828003 10.3014287948608 10.4770574569702 10.4901762008667 10.3026523590088 10.3026523590088 10.5396575927734 10.3054828643799 10.506404876709 10.5078859329224 10.3748207092285 10.3981904983521 10.326491355896
11.9640235900879 12.0457191467285 11.5372104644775 11.4032135009766 11.8894948959351 11.2149600982666 12.1948118209839 11.990138053894 11.4457588195801 11.8757572174072 12.2250680923462 12.027720451355 11.990927696228 11.82741355896 11.9150352478027 11.8651275634766 11.4104833602905 11.0038747787476 10.4639329910278 10.0813236236572 9.77717971801758 9.33395767211914 9.2056770324707 9.16098403930664 9.68613433837891 9.76562881469727 9.78799724578857 9.35639953613281 9.08178615570068 9.0481071472168 9.10304546356201 9.07000255584717 9.35896968841553 9.72989749908447 10.3958549499512 10.5110692977905 10.6292705535889 10.427134513855 10.3303699493408 10.3893213272095 10.430890083313 10.4784574508667 10.3765249252319 10.4570360183716 10.3360967636108 10.2200736999512 10.2377061843872
