Demos/Rbased/CrashCourse/data/climate_processing/PresentLayers/Shortia_galacifolia/bio_7.asc
NCOLS 603 
NROWS 190 
XLLCORNER -83.7416666666667 
YLLCORNER 34.6416666666666 
CELLSIZE 0.00833333333333332 
NODATA_value -9999 
[rows 161 to 183 of 190, columns 0 to 51 of 603]
-9999 -9999 -9999 -9999 31.5 31.2999992370605 31.1999988555908 31 30.5 30.2000007629395 29.9000015258789 30.3999996185303 31.1000003814697 31.1999988555908 30.8999996185303 31.6000003814697 32 32.2000007629395 31.8999996185303 31.7999992370605 32.2000007629395 32.4000015258789 32.2000007629395 32.2999992370605 32.5 32.2999992370605 32.0999984741211 32.0999984741211 31.8999996185303 31.6000003814697 31.8999996185303 31.7999992370605 31.6999988555908 31.8999996185303 31.8000011444092 32.0999984741211 32.0999984741211 32.2999992370605 32.2999992370605 32.2999992370605 32.2999992370605 32.4000015258789 32.2999992370605 32.2000007629395 32.1000022888184 31.7999992370605 31.7999992370605 31.8999996185303 31.9000015258789 31.9000015258789 32 32
-9999 -9999 -9999 -9999 31.8000011444092 31.5 31.7000007629395 31.5999984741211 31.2999992370605 30.8999996185303 30.2999992370605 30.6000003814697 30.7999992370605 31 31.2999992370605 31.1999988555908 31.7999992370605 32.2999992370605 32 32.0999984741211 32 32.2000007629395 32.2000007629395 32.2000007629395 32.4000015258789 32.2000007629395 32.0999984741211 32.2000007629395 31.8999996185303 31.6999988555908 31.9000015258789 32.2000007629395 32 32 31.8999996185303 31.8999996185303 32 31.8999996185303 32.0999984741211 32.2000007629395 32.2000007629395 32.2000007629395 32.0999984741211 31.6000003814697 31.7000007629395 31.8999996185303 31.6999988555908 32.0999984741211 32 31.5999984741211 31.5 31.3999996185303
-9999 -9999 -9999 -9999 -9999 32.0999984741211 32.0999984741211 31.8000011444092 31.3999996185303 31 30.7999992370605 31 31.1999988555908 31.2000007629395 31.3999996185303 31.5 31.3999996185303 32 32.2000007629395 32.2999992370605 32.2000007629395 32.2000007629395 32.4000015258789 32.4000015258789 32.4000015258789 32.0999984741211 32.2000007629395 32.2000007629395 32.2000007629395 32.0999984741211 32.0999984741211 31.8999996185303 32 31.8999996185303 31.8000011444092 31.5 31.8999996185303 32.2000007629395 32.0999984741211 32.2000007629395 32.2999992370605 32.2000007629395 32.2000007629395 32.0999984741211 32.2999992370605 32.2000007629395 32.0999984741211 32.2000007629395 32.1000022888184 31.5 31.2999992370605 31.7999992370605
-9999 -9999 -9999 -9999 -9999 31.7000007629395 31.3999996185303 31.4000015258789 31 30.5 30.6000003814697 30.7999992370605 30.7999992370605 30.8999996185303 30.9000015258789 31.6000003814697 31.6999988555908 32 32.0999984741211 32.4000015258789 32.2999992370605 32.2000007629395 32.2999992370605 32.2000007629395 32.2999992370605 32.2999992370605 32.4000015258789 32.0999984741211 31.5 31.3999996185303 31.7000007629395 32 32.1000022888184 32.2000007629395 32.2999992370605 32.1000022888184 32.0999984741211 32.2000007629395 32.2000007629395 32.2000007629395 32.0999984741211 32.0999984741211 31.8999996185303 32 32.2999992370605 32.4000015258789 32.2000007629395 32.2000007629395 32.2000007629395 32.0999984741211 31.7000007629395 31.7000007629395
-9999 -9999 -9999 -9999 -9999 -9999 31 31 30.3999996185303 30.1000003814697 30.5999984741211 30.7999992370605 30.9000015258789 31.1000003814697 31.2999992370605 31.2999992370605 31.7000007629395 32.1000022888184 32.2000007629395 32.2000007629395 32.2000007629395 32.4000015258789 32.4000015258789 32.2999992370605 32.2999992370605 32.2000007629395 32.2000007629395 31.2999992370605 30.8999996185303 31.1999988555908 31.8999996185303 32 31.8999996185303 31.8999996185303 32 32.2000007629395 32.0999984741211 32.0999984741211 32.2000007629395 32.2000007629395 32.0999984741211 32 32 32.0999984741211 32.2999992370605 32.2999992370605 32.2999992370605 32.2999992370605 32.2999992370605 32.2000007629395 32 32.2000007629395
-9999 -9999 -9999 -9999 -9999 -9999 31.4000015258789 31.2000007629395 30.7999992370605 30.5 30.6000003814697 31 31.2000007629395 31.1999988555908 31.3999996185303 31.6000003814697 31.8000011444092 32 32.1000022888184 32.2000007629395 32.2000007629395 32.2000007629395 32.4000015258789 32.0999984741211 31.6000003814697 31.8999996185303 32 31.8999996185303 31.7000007629395 31.5 31.7999992370605 31.7999992370605 31.8999996185303 31.8999996185303 31.8999996185303 32 32.0999984741211 32.0999984741211 32.0999984741211 32.0999984741211 32 32.2000007629395 32.2999992370605 32.2999992370605 32.2000007629395 32.2999992370605 32.2000007629395 32.2999992370605 32.2000007629395 32.2999992370605 32.2000007629395 32.0999984741211
-9999 -9999 -9999 -9999 -9999 -9999 -9999 31.1000003814697 31.1000003814697 30.3999996185303 30.1999988555908 30.8000011444092 31.1000003814697 31.1999988555908 31.3999996185303 31.6000003814697 31.7000007629395 31.7999992370605 32.2000007629395 32.0999984741211 32.2000007629395 32.2000007629395 32.2999992370605 32.0999984741211 31.7999992370605 32 32.2000007629395 32.0999984741211 31.8999996185303 31.7999992370605 31.7000007629395 31.7000007629395 31.7000007629395 31.8999996185303 31.9000015258789 31.8999996185303 32 32.0999984741211 32.0999984741211 32 32.1000022888184 32.0999984741211 32 31.8999996185303 32.0999984741211 31.8999996185303 32.0999984741211 32.2000007629395 32.2000007629395 32.2000007629395 32.2999992370605 32.2000007629395
-9999 -9999 -9999 -9999 -9999 -9999 -9999 -9999 30.8999996185303 30.7000007629395 30.2000007629395 30.7999992370605 30.8999996185303 31.2999992370605 31.5 31.3999996185303 31.7000007629395 31.7999992370605 32 32.0999984741211 31.9000015258789 32.0999984741211 32.2000007629395 32 32 32.0999984741211 32.0999984741211 32.0999984741211 31.8999996185303 31.7999992370605 31.5 31.7999992370605 31.7999992370605 31.9000015258789 32 31.8999996185303 31.9000015258789 32.0999984741211 32.0999984741211 31.8999996185303 31.7000007629395 31.8000011444092 31.8999996185303 32.0999984741211 32.2000007629395 32.0999984741211 32.2000007629395 32.2000007629395 32.2000007629395 32.2000007629395 32.2000007629395 32.2999992370605
-9999 -9999 -9999 -9999 -9999 -9999 -9999 -9999 -9999 30.3000011444092 30.3000011444092 30.5 31 31.3000011444092 31.3999996185303 31.6000003814697 31.7000007629395 31.7999992370605 32.0999984741211 32 31.9000015258789 32.0999984741211 32.2000007629395 32.2000007629395 32.2000007629395 32.0999984741211 32.0999984741211 32 31.8999996185303 31.7999992370605 31.6000003814697 31.5 31.6000003814697 31.6999988555908 31.8000011444092 32 32 32.1000022888184 32 31.8999996185303 31.7999992370605 31.7000007629395 31.7999992370605 31.8999996185303 32 32 32.0999984741211 32.2000007629395 32.2999992370605 32.2999992370605 32.2999992370605 32.2999992370605
-9999 -9999 -9999 -9999 -9999 -9999 -9999 -9999 -9999 30.2999992370605 30.6999988555908 30.7999992370605 31.1000003814697 31.3000011444092 31.5 31.5 31.6000003814697 32.2000007629395 31.9000015258789 31.9000015258789 32 32.0999984741211 32.0999984741211 32.2000007629395 32.0999984741211 32.0999984741211 32 31.7999992370605 31.6999988555908 31.5 31.3999996185303 31.5 31.3999996185303 31.3999996185303 31.5 31.7000007629395 32 32.2000007629395 32.1000022888184 32 32 31.7999992370605 31.8999996185303 32 32 32 32.0999984741211 32.2000007629395 32.2999992370605 32.2999992370605 32.2000007629395 32.4000015258789
-9999 -9999 -9999 -9999 -9999 -9999 -9999 -9999 -9999 -9999 31 31.1000003814697 31.3999996185303 31.3999996185303 31.5 31.6999988555908 32.0999984741211 32.2000007629395 32 32.0999984741211 32 32 32 32 32 32.0999984741211 32 31.6999988555908 31.5 31.5999984741211 31.2999992370605 31.5999984741211 31.8000011444092 31.8999996185303 31.8999996185303 32 32 32.0999984741211 32.0999984741211 32.0999984741211 32 32 31.8999996185303 32 32.0999984741211 32 32.0999984741211 32.2000007629395 32.2000007629395 32.2999992370605 32.2999992370605 32.5
-9999 -9999 -9999 -9999 -9999 -9999 -9999 -9999 -9999 -9999 -9999 31.7000007629395 31.8999996185303 31.8999996185303 31.8999996185303 32 32.2000007629395 32.0999984741211 32 32 32 31.8000011444092 31.7000007629395 31.8000011444092 31.8000011444092 31.9000015258789 32.0999984741211 31.8000011444092 31.6999988555908 31.5999984741211 31.2999992370605 31.2000007629395 31.2999992370605 31.6000003814697 31.7000007629395 31.7999992370605 31.8999996185303 32 32 32.0999984741211 32 32 31.9000015258789 32 32.0999984741211 32.0999984741211 32.2000007629395 32.2999992370605 32.4000015258789 32.4000015258789 32.4000015258789 32.4000015258789
-9999 -9999 -9999 -9999 -9999 -9999 -9999 -9999 -9999 -9999 -9999 -9999 31.8999996185303 32.1000022888184 32.1000022888184 32.2000007629395 32.2000007629395 32 32.0999984741211 32 31.8999996185303 31.5999984741211 31.5 31.5999984741211 31.7000007629395 31.8999996185303 32 31.8000011444092 31.7000007629395 31.2999992370605 31 30.8999996185303 31 31.2999992370605 31.6000003814697 31.5 31.7999992370605 31.7999992370605 31.9000015258789 32.0999984741211 32.0999984741211 32.0999984741211 32 32.0999984741211 32.0999984741211 32.1000022888184 32.1000022888184 32.1000022888184 32.0999984741211 32.2000007629395 32.4000015258789 32.2999992370605
-9999 -9999 -9999 -9999 -9999 -9999 -9999 -9999 -9999 -9999 -9999 -9999 -9999 32 32.2000007629395 32.2000007629395 32.2000007629395 32.1000022888184 32.1000022888184 31.7999992370605 31.6000003814697 31.5 31.3999996185303 31.6000003814697 31.7000007629395 31.7000007629395 31.8999996185303 31.8999996185303 31.7000007629395 31.1999988555908 31.1000003814697 31.3000011444092 31.5 31.6000003814697 31.7999992370605 31.6999988555908 32 32 32 31.8999996185303 31.8999996185303 32 31.7999992370605 31.6999988555908 31.8999996185303 32 32.0999984741211 32.2000007629395 32.2000007629395 32.2000007629395 32.3999977111816 32.2000007629395
-9999 -9999 -9999 -9999 -9999 -9999 -9999 -9999 -9999 -9999 -9999 -9999 -9999 -9999 -9999 32.2999992370605 32.2999992370605 32.0999984741211 32 31.8999996185303 31.8999996185303 31.6000003814697 31.3999996185303 31.3000011444092 31.3000011444092 31.4000015258789 31.5 31.7999992370605 31.8999996185303 31.6000003814697 31.6999988555908 31.7999992370605 31.7999992370605 31.9000015258789 31.8999996185303 31.9000015258789 31.8999996185303 31.8000011444092 31.8000011444092 31.6999988555908 31.8000011444092 32.0999984741211 32 31.7000007629395 31.8999996185303 32 32.0999984741211 32.0999984741211 32.0999984741211 32.2999992370605 32.4000015258789 32.2000007629395
-9999 -9999 -9999 -9999 -9999 -9999 -9999 -9999 -9999 -9999 -9999 -9999 -9999 -9999 -9999 -9999 32.2000007629395 32.0999984741211 32 32 31.8999996185303 31.7000007629395 31.1999988555908 30.7999992370605 31 30.8999996185303 31.2000007629395 31.6000003814697 31.8000011444092 31.8000011444092 31.9000015258789 31.9000015258789 31.7000007629395 31.9000015258789 31.8000011444092 31.8999996185303 31.8000011444092 31.6999988555908 31.7000007629395 31.8000011444092 32 32 31.7000007629395 31.7000007629395 32 32.0999984741211 32.0999984741211 32 32.2000007629395 32.2999992370605 32.2000007629395 32.0999984741211
-9999 -9999 -9999 -9999 -9999 -9999 -9999 -9999 -9999 -9999 -9999 -9999 -9999 -9999 -9999 -9999 -9999 32.0999984741211 32 32.0999984741211 32 31.7999992370605 31.3999996185303 31.2000007629395 30.8999996185303 31.2000007629395 31.3999996185303 31.6000003814697 31.5999984741211 31.6999988555908 31.6000003814697 31.6999988555908 31.8000011444092 31.8000011444092 31.5999984741211 31.3999996185303 31.6999988555908 31.5 31.5 31.7999992370605 32 31.8999996185303 31.7999992370605 31.8999996185303 32 32.2000007629395 32.0999984741211 32.1000022888184 32.2999992370605 32.2000007629395 31.8999996185303 32
-9999 -9999 -9999 -9999 -9999 -9999 -9999 -9999 -9999 -9999 -9999 -9999 -9999 -9999 -9999 -9999 -9999 -9999 -9999 32.0999984741211 31.9000015258789 32 31.9000015258789 31.6000003814697 31.2000007629395 31.1000003814697 31.3000011444092 31.2999992370605 31.2999992370605 31.3000011444092 31.2999992370605 31.3999996185303 31.5 31.6000003814697 31.5 31.2999992370605 31.5 31.6000003814697 31.7000007629395 31.8000011444092 31.8999996185303 32 32.0999984741211 32 32 32.0999984741211 32.4000015258789 32.4000015258789 32.2000007629395 32 32 31.8999996185303
-9999 -9999 -9999 -9999 -9999 -9999 -9999 -9999 -9999 -9999 -9999 -9999 -9999 -9999 -9999 -9999 -9999 -9999 -9999 -9999 32 31.8000011444092 31.6999988555908 31.6999988555908 31.7999992370605 31.7000007629395 31.6000003814697 31.5 31.3999996185303 31.1000003814697 31.1000003814697 31.1000003814697 31.2999992370605 31.5 31.7000007629395 31.8000011444092 31.7000007629395 31.8000011444092 31.8000011444092 31.7000007629395 31.7000007629395 31.8999996185303 32 32.2000007629395 32.2000007629395 32.0999984741211 32.5 32.1000022888184 31.8999996185303 32 32 31.8999996185303
-9999 -9999 -9999 -9999 -9999 -9999 -9999 -9999 -9999 -9999 -9999 -9999 -9999 -9999 -9999 -9999 -9999 -9999 -9999 -9999 -9999 -9999 31.7999992370605 31.8000011444092 32 32.0999984741211 31.8999996185303 31.9000015258789 31.7999992370605 31.5 31.5 31.2000007629395 31.2999992370605 31.5 31.8000011444092 31.8999996185303 32 31.8999996185303 31.7999992370605 31.8999996185303 31.7999992370605 32 32 32 32.2000007629395 32.4000015258789 32.4000015258789 32 32 32 32 32.1000022888184
-9999 -9999 -9999 -9999 -9999 -9999 -9999 -9999 -9999 -9999 -9999 -9999 -9999 -9999 -9999 -9999 -9999 -9999 -9999 -9999 -9999 -9999 -9999 -9999 32.0999984741211 32.0999984741211 32 32 32 31.8000011444092 31.9000015258789 31.8999996185303 31.8999996185303 31.8000011444092 31.8000011444092 32 32 32 31.8999996185303 31.8999996185303 32 32 32 32 32.0999984741211 32.1000022888184 32.4000015258789 32 32 32 32.0999984741211 32.3999977111816
-9999 -9999 -9999 -9999 -9999 -9999 -9999 -9999 -9999 -9999 -9999 -9999 -9999 -9999 -9999 -9999 -9999 -9999 -9999 -9999 -9999 -9999 -9999 -9999 -9999 -9999 -9999 32.0999984741211 32 31.8999996185303 32.1000022888184 31.8999996185303 32 32.1000022888184 32.1000022888184 32.0999984741211 32.0999984741211 32.1000022888184 32.1000022888184 32.1000022888184 32.0999984741211 32.0999984741211 32 32 32 32.0999984741211 32.4000015258789 32.3999977111816 32 32.0999984741211 32.3999977111816 32.3999977111816
-9999 -9999 -9999 -9999 -9999 -9999 -9999 -9999 -9999 -9999 -9999 -9999 -9999 -9999 -9999 -9999 -9999 -9999 -9999 -9999 -9999 -9999 -9999 -9999 -9999 -9999 -9999 -9999 -9999 -9999 32.1000022888184 32.0999984741211 32 32 32.0999984741211 32.2000007629395 32.1000022888184 32.1000022888184 32.0999984741211 32.2000007629395 32.0999984741211 32.0999984741211 32.2000007629395 32.0999984741211 32 32.2000007629395 32.2999992370605 32.5 32.2999992370605 32.4000015258789 32.5 32.2999992370605
