Demos/Rbased/CrashCourse/data/climate_processing/PresentLayers/Shortia_galacifolia/bio_14.asc
NCOLS 603 
NROWS 190 
XLLCORNER -83.7416666666667 
YLLCORNER 34.6416666666666 
CELLSIZE 0.00833333333333332 
NODATA_value -9999 
[rows 88 to 131 of 190, columns 96 to 191 of 603]
104 116 116 101 92 89 86 85 87 89 91 90 94 100 110 102 99 110 113 102 98 95 92 88 88 89 90 93 96 91 90 100 100 108 103 92 89 87 87 87 89 88 86 85 86 86 86 87 87 88 89 96 95 90 92 90 92 92 92 92 92 92 93 94 94 96 100 105 109 109 106 108 110 109 106 107 106 104 99 98 100 106 106 104 104 104 103 101 100 99 98 98 100 100 99 99
109 106 99 93 87 87 86 87 89 95 99 98 100 99 110 118 114 120 114 111 103 95 92 89 91 95 92 96 98 98 95 97 107 109 98 92 89 89 93 96 95 89 88 87 87 86 86 87 87 88 89 95 94 91 90 91 92 92 92 92 92 93 95 99 97 97 98 108 115 110 106 104 106 110 106 104 102 101 98 99 105 107 108 109 105 100 99 99 99 99 98 100 101 99 99 98
104 97 89 87 87 87 87 89 89 96 106 107 111 118 118 124 127 127 118 107 96 92 91 96 94 101 94 97 107 113 99 98 109 108 99 92 94 99 100 94 93 97 92 88 88 88 87 87 88 89 89 91 93 91 91 91 91 92 91 92 94 98 100 105 104 106 109 108 113 112 111 110 105 102 105 103 100 99 99 100 105 107 108 111 110 102 99 99 98 98 98 100 100 100 99 99
122 109 94 89 88 88 90 94 91 92 93 94 100 113 108 111 123 125 119 109 95 94 97 102 96 100 99 106 117 111 103 108 116 105 100 100 104 100 94 93 90 92 90 89 89 89 88 88 89 89 90 91 92 92 91 91 91 92 93 101 104 99 98 99 101 108 114 117 116 119 119 116 112 108 102 100 99 99 99 100 106 108 109 107 105 103 101 100 98 97 97 98 98 98 99 99
118 109 101 91 89 92 102 103 95 101 101 97 96 98 100 106 110 119 121 108 98 101 106 103 99 104 112 117 119 117 116 115 112 113 111 113 104 95 93 92 91 90 90 89 88 88 88 88 89 90 92 92 91 91 92 92 92 98 99 97 96 96 96 101 106 107 111 115 114 116 115 111 109 109 105 104 100 99 99 100 105 107 107 102 100 100 101 102 100 97 98 98 98 98 98 98
117 112 101 92 94 101 113 110 104 109 107 111 100 99 100 99 106 114 119 113 105 110 113 107 109 118 121 120 111 107 110 110 105 107 105 113 113 102 103 101 95 92 97 94 89 89 89 89 90 91 91 91 92 91 92 92 97 100 97 94 95 97 101 101 106 110 112 112 110 111 114 108 106 107 104 103 100 99 100 100 99 99 100 101 100 98 98 98 98 97 98 98 98 98 97 97
107 101 95 99 106 118 122 117 111 115 123 117 112 106 111 101 105 112 119 122 120 122 124 120 121 126 126 116 109 108 103 107 108 101 102 106 109 107 111 104 96 98 102 92 90 90 89 90 90 91 91 91 92 92 92 92 93 94 94 95 95 97 106 113 115 114 112 111 107 106 108 107 104 104 103 104 100 99 101 105 103 100 99 98 97 96 97 97 97 96 97 97 97 98 98 100
113 102 98 105 115 121 126 124 124 126 130 128 118 116 112 104 110 109 114 120 127 134 136 133 131 126 119 115 114 107 105 105 103 104 100 104 105 104 106 101 96 97 98 93 91 91 90 90 91 91 91 92 92 92 93 93 94 94 95 97 100 101 103 111 112 113 112 106 106 102 103 103 103 104 104 102 100 102 101 106 109 107 107 101 98 97 98 97 97 97 97 97 96 97 97 98
113 106 105 105 107 118 128 134 135 134 136 134 126 117 111 105 109 118 118 127 132 136 138 138 132 124 116 111 108 107 107 103 104 101 100 102 105 101 102 100 102 95 94 93 92 92 91 92 92 92 92 93 93 93 94 95 96 98 97 100 111 114 106 105 104 109 110 106 102 101 102 102 102 103 104 101 104 102 102 108 111 107 104 100 98 100 101 99 98 97 97 96 96 96 96 96
111 102 116 116 106 117 127 136 143 143 143 138 133 128 121 109 116 129 127 123 126 133 137 137 129 124 122 121 117 114 110 111 111 102 100 101 105 98 102 102 97 96 100 95 94 93 93 93 93 93 93 94 94 94 95 99 102 108 110 111 112 111 108 103 105 102 103 104 101 102 102 104 103 103 101 102 108 104 106 109 114 112 104 100 99 101 100 98 97 97 97 97 98 97 97 97
108 107 124 121 110 112 122 130 136 140 139 136 134 130 121 111 117 123 130 134 134 139 138 137 137 132 128 126 125 123 122 117 108 104 103 100 99 98 100 105 101 96 96 95 94 94 94 94 94 94 94 95 96 97 98 100 100 109 112 109 112 112 107 103 102 102 101 101 101 102 103 104 103 102 102 103 107 107 107 110 118 114 106 104 105 101 98 97 98 98 97 98 98 97 97 97
107 117 128 128 120 114 120 126 134 138 132 127 124 123 120 113 121 125 130 138 140 138 132 129 132 130 123 122 120 118 123 120 116 114 111 105 104 100 98 98 97 97 96 96 95 95 95 95 95 95 95 96 96 98 97 98 102 106 109 105 106 105 106 106 101 101 101 101 102 102 103 103 103 103 104 107 107 109 110 113 114 112 107 103 101 100 99 98 98 98 98 98 98 97 97 97
114 125 134 136 125 118 130 135 143 138 134 131 131 131 125 116 123 131 136 139 135 129 124 122 122 122 119 121 120 118 116 117 121 114 108 110 106 104 100 100 99 101 99 98 97 97 96 96 96 96 97 97 97 97 98 99 101 101 101 102 106 102 101 102 101 101 101 101 102 102 102 103 103 103 107 110 109 110 113 112 112 112 103 100 99 98 98 98 98 97 97 97 98 97 97 97
114 128 134 138 130 122 128 138 145 142 142 138 139 135 129 120 124 133 137 134 129 125 120 120 120 123 124 123 121 120 118 114 116 113 109 106 105 106 102 101 103 101 100 99 99 98 98 98 97 98 98 99 98 98 98 99 99 100 101 103 102 102 101 101 101 102 102 102 103 103 102 103 103 104 108 110 109 110 111 110 111 113 107 101 99 99 98 98 98 98 97 97 97 97 97 96
116 119 131 137 136 129 132 138 144 147 146 144 143 138 128 124 129 133 134 127 123 121 120 120 122 127 132 127 127 127 120 113 110 111 114 108 104 104 106 107 106 102 101 100 100 99 99 99 99 99 100 101 100 100 100 100 100 101 102 102 102 101 101 102 102 103 104 103 102 103 103 104 103 105 108 109 109 110 108 110 109 111 106 101 99 98 98 97 97 97 97 97 97 97 97 97
123 125 123 132 140 137 135 142 146 148 143 141 139 136 127 128 138 138 132 124 121 121 121 123 123 130 132 127 123 124 117 115 113 110 111 110 106 112 117 110 103 102 102 102 101 101 100 100 100 100 101 101 102 102 101 101 101 101 102 102 102 102 102 102 103 104 105 103 103 103 104 104 104 106 107 108 109 107 109 108 104 103 100 99 98 98 98 97 97 97 97 97 97 97 97 97
134 135 132 128 133 141 142 141 146 149 145 141 138 136 128 132 139 137 131 123 123 125 129 126 122 127 127 125 121 124 121 119 115 112 110 108 109 114 107 105 103 103 103 103 103 102 101 101 102 102 104 103 102 103 107 102 101 102 102 102 102 102 103 102 103 104 104 104 104 104 105 104 104 106 110 108 107 108 108 104 101 99 98 98 98 98 97 97 97 97 97 97 97 97 97 97
139 143 141 137 133 139 144 146 147 149 146 144 143 137 132 137 136 129 124 125 129 131 131 126 123 123 125 125 119 117 118 117 113 112 113 116 114 107 105 104 104 104 104 103 103 102 102 102 103 104 107 109 105 104 103 103 102 102 102 102 103 103 104 104 103 104 104 105 105 104 104 104 104 107 108 107 107 110 104 101 99 98 98 98 97 97 97 97 97 97 97 96 96 97 97 97
139 145 146 144 138 143 147 149 150 148 146 145 142 139 136 136 130 124 124 131 130 125 126 132 129 126 122 121 119 119 116 114 114 115 112 112 108 106 107 106 106 105 104 103 103 105 104 105 103 103 104 105 108 105 104 103 102 103 103 103 103 103 104 104 104 104 104 105 105 104 103 104 104 108 106 106 109 110 102 99 98 98 97 97 97 96 97 97 96 97 96 96 96 96 96 96
142 146 149 144 143 149 149 151 150 147 146 143 142 139 139 134 128 125 125 132 123 121 122 125 133 132 127 125 122 122 120 119 121 114 111 109 108 108 107 106 106 105 104 104 106 110 107 107 107 106 104 104 105 108 105 104 103 103 103 103 103 103 104 104 104 104 104 105 105 104 104 104 103 105 105 108 111 107 101 100 98 97 97 97 97 97 98 97 97 97 96 97 96 96 96 96
143 147 149 144 145 149 149 151 149 147 146 145 143 140 134 128 125 123 124 128 128 122 119 120 128 130 130 123 120 121 118 119 116 111 110 110 110 109 107 107 106 106 106 105 107 111 110 109 111 111 109 111 107 105 105 105 104 104 104 104 104 104 104 104 104 104 105 105 106 106 104 103 103 104 106 110 111 108 106 101 98 98 97 97 98 98 98 97 97 97 97 97 97 97 96 97
147 149 149 146 147 150 151 150 148 146 143 141 139 138 130 128 126 125 122 122 123 126 119 118 122 127 124 121 118 123 122 117 113 111 111 110 109 108 108 107 107 107 106 106 106 107 107 109 109 114 117 117 114 110 106 106 105 104 104 104 104 104 104 105 105 105 105 105 106 106 105 104 105 107 108 109 107 105 103 99 98 98 98 98 98 98 97 97 97 97 97 97 97 97 96 96
149 151 150 148 148 149 148 147 143 140 139 135 135 131 126 127 124 129 128 121 120 123 122 120 119 125 123 120 118 121 120 116 114 116 115 112 110 109 108 108 108 108 107 106 106 106 107 108 110 113 114 113 110 110 107 106 105 105 105 105 105 105 105 105 105 105 105 106 106 105 105 104 105 108 110 109 103 103 100 98 98 98 100 101 99 98 98 98 98 99 99 98 97 96 96 96
145 147 149 147 144 145 143 143 142 137 132 129 131 128 126 124 123 124 128 122 119 120 124 123 118 121 121 121 118 118 116 116 116 114 114 114 113 111 109 110 109 108 108 108 108 107 107 109 111 115 115 112 109 107 107 106 106 106 106 106 105 105 106 105 105 106 106 106 106 105 104 105 108 106 106 107 104 101 99 99 101 101 102 102 100 99 99 100 101 103 102 98 97 97 96 97
141 144 147 145 141 141 141 140 143 142 139 131 126 124 123 123 121 121 120 119 121 119 119 118 117 117 118 121 119 115 115 117 115 113 115 118 117 111 110 113 113 109 111 114 112 110 109 108 109 110 113 114 111 108 107 107 107 107 107 106 106 106 106 106 106 106 106 106 105 104 104 106 106 105 105 107 103 99 98 100 103 103 103 100 101 103 106 105 105 102 100 98 98 97 97 96
140 142 145 142 138 137 137 138 144 144 138 131 127 126 124 123 123 122 124 122 125 124 120 124 123 119 116 117 117 115 115 115 115 114 113 118 116 111 112 117 116 113 114 115 117 116 113 109 110 111 115 113 110 109 108 107 107 109 109 107 107 107 107 107 107 106 107 105 104 104 105 103 104 106 106 103 100 100 101 103 102 103 103 102 105 110 113 112 103 99 98 97 98 97 96 96
141 142 143 140 139 135 134 140 145 145 139 131 129 128 127 126 126 125 128 130 132 127 127 123 121 119 119 117 115 115 115 114 114 113 113 113 112 112 118 121 117 117 119 119 120 118 113 112 114 114 114 111 110 109 108 108 108 108 110 109 108 108 108 108 107 107 105 104 105 107 106 104 102 102 103 100 101 102 103 104 103 104 106 109 112 111 109 105 100 98 98 97 97 97 96 96
140 140 142 137 137 136 133 140 143 139 132 132 132 133 132 128 131 133 133 132 131 127 125 125 122 122 119 117 116 115 116 115 114 113 113 113 113 114 121 123 123 123 124 126 124 118 116 114 114 114 112 112 110 109 109 109 111 114 114 110 109 109 110 110 108 106 105 106 107 106 106 105 105 101 101 103 104 105 103 104 105 107 109 109 104 101 100 99 99 99 98 97 97 96 96 96
139 144 143 139 136 134 133 136 137 132 130 133 133 132 132 132 136 135 137 134 129 127 124 123 123 120 118 117 116 116 116 115 116 116 115 114 113 114 119 124 123 123 121 121 119 117 117 117 116 114 112 111 110 111 111 112 113 117 113 111 111 111 111 110 107 107 106 107 107 106 105 106 107 105 106 106 106 104 105 105 105 107 106 101 99 98 99 98 98 98 97 97 97 97 97 97
143 147 145 144 143 137 131 131 131 131 130 134 134 132 132 135 132 135 133 132 128 125 124 123 121 119 118 118 117 119 119 119 122 123 120 116 114 114 116 118 117 118 116 117 116 116 116 116 113 112 111 111 112 115 118 120 118 120 118 116 116 114 111 109 108 108 106 108 107 106 108 108 107 107 107 106 106 106 106 106 106 102 100 98 98 98 100 99 98 98 98 97 98 98 97 97
145 146 142 138 138 136 132 130 130 130 130 133 135 133 131 133 131 137 133 129 126 125 123 122 121 120 119 118 118 118 119 121 125 125 119 116 115 115 115 115 114 115 116 117 117 118 119 120 120 121 118 118 117 123 123 122 122 120 117 116 117 114 111 109 109 108 108 109 108 108 109 109 108 107 107 107 107 106 106 107 105 100 98 98 98 97 98 98 98 98 98 98 98 98 97 97
144 142 136 134 132 132 131 131 130 130 130 134 135 133 133 130 129 131 131 128 127 124 123 122 121 121 120 119 120 120 122 125 128 124 119 117 117 117 119 118 120 118 120 121 124 127 126 131 131 126 126 125 124 125 123 119 121 118 115 112 112 110 109 109 109 110 112 111 111 110 109 108 108 107 107 106 107 107 104 104 102 99 98 98 97 97 98 98 97 98 98 97 97 97 97 97
140 137 133 132 132 131 131 131 131 130 130 133 137 137 134 131 129 128 129 127 127 125 125 123 122 121 121 121 121 123 123 124 128 129 125 121 119 119 122 122 125 123 121 127 131 130 131 132 128 123 122 125 125 122 122 116 117 116 113 111 109 110 110 110 111 114 114 112 111 110 108 107 106 105 105 104 104 102 101 101 101 99 98 98 98 97 97 97 97 97 97 97 96 97 97 96
134 134 135 135 135 133 133 131 130 130 130 133 135 135 134 134 133 130 128 127 127 126 125 124 123 124 122 122 124 127 127 124 126 131 127 125 121 120 121 121 123 124 124 126 128 128 129 130 130 125 120 119 121 122 120 115 113 112 112 110 111 110 111 112 113 114 113 111 110 109 108 109 108 108 108 109 108 108 107 109 104 101 101 99 98 98 97 97 97 97 97 96 96 96 96 96
135 133 133 133 133 133 132 131 131 131 131 132 133 133 132 132 131 130 128 127 127 126 127 125 123 123 122 124 127 130 132 131 128 128 126 123 122 122 121 121 124 124 126 127 127 128 129 129 126 125 120 116 115 115 115 113 112 112 111 112 112 112 115 116 116 112 112 110 110 110 110 110 110 109 109 109 110 111 111 110 105 103 101 100 99 98 98 98 98 97 97 96 96 96 95 96
136 134 131 132 132 132 133 133 132 131 131 132 134 133 132 131 130 129 129 127 127 127 128 126 125 124 124 128 128 129 129 134 134 130 127 125 126 126 124 123 125 124 124 127 130 129 130 131 128 124 119 118 116 115 114 117 118 118 113 114 114 114 114 115 113 111 113 114 111 110 111 110 110 111 111 113 115 116 109 104 101 101 100 99 98 98 98 98 98 98 97 96 96 95 95 95
133 133 132 131 132 133 133 136 134 133 132 133 134 134 132 131 131 130 129 128 127 128 126 126 126 125 128 132 133 133 134 136 136 135 131 129 128 127 125 125 126 127 128 127 128 130 132 132 129 127 124 121 116 114 117 119 120 116 114 114 115 114 114 113 115 111 114 113 111 112 111 110 111 112 114 112 112 117 112 106 103 100 100 99 99 99 100 99 98 97 97 96 96 96 95 95
134 133 133 132 132 132 133 136 136 134 133 132 133 133 132 131 131 131 129 130 129 128 127 127 128 130 131 134 135 137 138 139 136 135 133 132 131 129 127 126 126 127 127 128 130 132 131 132 130 123 117 116 116 117 120 119 119 119 117 113 114 115 115 111 110 110 114 113 112 110 110 111 111 111 109 109 112 116 111 106 103 101 100 99 100 100 98 99 98 97 97 97 96 96 95 95
138 138 136 136 134 132 132 134 134 135 134 132 133 133 132 132 131 131 130 131 131 130 130 129 130 134 134 134 136 137 136 137 135 133 133 132 130 129 129 129 128 129 130 130 130 127 126 124 122 120 118 120 122 121 124 118 117 116 117 116 120 116 112 110 109 109 111 108 106 106 107 108 109 110 113 113 117 121 118 109 105 103 102 101 99 99 98 98 98 97 97 96 96 96 95 96
139 138 138 137 134 136 136 134 134 134 135 134 133 133 133 133 132 131 132 132 133 132 132 134 134 133 134 135 136 136 135 136 137 134 132 132 132 130 131 132 130 129 129 128 127 128 129 129 129 127 128 127 125 125 117 112 112 117 118 114 117 116 110 107 110 108 106 105 104 105 107 113 116 113 115 113 110 110 110 106 104 102 100 99 98 98 97 98 97 97 96 96 96 96 96 96
139 137 139 138 138 136 136 135 134 134 134 133 133 134 134 134 134 133 133 133 133 134 135 136 135 136 136 135 135 135 135 134 136 134 132 132 132 130 131 132 132 130 130 130 132 133 131 129 130 128 125 120 114 112 110 111 112 111 109 111 115 112 108 106 106 105 104 104 108 110 114 115 120 117 112 109 106 103 104 103 102 100 99 99 99 98 97 97 97 97 96 96 96 96 96 96
139 137 140 140 139 136 135 134 134 134 134 134 134 134 134 135 134 134 134 134 133 133 134 136 137 137 137 136 136 136 134 133 133 134 132 131 131 134 135 134 131 131 132 133 133 131 129 127 121 121 117 111 109 109 111 112 110 108 108 108 107 107 106 106 105 106 109 109 110 112 117 121 117 114 114 111 105 104 103 103 100 99 99 99 98 97 97 97 96 96 96 96 96 96 95 96
138 138 138 138 136 136 135 135 135 135 134 134 135 135 135 134 135 134 134 134 133 134 134 136 137 138 138 137 138 138 137 137 136 136 134 134 135 135 136 136 136 135 134 134 130 120 116 113 113 113 111 108 109 110 110 111 111 108 105 105 107 107 106 105 105 107 109 110 110 113 116 118 117 111 107 107 107 103 101 101 101 99 98 98 98 97 97 97 96 96 96 96 96 96 95 95
138 138 138 136 136 136 136 136 135 135 135 136 135 135 135 135 135 135 135 134 134 134 136 137 136 137 138 140 139 138 138 139 138 137 138 137 136 136 134 131 130 126 123 121 114 111 109 108 108 108 108 112 111 110 111 112 110 106 105 105 106 106 105 107 108 107 107 107 107 108 109 108 107 105 105 104 103 102 100 100 99 99 99 98 98 97 97 97 96 96 96 95 95 95 95 95
