Demos/Rbased/CrashCourse/data/climate_processing/PresentLayers/Shortia_galacifolia/bio_15.asc
NCOLS 603 
NROWS 190 
XLLCORNER -83.7416666666667 
YLLCORNER 34.6416666666666 
CELLSIZE 0.00833333333333332 
NODATA_value -9999 
[rows 110 to 131 of 190, columns 288 to 335 of 603]
11.259331703186 11.4744424819946 11.3891716003418 11.5981540679932 11.5178813934326 11.499493598938 11.3354272842407 11.499493598938 11.5033283233643 11.5033283233643 11.7467660903931 11.6364965438843 11.9172697067261 11.8647603988647 11.8890523910522 11.8890523910522 12.0806045532227 12.0806045532227 11.6595964431763 11.6058330535889 11.852668762207 11.613166809082 11.6106204986572 11.5383749008179 11.4285287857056 11.294038772583 11.2361097335815 11.069878578186 11.2095890045166 11.1185760498047 11.0146617889404 10.8603382110596 10.9804086685181 10.745436668396 10.980094909668 10.8035898208618 10.8704671859741 10.780782699585 10.7554512023926 10.6824645996094 10.7892446517944 10.5905246734619 10.5355348587036 10.5355348587036 10.5779857635498 10.5779857635498 10.520318031311 10.5314989089966
11.259331703186 11.079270362854 11.3903999328613 11.3891716003418 11.3903999328613 11.3903999328613 11.1586122512817 11.4430170059204 11.36989402771 11.36989402771 11.6718463897705 11.6747722625732 11.6747722625732 11.6055669784546 11.8494882583618 12.0613632202148 12.0806045532227 12.0128040313721 11.9031944274902 11.8819265365601 11.8056688308716 11.6468772888184 11.5688886642456 11.6008319854736 11.3925104141235 11.3424158096313 11.1036224365234 10.9547138214111 11.0667362213135 11.1185760498047 10.9817733764648 10.9899034500122 10.9502744674683 10.745436668396 10.7947187423706 10.7080068588257 10.8704671859741 10.7766590118408 10.7153739929199 10.6824645996094 10.786828994751 10.5892839431763 10.5905246734619 10.5614948272705 10.5614948272705 10.3862190246582 10.5098819732666 10.5901365280151
11.0515451431274 11.3273010253906 11.2836074829102 11.2836074829102 11.3184051513672 11.3184051513672 11.3184051513672 11.4430170059204 11.4307899475098 11.5496854782104 11.4163656234741 11.6182413101196 11.6747722625732 11.5139980316162 11.8418664932251 11.8418664932251 11.816782951355 12.0183525085449 11.9083185195923 11.9064121246338 11.7730522155762 11.5688886642456 11.445122718811 11.3260583877563 11.3325653076172 11.3193159103394 11.3270788192749 11.2361097335815 11.1723918914795 11.1185760498047 11.0807189941406 10.9157009124756 10.9210109710693 10.8462238311768 10.6882476806641 10.9023294448853 10.838529586792 10.8325595855713 10.7265014648438 10.5905246734619 10.9136667251587 10.5892839431763 10.6077699661255 10.479790687561 10.4330635070801 10.414379119873 10.383768081665 10.383768081665
10.9102058410645 11.0515451431274 11.335560798645 11.3184051513672 11.3184051513672 11.3184051513672 11.572455406189 11.499493598938 11.4866123199463 11.5496854782104 11.5867414474487 11.7302141189575 11.518892288208 11.7543382644653 11.8020401000977 11.6015396118164 11.8647708892822 11.762806892395 11.7699918746948 11.4831800460815 11.6878633499146 11.4665222167969 11.2342433929443 11.2703447341919 11.1940698623657 11.1470756530762 11.3301725387573 11.2738580703735 11.0667362213135 10.9817733764648 11.1319437026978 11.1370210647583 10.9120874404907 10.8462238311768 10.8684797286987 10.8234844207764 10.9930973052979 10.8635692596436 10.7667303085327 10.9737234115601 10.5892839431763 10.5892839431763 10.6077699661255 10.6548881530762 10.6079397201538 10.590669631958 10.4306211471558 10.2535152435303
10.9229764938354 10.9017200469971 11.0515451431274 11.3961591720581 11.2990951538086 11.2990951538086 11.499493598938 11.6254272460938 11.499493598938 11.5573606491089 11.7543382644653 11.7302141189575 11.7543382644653 11.7543382644653 11.6487817764282 11.7899265289307 11.7877435684204 11.6558103561401 11.7023887634277 11.6463022232056 11.6722593307495 11.4415512084961 11.3672094345093 11.5522260665894 11.4559507369995 11.4948244094849 11.3270788192749 11.2423248291016 11.1890602111816 11.1912069320679 10.9123401641846 11.1370210647583 10.9169235229492 10.8427238464355 10.6882476806641 10.6882476806641 10.7078514099121 10.8635692596436 10.8706493377686 10.7801456451416 10.7645397186279 10.6334896087646 10.5908613204956 10.6608543395996 10.6445608139038 10.4136028289795 10.3768157958984 10.4284982681274
10.9229764938354 11.2120485305786 11.3500099182129 11.2937431335449 11.2836074829102 11.499493598938 11.6254272460938 11.3989524841309 11.557297706604 11.518892288208 11.7543382644653 11.7453985214233 11.8664112091064 11.8664112091064 11.6976881027222 11.8096389770508 11.6558103561401 11.6558103561401 11.5079097747803 11.5007934570312 11.4752759933472 11.4752759933472 11.4336023330688 11.3070802688599 11.4559507369995 11.323281288147 11.2857818603516 11.2329216003418 11.1912069320679 11.1912069320679 11.0402822494507 11.1031341552734 11.0769634246826 11.0769634246826 10.9467344284058 10.695086479187 10.695086479187 10.8635692596436 10.8683624267578 10.9530735015869 10.6354169845581 10.6426191329956 10.6699600219727 10.6536960601807 10.6457376480103 10.512845993042 10.4497299194336 10.4497299194336
11.0371923446655 11.1840648651123 11.03502368927 11.5376253128052 11.3968286514282 11.5018157958984 11.6254272460938 11.6144914627075 11.7543382644653 11.7453985214233 11.8664112091064 11.7104711532593 11.7847547531128 11.8664112091064 11.8096389770508 11.8355674743652 11.7134628295898 11.602650642395 11.602650642395 11.5322713851929 11.5654973983765 11.4336023330688 11.4336023330688 11.253360748291 11.1509065628052 11.4927368164062 11.2857818603516 11.2760591506958 11.1926555633545 11.1598110198975 11.0402822494507 11.196967124939 11.0769634246826 11.0769634246826 10.8763675689697 10.8842706680298 10.9186429977417 10.8635692596436 10.8683624267578 11.0070915222168 10.8189706802368 10.6918973922729 10.6918973922729 10.6457376480103 10.8753070831299 10.820652961731 10.5658521652222 10.4042072296143
11.0865383148193 11.2120485305786 11.2937431335449 11.5248155593872 11.4517240524292 11.3968286514282 11.3968286514282 11.564905166626 11.3719339370728 11.5801057815552 11.5107097625732 11.6402463912964 11.8664112091064 11.8664112091064 11.8304920196533 11.8304920196533 11.7134628295898 11.5007934570312 11.6334161758423 11.6635465621948 11.4308643341064 11.5777225494385 11.4672822952271 11.3778095245361 11.3324327468872 11.4927368164062 11.4058675765991 11.2473297119141 11.1926555633545 11.2250595092773 11.0402822494507 11.2529220581055 11.0769634246826 11.0769634246826 10.8500471115112 10.9726600646973 10.9287023544312 10.8695669174194 10.8795948028564 11.0155019760132 11.065728187561 10.7005224227905 10.6536960601807 10.7162351608276 10.9206428527832 10.5658521652222 10.5243272781372 10.5817632675171
11.2037000656128 11.1712779998779 11.3121366500854 11.3842782974243 11.3336591720581 11.6023445129395 11.3827514648438 11.0747451782227 10.8747262954712 11.3507127761841 11.6718463897705 11.5926561355591 11.7311706542969 11.8030557632446 11.8304920196533 11.602650642395 11.5007934570312 11.6619138717651 11.5322713851929 11.48912525177 11.7389001846313 11.6121072769165 11.6121072769165 11.5529499053955 11.5923194885254 11.4478778839111 11.3189716339111 11.2852201461792 11.1242723464966 11.1598110198975 11.3389453887939 11.1786594390869 11.0846490859985 11.0630664825439 10.9105520248413 11.1442985534668 10.9202423095703 10.8481473922729 10.8795948028564 11.0691080093384 10.6944494247437 10.7063064575195 10.8902883529663 10.8564424514771 10.8798532485962 10.7562065124512 10.5314989089966 10.4120321273804
11.5049142837524 11.1197004318237 11.3121366500854 11.3013525009155 11.3013525009155 11.2516813278198 11.2344675064087 10.6822175979614 11.2344675064087 11.3770666122437 11.7319440841675 11.5926561355591 11.7868280410767 11.7575407028198 11.7441082000732 11.602650642395 11.6850452423096 11.6827373504639 11.4731874465942 11.5322713851929 11.4910831451416 11.4672822952271 11.374963760376 11.576849937439 11.5350332260132 11.3397073745728 11.2852201461792 11.3325653076172 11.1743564605713 11.1598110198975 11.14231300354 10.9786357879639 11.1374387741089 11.1461896896362 10.9202423095703 10.9899930953979 11.0927810668945 10.9292182922363 10.8795948028564 11.0775566101074 10.6944494247437 10.7640867233276 11.0142793655396 10.9427709579468 10.7372512817383 10.5814638137817 10.6001987457275 10.6549663543701
11.1408987045288 11.2876062393188 11.2876062393188 11.1402339935303 11.2427959442139 11.2344675064087 11.2428827285767 10.9333667755127 11.3964643478394 11.3770666122437 11.7715606689453 11.4565658569336 11.7868280410767 11.8183479309082 11.7441082000732 11.523567199707 11.7410736083984 11.6827373504639 11.6015396118164 11.5122804641724 11.5122804641724 11.3973665237427 11.4356622695923 11.3566751480103 11.5049724578857 11.4198694229126 11.2985963821411 11.3383560180664 11.2587862014771 11.0655536651611 11.0631637573242 11.0239543914795 11.3159055709839 11.1279230117798 11.1053247451782 11.0927810668945 10.9587135314941 10.8057985305786 10.9138460159302 11.0775566101074 10.941463470459 11.0779390335083 10.7174282073975 10.6182422637939 10.5814638137817 10.6445608139038 10.6001987457275 10.500524520874
11.1408987045288 11.1408987045288 11.0293283462524 10.8491067886353 11.1402339935303 11.307089805603 11.4171962738037 11.5188417434692 11.3964643478394 11.3770666122437 11.6708917617798 11.6079931259155 11.5173025131226 11.7441082000732 11.5859870910645 11.7465047836304 11.5517892837524 11.7175264358521 11.4910831451416 11.4377593994141 11.2464227676392 11.3867101669312 11.4356622695923 11.3473424911499 11.3999443054199 11.3505630493164 11.3022899627686 11.3135557174683 11.2827749252319 11.0655536651611 11.130485534668 11.0735712051392 11.1736526489258 11.222559928894 11.1541814804077 10.9899930953979 10.9803295135498 10.9803295135498 10.980094909668 10.7667303085327 11.0779390335083 10.9534845352173 10.7786321640015 10.7786321640015 10.6972322463989 10.6445608139038 10.6001987457275 10.8253173828125
11.4297904968262 11.1432313919067 10.8214092254639 10.6043214797974 11.092791557312 11.307089805603 11.2470827102661 11.6016578674316 11.5049123764038 11.5045223236084 11.6284971237183 11.6284971237183 11.5155248641968 11.7441082000732 11.7465047836304 11.5517892837524 11.5565013885498 11.6596403121948 11.6596403121948 11.5329322814941 11.277928352356 11.3920583724976 11.2704563140869 11.3056707382202 11.572566986084 11.3505630493164 11.3179388046265 11.3135557174683 11.5157775878906 11.2578754425049 11.201024055481 11.3680953979492 11.2707767486572 11.0927810668945 11.1349449157715 11.1026210784912 11.1026210784912 10.9263486862183 10.805811882019 10.9545040130615 11.0146732330322 10.8481473922729 10.8347940444946 10.7945756912231 10.6972322463989 10.667218208313 10.6827630996704 10.7736206054688
11.1613502502441 11.2016620635986 11.003360748291 11.003360748291 11.1278810501099 11.3930082321167 11.4171962738037 11.4384441375732 11.3738584518433 11.5034914016724 11.6284971237183 11.5034847259521 11.4164361953735 11.7792148590088 11.782301902771 11.5565013885498 11.71812915802 11.71812915802 11.5915212631226 11.4966592788696 11.4124307632446 11.4378042221069 11.2704563140869 11.2372465133667 11.5460605621338 11.3672094345093 11.3271226882935 11.2777557373047 11.2490653991699 11.130485534668 11.383617401123 11.2589845657349 11.439847946167 11.2515182495117 11.2126216888428 11.006326675415 10.9462490081787 11.1890144348145 10.9991149902344 10.9957160949707 11.0334053039551 10.9679689407349 10.8072729110718 10.8072729110718 10.8925886154175 10.8570499420166 10.7083463668823 10.6548881530762
11.0218286514282 10.9344854354858 10.8099689483643 11.092791557312 11.3401975631714 11.3918972015381 11.4962463378906 11.4384441375732 11.6307764053345 11.2766160964966 11.4506750106812 11.6627740859985 11.3805170059204 11.6838693618774 11.8152656555176 11.71812915802 11.71812915802 11.6927452087402 11.6335144042969 11.5079097747803 11.5244255065918 11.2704563140869 11.2704563140869 11.2372465133667 11.2838640213013 11.242359161377 11.3424158096313 11.3271226882935 11.2891654968262 11.3022899627686 11.1493368148804 11.439847946167 11.2707767486572 11.0667362213135 11.0812692642212 11.1798725128174 11.0150566101074 11.1710300445557 11.0594701766968 10.9450216293335 11.2229204177856 10.9050045013428 10.8072729110718 10.8303194046021 10.9148941040039 10.8837146759033 10.8793668746948 10.7083463668823
11.0662136077881 11.2731742858887 11.2075691223145 11.3388662338257 11.3918972015381 11.3507328033447 11.52721118927 11.6964826583862 11.6307764053345 11.6307764053345 11.4117889404297 11.5699214935303 11.6638298034668 11.6096324920654 11.71812915802 11.7287950515747 11.5915212631226 11.6335144042969 11.6335144042969 11.460807800293 11.5636043548584 11.4626846313477 11.2372465133667 11.4614610671997 11.2193336486816 11.1648845672607 11.1889839172363 11.3433256149292 11.3407335281372 11.3022899627686 11.4672689437866 11.439847946167 11.439847946167 11.2515182495117 11.0667362213135 11.2838039398193 11.1203765869141 11.2488498687744 11.0755548477173 11.0074424743652 11.0032091140747 11.0471019744873 10.8303194046021 10.8303194046021 10.9148941040039 10.9491395950317 10.9869565963745 10.9191665649414
11.2969493865967 11.2707052230835 11.4293851852417 11.4154777526855 11.4154777526855 11.3734683990479 11.52721118927 11.5576963424683 11.4775991439819 11.6627740859985 11.6718463897705 11.6718463897705 11.4708595275879 11.6335220336914 11.5915212631226 11.6927452087402 11.6944208145142 11.5081262588501 11.7339944839478 11.5868453979492 11.4626846313477 11.3778095245361 11.2516450881958 11.3981485366821 11.3026857376099 11.1648845672607 11.1889839172363 11.5110177993774 11.3271226882935 11.3188734054565 11.2656002044678 11.1261186599731 11.4623146057129 11.2753715515137 11.1576242446899 11.2838039398193 11.2395896911621 11.1224460601807 11.1224460601807 11.1080102920532 11.0598382949829 11.1239290237427 11.0717821121216 10.9888458251953 10.9729557037354 10.9467344284058 10.9869565963745 10.9869565963745
11.4293851852417 11.2694444656372 11.4154777526855 11.4293851852417 11.3767004013062 11.5273017883301 11.3336591720581 11.5488986968994 11.5498504638672 11.5018157958984 11.6714172363281 11.5791101455688 11.6335220336914 11.7287950515747 11.6927452087402 11.6927452087402 11.6927452087402 11.6944208145142 11.5226316452026 11.6878089904785 11.4626846313477 11.3778095245361 11.4765892028809 11.3981485366821 11.3026857376099 11.4068441390991 11.3889169692993 11.5110177993774 11.2201662063599 11.3188734054565 11.3188734054565 11.2111911773682 11.3984718322754 11.4623146057129 11.3402910232544 11.2650461196899 11.3120517730713 11.1786594390869 11.1786594390869 11.2565937042236 11.1608572006226 11.1699686050415 11.0165195465088 11.0074424743652 10.9729557037354 11.059624671936 11.041205406189 10.9869565963745
11.4293851852417 11.2713050842285 11.3259229660034 11.4154777526855 11.5323209762573 11.5611934661865 11.4660511016846 11.526219367981 11.526219367981 11.6708917617798 11.5791101455688 11.7031841278076 11.4886026382446 11.5800352096558 11.6335220336914 11.6337966918945 11.5481615066528 11.4828414916992 11.5392036437988 11.602650642395 11.7064571380615 11.4228954315186 11.4765892028809 11.3348665237427 11.2573204040527 11.3107395172119 11.3889169692993 11.5110177993774 11.3108158111572 11.3108158111572 11.2852201461792 11.380669593811 11.2260913848877 11.4623146057129 11.3402910232544 11.4556159973145 11.3120517730713 11.3288898468018 11.2076606750488 11.2565937042236 11.3336887359619 11.1884231567383 11.1884231567383 11.1884231567383 10.9729557037354 11.059624671936 11.059624671936 11.0742483139038
11.3163909912109 11.4293851852417 11.4154777526855 11.3259229660034 11.5523815155029 11.5649271011353 11.526219367981 11.526219367981 11.5196533203125 11.556453704834 11.6391935348511 11.3450880050659 11.4886026382446 11.4549474716187 11.4086332321167 11.6337966918945 11.6105937957764 11.5481615066528 11.7331027984619 11.5900716781616 11.5900716781616 11.4812097549438 11.6250534057617 11.6250534057617 11.5109767913818 11.2828531265259 11.2215995788574 11.5508346557617 11.4058675765991 11.3026533126831 11.3424158096313 11.3188734054565 11.2260913848877 11.2260913848877 11.4923696517944 11.4843826293945 11.3901786804199 11.3901786804199 11.3288898468018 11.2252473831177 11.0908374786377 11.1884231567383 11.1884231567383 11.1528615951538 11.1884231567383 11.0933170318604 11.0933170318604 11.0933170318604
11.4380779266357 11.3952913284302 11.2938470840454 11.234769821167 11.382622718811 11.5868110656738 11.5611934661865 11.5611934661865 11.5721302032471 11.429084777832 11.5422792434692 11.3450994491577 11.6281595230103 11.5649442672729 11.4254236221313 11.6337966918945 11.6900548934937 11.5900716781616 11.6762018203735 11.5095729827881 11.5095729827881 11.5590181350708 11.4929389953613 11.3079671859741 11.6851978302002 11.5508346557617 11.3348665237427 11.4290924072266 11.4058675765991 11.4058675765991 11.3912124633789 11.3761873245239 11.3382911682129 11.2260913848877 11.5712585449219 11.2686147689819 11.2573356628418 11.2361097335815 11.1006660461426 11.2334604263306 11.2455530166626 11.2055044174194 11.2720642089844 11.2189931869507 11.2551126480103 11.0165195465088 11.1029224395752 11.1374387741089
11.6871242523193 11.307089805603 11.4306325912476 11.4727945327759 11.2048072814941 11.3618183135986 11.3554611206055 11.3538246154785 11.4007997512817 11.5076360702515 11.4625053405762 11.3985357284546 11.4579000473022 11.5310277938843 11.4254236221313 11.4254236221313 11.6249494552612 11.7563447952271 11.5900716781616 11.6155138015747 11.6335144042969 11.5714244842529 11.5008544921875 11.5008544921875 11.3618183135986 11.6121072769165 11.5508346557617 11.6165733337402 11.6165733337402 11.4361019134521 11.5169239044189 11.4497976303101 11.3382911682129 11.2686147689819 11.4508600234985 11.3929214477539 11.4084510803223 11.1429328918457 11.0832920074463 11.1167898178101 11.4150400161743 11.2842206954956 11.3137884140015 11.3137884140015 11.3724021911621 11.2951889038086 11.3816337585449 11.3816337585449
