Demos/Rbased/CrashCourse/data/climate_processing/PresentLayers/Shortia_galacifolia/bio_15.asc
NCOLS 603 
NROWS 190 
XLLCORNER -83.7416666666667 
YLLCORNER 34.6416666666666 
CELLSIZE 0.00833333333333332 
NODATA_value -9999 
[rows 44 to 65 of 190, columns 144 to 191 of 603]
13.1804218292236 13.496693611145 12.9819488525391 12.9889450073242 13.402515411377 13.3505220413208 13.3110771179199 13.0371837615967 12.9637460708618 12.8367538452148 12.9004850387573 12.2567138671875 11.476318359375 11.6789855957031 11.602746963501 11.9193820953369 11.7441930770874 11.1390838623047 11.652853012085 11.3743753433228 11.2439136505127 10.4399433135986 9.99386596679688 10.1109523773193 10.7814540863037 10.8124132156372 10.8440437316895 11.1017618179321 11.5680513381958 11.1579885482788 10.5872507095337 10.171875 9.868332862854 9.56874942779541 9.23787593841553 9.2437686920166 10.1251993179321 10.7860450744629 11.0235271453857 11.0867080688477 11.0452680587769 10.9447402954102 11.1321353912354 11.1321353912354 10.8172063827515 10.7180080413818 10.6578683853149 10.8142051696777
13.1804218292236 13.4727592468262 13.5372438430786 13.4079713821411 13.4324588775635 13.375452041626 13.0230894088745 12.581259727478 12.4088935852051 12.5776767730713 12.9004850387573 12.5418434143066 12.2996759414673 12.1353216171265 11.5327987670898 11.6704378128052 11.1673173904419 10.9453945159912 11.4912786483765 10.7237548828125 10.4688024520874 10.257866859436 10.0921764373779 9.81168651580811 10.342095375061 10.3147268295288 10.7873220443726 11.3659343719482 11.5120182037354 11.0166702270508 10.6359958648682 10.6834487915039 9.97988224029541 9.55082702636719 9.27629661560059 9.15173530578613 9.69312381744385 10.397536277771 10.782452583313 10.871280670166 10.9696741104126 10.9761400222778 10.9028635025024 10.9028635025024 10.9093370437622 10.8100633621216 10.7753782272339 10.8142051696777
13.4460363388062 13.2608661651611 13.7335891723633 13.611177444458 13.5043716430664 13.3183517456055 13.1040916442871 12.9492321014404 13.0174703598022 12.9719486236572 12.9004850387573 12.665509223938 12.4271869659424 11.6520004272461 11.0248603820801 11.2735071182251 11.0254716873169 10.7237548828125 10.7491044998169 10.6250867843628 10.0420265197754 9.71803760528564 9.71623611450195 10.1305065155029 10.5705547332764 10.5384855270386 11.2066297531128 11.470850944519 11.1082878112793 11.2566938400269 11.1213521957397 10.5402870178223 10.0990343093872 9.91186046600342 9.20623683929443 9.2885274887085 9.82987594604492 10.4849634170532 10.8683156967163 11.08909034729 10.94322681427 10.9842586517334 10.9324541091919 10.791428565979 10.730299949646 10.9036121368408 10.8033609390259 10.7561893463135
13.5591382980347 13.611177444458 13.3119602203369 13.611177444458 13.611177444458 13.2522344589233 13.1912603378296 13.0793752670288 13.0766296386719 12.7377605438232 11.9384765625 11.9384765625 11.6932830810547 11.8565263748169 11.1620569229126 10.9306697845459 10.9306697845459 10.5652704238892 10.217113494873 10.0697984695435 10.0940685272217 9.73995971679688 9.94726943969727 10.4283723831177 10.7814540863037 11.131010055542 11.2159957885742 11.2159957885742 10.5402870178223 10.5465679168701 11.1579885482788 10.7314348220825 10.4169158935547 9.75650787353516 9.31812572479248 9.23014354705811 10.0164041519165 10.433708190918 10.8304233551025 11.0250053405762 10.9013252258301 10.9986763000488 10.9945011138916 10.9013252258301 10.7260608673096 10.7050447463989 10.5946245193481 10.8137674331665
13.8195343017578 13.5139265060425 13.6906061172485 13.611177444458 13.5222148895264 13.3683738708496 13.056300163269 13.0541009902954 12.8799057006836 12.6795167922974 12.5114240646362 12.5184564590454 12.0221061706543 11.5363273620605 11.1620569229126 10.3824491500854 10.3241147994995 9.91017150878906 10.0123691558838 9.6995325088501 9.50206279754639 9.39038467407227 9.80173301696777 10.1754369735718 10.4510879516602 10.5705547332764 10.9318656921387 11.314715385437 10.4047031402588 10.1520404815674 10.601222038269 10.7218914031982 10.0244112014771 9.56422901153564 9.31812572479248 9.32060432434082 9.84662914276123 10.4510221481323 10.8213949203491 10.7912893295288 10.9761390686035 10.9324541091919 10.8384847640991 10.6381874084473 10.8190898895264 10.6421718597412 10.6028432846069 10.5397272109985
13.8309621810913 13.524619102478 13.5997219085693 13.4272708892822 13.4872484207153 13.3817338943481 12.9520969390869 12.4800024032593 12.162576675415 11.8302841186523 11.9252529144287 11.5065431594849 11.5630826950073 10.8466882705688 10.9765281677246 10.8132266998291 10.7248630523682 10.3833570480347 10.1365547180176 9.76411533355713 9.86774730682373 10.0064697265625 10.2303285598755 10.0064697265625 9.73949813842773 10.0368175506592 10.7004985809326 10.9657955169678 10.3241147994995 9.81285953521729 10.0530424118042 10.4808626174927 10.1520404815674 9.52391719818115 9.15700817108154 9.53885459899902 9.83424282073975 10.4195423126221 10.5278949737549 10.8770322799683 10.8441476821899 10.8940181732178 10.7260732650757 10.7302217483521 10.7375030517578 10.5795202255249 10.595531463623 10.5405464172363
13.6075868606567 13.5368947982788 13.5348148345947 13.2758340835571 12.6232395172119 12.7733869552612 13.1071796417236 12.6543626785278 12.0213899612427 11.6717748641968 11.9252529144287 11.7538814544678 11.4892082214355 11.8286914825439 11.0525588989258 11.3458976745605 11.0729541778564 10.6647357940674 10.4268493652344 10.4092617034912 10.5202322006226 10.6138143539429 10.292441368103 9.92822170257568 9.48649978637695 9.84587478637695 10.7018537521362 10.9472980499268 10.3391590118408 9.87088203430176 9.57217121124268 9.81368923187256 9.67134189605713 9.41651821136475 9.00823879241943 9.52908706665039 9.83424282073975 10.3621740341187 10.8396415710449 10.8888740539551 10.8441476821899 10.8770322799683 10.592077255249 10.5059013366699 10.48948097229 10.48948097229 10.48948097229 10.5044498443604
13.6761703491211 13.7441167831421 13.5348148345947 13.2262096405029 12.9065027236938 12.7940998077393 13.0266523361206 12.1285266876221 12.0273132324219 12.5148153305054 12.2483348846436 12.1447200775146 12.0814437866211 11.6623106002808 12.0189905166626 11.6196603775024 11.4684543609619 11.0429420471191 11.2812023162842 11.198525428772 10.9949703216553 10.573673248291 9.92696762084961 9.41600227355957 9.25906276702881 9.87810897827148 10.3260354995728 10.8545951843262 10.4731254577637 10.1520404815674 9.87234687805176 9.62795066833496 9.42625617980957 9.00823879241943 8.88811874389648 9.58509349822998 9.97124099731445 10.3621740341187 10.6033382415771 10.9696741104126 10.8563003540039 10.6907529830933 10.662052154541 10.333155632019 10.333155632019 10.2476482391357 10.4336585998535 10.6340360641479
13.748833656311 13.475977897644 13.449179649353 13.3107862472534 13.4002466201782 13.0458517074585 13.0510425567627 12.8332767486572 12.6862535476685 12.8050909042358 12.658350944519 12.6300230026245 12.340784072876 12.523494720459 12.3419761657715 12.053050994873 11.7314424514771 11.4873914718628 11.0931396484375 10.5535087585449 10.3241147994995 10.0064697265625 9.57628536224365 9.11284637451172 9.45516967773438 9.807861328125 10.3539562225342 10.9575338363647 10.6670942306519 10.3558797836304 10.1899700164795 9.89968585968018 9.3582878112793 8.99910163879395 9.05903720855713 9.51413726806641 9.76945114135742 10.168402671814 10.6397151947021 10.8006534576416 10.7445459365845 10.4617519378662 10.5317611694336 10.4507923126221 10.408275604248 10.3324251174927 10.3619117736816 10.6773948669434
13.5515537261963 13.3905353546143 13.3945960998535 13.2878875732422 13.1182079315186 12.9065027236938 13.1503410339355 13.0510425567627 12.707447052002 12.8527526855469 12.8050909042358 12.612774848938 12.1741590499878 11.4880142211914 11.5615406036377 11.117883682251 11.127326965332 10.7009506225586 10.437460899353 10.1114721298218 9.93118476867676 10.0530424118042 9.82602596282959 9.32623863220215 9.60468769073486 9.91014194488525 10.5956201553345 10.3558797836304 10.3023653030396 10.3311138153076 10.0588893890381 9.42911815643311 9.14102077484131 8.7918004989624 8.961745262146 9.33725738525391 9.60910224914551 10.1165962219238 10.5759983062744 10.700083732605 10.7009630203247 10.6164093017578 10.4742336273193 10.4537343978882 10.6141138076782 10.3768482208252 10.3360557556152 10.5076360702515
13.4907264709473 13.2251882553101 13.3665494918823 13.1233034133911 12.9642543792725 12.3834705352783 12.8204383850098 12.7940998077393 12.3787612915039 12.5955305099487 12.5605812072754 12.4566421508789 12.3867197036743 12.2387104034424 11.9013929367065 11.0869646072388 11.55224609375 11.4826927185059 10.7826309204102 10.6373958587646 10.749885559082 10.7205076217651 9.86644458770752 9.36435031890869 9.2885274887085 9.67243003845215 10.2048645019531 10.3260354995728 9.74726486206055 9.77914142608643 9.66309833526611 9.37640571594238 9.11288833618164 8.86598587036133 9.2080078125 9.64627265930176 10.0463485717773 10.3645830154419 10.3637180328369 10.7526512145996 10.6907529830933 10.5506992340088 10.6972398757935 10.5463819503784 10.451958656311 10.3457336425781 10.3928890228271 10.4237985610962
13.4253854751587 13.0833616256714 12.7282619476318 12.5342493057251 12.3365297317505 12.5622272491455 12.2649688720703 12.4330549240112 11.2191705703735 12.2216453552246 12.1750211715698 11.5306272506714 12.3349161148071 12.3867197036743 11.7037515640259 11.2330026626587 11.7839260101318 11.2511157989502 10.9992647171021 11.2039260864258 10.9223899841309 10.3206424713135 9.79910469055176 9.40203094482422 9.21247863769531 9.49716663360596 9.62527084350586 9.9475269317627 10.018349647522 9.51553726196289 9.25176525115967 8.961745262146 8.97255325317383 8.85524845123291 9.07000255584717 9.63949394226074 9.83026599884033 10.0346326828003 10.3014287948608 10.4770574569702 10.4901762008667 10.3026523590088 10.3026523590088 10.5396575927734 10.3054828643799 10.506404876709 10.5078859329224 10.3748207092285
13.0871210098267 12.5881013870239 12.049898147583 11.9640235900879 12.0457191467285 11.5372104644775 11.4032135009766 11.8894948959351 11.2149600982666 12.1948118209839 11.990138053894 11.4457588195801 11.8757572174072 12.2250680923462 12.027720451355 11.990927696228 11.82741355896 11.9150352478027 11.8651275634766 11.4104833602905 11.0038747787476 10.4639329910278 10.0813236236572 9.77717971801758 9.33395767211914 9.2056770324707 9.16098403930664 9.68613433837891 9.76562881469727 9.78799724578857 9.35639953613281 9.08178615570068 9.0481071472168 9.10304546356201 9.07000255584717 9.35896968841553 9.72989749908447 10.3958549499512 10.5110692977905 10.6292705535889 10.427134513855 10.3303699493408 10.3893213272095 10.430890083313 10.4784574508667 10.3765249252319 10.4570360183716 10.3360967636108
12.7822761535645 13.2466239929199 12.9117946624756 12.8403348922729 11.9064893722534 10.881854057312 10.3538637161255 10.7085762023926 10.9992647171021 12.1047849655151 11.0735235214233 11.0060539245605 11.7035875320435 11.7515916824341 11.3541870117188 11.9521522521973 11.4483604431152 11.1788806915283 11.0014791488647 10.6006307601929 10.516016960144 10.3208475112915 9.81083106994629 9.52238082885742 9.18123340606689 9.03817176818848 8.97993850708008 9.18224620819092 9.41438674926758 9.23860168457031 9.07870483398438 8.85140609741211 9.02315998077393 9.39808750152588 9.48628616333008 9.68809986114502 10.0409030914307 10.5174331665039 10.4850778579712 10.5572881698608 10.1448411941528 10.0559482574463 10.1401567459106 10.4889221191406 10.4860219955444 10.4570360183716 10.2253684997559 10.2744998931885
13.1089916229248 12.657395362854 11.9250593185425 11.8550329208374 11.9794921875 11.193323135376 10.5468006134033 10.3692741394043 11.3374605178833 11.6851110458374 10.6865186691284 10.6058197021484 11.2176933288574 10.8232975006104 10.8681564331055 11.3832120895386 11.2721729278564 11.0210494995117 10.9110193252563 10.4801149368286 9.93319606781006 9.66710758209229 9.56849575042725 9.29515647888184 9.56004905700684 9.24570274353027 8.96714496612549 9.01120853424072 9.18185424804688 9.01120853424072 8.69552516937256 9.03746795654297 9.162278175354 9.41482639312744 9.66433334350586 10.1579160690308 10.3454742431641 10.4012269973755 10.1194629669189 10.2303915023804 10.0149841308594 9.79249095916748 10.2034673690796 10.2694177627563 10.3912687301636 10.3247594833374 10.166036605835 10.0435314178467
12.808159828186 12.5839624404907 11.6251602172852 10.9699096679688 11.0659255981445 10.7055530548096 10.6768655776978 11.0941209793091 11.193323135376 11.2062540054321 10.6061296463013 10.0456418991089 10.2474355697632 9.92486095428467 10.0969552993774 10.9811563491821 10.7890138626099 9.87402153015137 10.2595596313477 10.2853193283081 9.77527523040771 9.41530227661133 9.10790920257568 9.37122917175293 9.8591194152832 9.44554138183594 9.46505355834961 9.07637691497803 9.01587677001953 8.94691562652588 8.88388156890869 9.17178249359131 9.29306983947754 9.72637462615967 9.73468685150146 10.1980972290039 10.3106002807617 9.9892578125 9.78550243377686 9.7350902557373 9.80606079101562 9.87178230285645 10.0525531768799 10.4014883041382 10.5050611495972 10.3957891464233 10.2085704803467 10.2085704803467
12.3948125839233 11.6758127212524 11.2932786941528 10.8154554367065 10.58775806427 10.8315801620483 11.4587812423706 12.1308870315552 11.873703956604 11.6016616821289 10.755597114563 10.4258308410645 9.69848442077637 9.57876491546631 10.1758995056152 10.5470762252808 10.5289287567139 9.88115215301514 9.64163112640381 9.78431987762451 9.39681339263916 9.20285892486572 9.01321887969971 9.55636024475098 9.83345890045166 10.0261154174805 9.76592922210693 9.38762187957764 9.18224620819092 9.45763492584229 9.2956657409668 9.21226215362549 9.45098114013672 9.62690258026123 9.92424201965332 10.1139888763428 9.83432674407959 9.63425827026367 9.46417617797852 9.70481109619141 10.0663623809814 10.2634735107422 10.3111057281494 10.2114295959473 10.333794593811 10.132209777832 10.2691125869751 10.2124490737915
12.7624483108521 12.5839624404907 11.6758127212524 11.1892204284668 11.7003421783447 11.9786043167114 12.3430109024048 12.294867515564 12.1970348358154 12.0183191299438 11.5435590744019 10.899827003479 10.6044130325317 9.88284111022949 9.43114566802979 9.78750896453857 9.86488056182861 10.0637559890747 9.51693534851074 9.232590675354 9.16807746887207 9.08287334442139 9.232590675354 9.75348472595215 10.0447540283203 10.3813962936401 9.83068943023682 9.47772789001465 9.76187992095947 9.77403450012207 9.5399227142334 9.43866634368896 9.21993732452393 9.43185806274414 9.53433895111084 9.79004669189453 9.61265754699707 9.63200759887695 9.63200759887695 9.97704315185547 10.4006595611572 10.3854131698608 10.5604667663574 10.3213777542114 10.1953382492065 10.346040725708 10.0935640335083 10.0052423477173
12.7724647521973 12.568603515625 12.5631618499756 11.9659557342529 12.1466608047485 12.5238723754883 12.2905502319336 11.847354888916 11.9407796859741 11.4416542053223 11.3346738815308 11.2751741409302 11.0460062026978 10.5076637268066 9.80262660980225 9.25255870819092 9.37741374969482 9.51041126251221 9.30422401428223 8.94536304473877 8.93424320220947 9.1080322265625 9.6212911605835 10.1365547180176 10.569673538208 10.7349710464478 9.99774932861328 10.1606721878052 10.3076992034912 10.0526781082153 9.57649517059326 9.11869335174561 9.12283229827881 9.32301235198975 9.64010524749756 9.78027057647705 9.8463888168335 10.1842403411865 10.0095129013062 9.94748783111572 10.3410549163818 10.3506679534912 10.2220754623413 10.206392288208 10.3254137039185 10.2845869064331 10.2978057861328 10.162013053894
12.8850564956665 12.8157405853271 12.8870096206665 12.6329784393311 12.5332365036011 12.5558404922485 11.737566947937 11.5458927154541 11.035548210144 10.7241497039795 10.3083992004395 10.5923433303833 10.4196109771729 10.0960903167725 9.73769760131836 9.48113441467285 9.40023612976074 9.33064556121826 8.98933124542236 8.97301864624023 9.38567543029785 9.5270528793335 9.52128028869629 9.91939544677734 10.2972974777222 10.7056150436401 10.5993375778198 10.4169120788574 10.0059957504272 9.51535892486572 9.21993732452393 9.56665706634521 9.62256622314453 9.47993946075439 9.57649517059326 9.95682621002197 10.3115739822388 10.3753242492676 9.97873210906982 10.1598978042603 10.2121257781982 10.1301507949829 10.3318681716919 10.2858810424805 10.108512878418 10.1125869750977 10.2185659408569 10.2476482391357
12.9312524795532 12.7889719009399 12.6059226989746 12.4093494415283 12.5504894256592 12.0800075531006 12.1175775527954 12.1076135635376 11.3045034408569 10.296501159668 9.76927280426025 9.83027744293213 9.5308084487915 9.59663581848145 9.33710289001465 9.32301235198975 9.83496952056885 9.62509250640869 9.04291820526123 9.19887447357178 9.65979099273682 10.022424697876 9.88192176818848 10.2879600524902 10.8129806518555 10.7029514312744 10.5496406555176 10.0664968490601 9.51535892486572 9.26050758361816 9.5081262588501 9.72638988494873 10.110390663147 9.87552547454834 9.87552547454834 10.0318756103516 10.1260824203491 10.4996747970581 10.4340410232544 10.4922332763672 10.3410749435425 10.1353235244751 10.2045202255249 10.2731046676636 10.1297731399536 10.0743293762207 10.1620101928711 10.1429958343506
12.5839223861694 12.728048324585 12.3565082550049 11.7204208374023 11.6117506027222 11.6059818267822 11.5769424438477 11.9229297637939 11.5100107192993 10.5335559844971 9.77591800689697 9.41277980804443 9.31720352172852 9.38738918304443 9.25399589538574 9.7081470489502 10.0562295913696 9.68768978118896 9.32301235198975 9.38326454162598 9.39403057098389 9.78402996063232 10.5089178085327 10.677227973938 10.7775201797485 10.8206949234009 10.149377822876 9.72565269470215 9.40510368347168 9.21993732452393 9.3747730255127 9.86952590942383 10.3008604049683 10.478271484375 10.3376998901367 10.3753242492676 10.3684463500977 10.3244113922119 10.391450881958 10.2271862030029 10.0591125488281 10.0813503265381 10.1357460021973 10.2120990753174 10.0470104217529 10.1041498184204 9.77202224731445 9.79351997375488
