Demos/Rbased/CrashCourse/data/climate_processing/PresentLayers/Shortia_galacifolia/bio_3.asc
NCOLS 523 
NROWS 122 
XLLCORNER -83.2916666667633 
YLLCORNER 34.9749999999364 
CELLSIZE 0.00833333333316142 
NODATA_value -9999 
[rows 0 to 26 of 122, columns 180 to 239 of 523]
-9999 -9999 -9999 -9999 -9999 -9999 -9999 -9999 -9999 -9999 -9999 -9999 -9999 -9999 -9999 -9999 -9999 -9999 -9999 -9999 -9999 -9999 -9999 -9999 -9999 -9999 -9999 -9999 -9999 -9999 -9999 -9999 -9999 -9999 -9999 -9999 -9999 -9999 -9999 -9999 -9999 -9999 -9999 -9999 -9999 -9999 -9999 -9999 -9999 -9999 -9999 -9999 -9999 -9999 -9999 -9999 -9999 -9999 -9999 -9999
-9999 -9999 -9999 -9999 -9999 -9999 -9999 -9999 -9999 -9999 -9999 -9999 -9999 -9999 -9999 -9999 -9999 -9999 -9999 -9999 -9999 -9999 -9999 -9999 -9999 -9999 -9999 -9999 -9999 -9999 -9999 -9999 -9999 -9999 -9999 -9999 -9999 -9999 -9999 -9999 -9999 -9999 -9999 -9999 -9999 -9999 -9999 -9999 -9999 -9999 -9999 -9999 -9999 -9999 -9999 -9999 -9999 -9999 -9999 -9999
-9999 -9999 -9999 -9999 -9999 -9999 -9999 -9999 -9999 -9999 -9999 -9999 -9999 -9999 -9999 -9999 -9999 -9999 -9999 -9999 -9999 -9999 -9999 -9999 -9999 -9999 -9999 -9999 -9999 -9999 -9999 -9999 -9999 -9999 -9999 -9999 -9999 -9999 -9999 -9999 -9999 -9999 -9999 -9999 -9999 -9999 -9999 -9999 -9999 -9999 -9999 -9999 -9999 -9999 -9999 -9999 -9999 -9999 -9999 -9999
-9999 -9999 -9999 -9999 -9999 -9999 -9999 -9999 -9999 -9999 -9999 -9999 -9999 -9999 -9999 -9999 -9999 -9999 -9999 -9999 -9999 -9999 -9999 -9999 -9999 -9999 -9999 -9999 -9999 -9999 -9999 -9999 -9999 -9999 -9999 -9999 -9999 -9999 -9999 -9999 -9999 -9999 -9999 -9999 -9999 -9999 -9999 -9999 -9999 -9999 -9999 -9999 -9999 -9999 -9999 -9999 -9999 -9999 -9999 -9999
-9999 -9999 -9999 -9999 -9999 -9999 -9999 -9999 -9999 -9999 -9999 -9999 -9999 -9999 -9999 -9999 -9999 -9999 -9999 -9999 -9999 -9999 -9999 -9999 -9999 -9999 -9999 -9999 -9999 -9999 -9999 -9999 -9999 -9999 -9999 -9999 -9999 -9999 -9999 -9999 -9999 -9999 -9999 -9999 -9999 -9999 -9999 -9999 -9999 -9999 -9999 -9999 -9999 -9999 -9999 -9999 -9999 -9999 -9999 -9999
-9999 -9999 -9999 -9999 -9999 -9999 -9999 -9999 -9999 -9999 -9999 -9999 -9999 -9999 -9999 -9999 -9999 -9999 -9999 -9999 -9999 -9999 -9999 -9999 -9999 -9999 -9999 -9999 -9999 -9999 -9999 -9999 -9999 -9999 -9999 -9999 -9999 -9999 -9999 -9999 -9999 -9999 -9999 -9999 -9999 -9999 -9999 -9999 -9999 -9999 -9999 -9999 -9999 -9999 -9999 -9999 -9999 -9999 -9999 -9999
-9999 -9999 -9999 -9999 -9999 -9999 -9999 -9999 -9999 -9999 -9999 -9999 -9999 -9999 -9999 -9999 -9999 -9999 -9999 -9999 -9999 -9999 -9999 -9999 -9999 -9999 -9999 -9999 -9999 -9999 -9999 -9999 -9999 -9999 -9999 -9999 -9999 -9999 -9999 -9999 -9999 -9999 -9999 -9999 -9999 -9999 -9999 -9999 -9999 -9999 -9999 -9999 -9999 -9999 -9999 -9999 -9999 -9999 -9999 -9999
-9999 -9999 -9999 -9999 -9999 -9999 -9999 -9999 -9999 -9999 -9999 -9999 -9999 -9999 -9999 -9999 -9999 -9999 -9999 -9999 -9999 -9999 -9999 -9999 -9999 -9999 -9999 -9999 -9999 -9999 -9999 -9999 -9999 -9999 -9999 -9999 -9999 -9999 -9999 -9999 -9999 -9999 -9999 -9999 -9999 -9999 -9999 -9999 -9999 -9999 -9999 -9999 -9999 -9999 -9999 -9999 -9999 -9999 -9999 -9999
-9999 -9999 -9999 -9999 -9999 -9999 -9999 -9999 -9999 -9999 -9999 -9999 -9999 -9999 -9999 -9999 -9999 -9999 -9999 -9999 -9999 -9999 -9999 -9999 -9999 -9999 -9999 -9999 -9999 -9999 -9999 -9999 -9999 -9999 -9999 -9999 -9999 -9999 -9999 -9999 -9999 -9999 -9999 -9999 -9999 -9999 -9999 -9999 -9999 -9999 -9999 -9999 -9999 -9999 -9999 -9999 -9999 -9999 -9999 -9999
-9999 -9999 -9999 -9999 -9999 -9999 -9999 -9999 -9999 -9999 -9999 -9999 -9999 -9999 -9999 -9999 -9999 -9999 -9999 -9999 -9999 -9999 -9999 -9999 -9999 -9999 -9999 -9999 -9999 -9999 -9999 -9999 -9999 -9999 -9999 -9999 -9999 -9999 -9999 -9999 -9999 -9999 -9999 -9999 -9999 -9999 -9999 -9999 -9999 -9999 -9999 -9999 -9999 -9999 -9999 -9999 -9999 -9999 -9999 -9999
-9999 -9999 -9999 -9999 -9999 -9999 -9999 -9999 -9999 -9999 -9999 -9999 -9999 -9999 -9999 -9999 -9999 -9999 -9999 -9999 -9999 -9999 -9999 -9999 -9999 -9999 -9999 -9999 -9999 -9999 -9999 -9999 -9999 -9999 -9999 -9999 -9999 -9999 -9999 -9999 -9999 -9999 -9999 -9999 -9999 -9999 -9999 -9999 -9999 -9999 -9999 -9999 -9999 -9999 -9999 39.3627433776855 39.3805313110352 39.3939399719238 39.5650062561035 39.5098037719727
-9999 -9999 -9999 -9999 -9999 -9999 -9999 -9999 -9999 -9999 -9999 -9999 -9999 -9999 -9999 -9999 -9999 -9999 -9999 -9999 -9999 -9999 -9999 -9999 -9999 -9999 -9999 -9999 -9999 -9999 -9999 -9999 -9999 -9999 -9999 -9999 -9999 -9999 -9999 -9999 -9999 -9999 -9999 -9999 -9999 39.3627433776855 39.2680511474609 39.2504920959473 39.3067855834961 39.3559494018555 39.2258377075195 39.1617050170898 39.1121025085449 39.233039855957 39.3382339477539 39.3206253051758 39.4183769226074 39.4249534606934 39.4493179321289 39.4183769226074
-9999 -9999 -9999 -9999 -9999 -9999 -9999 -9999 -9999 -9999 -9999 -9999 -9999 -9999 -9999 -9999 -9999 -9999 -9999 -9999 -9999 -9999 -9999 -9999 -9999 -9999 -9999 -9999 -9999 -9999 -9999 -9999 -9999 -9999 39.2156867980957 39.2084579467773 39.1911773681641 39.2258377075195 39.2680511474609 39.0949554443359 39.275146484375 39.3984222412109 39.3737678527832 39.2822036743164 39.275146484375 39.2504920959473 39.3627433776855 39.3559494018555 39.3872528076172 39.3137245178223 39.4051132202148 39.2822036743164 39.134708404541 39.3872528076172 39.3695030212402 39.3274841308594 39.4005851745605 39.4005851745605 39.5467834472656 39.4736824035645
-9999 -9999 -9999 -9999 -9999 -9999 -9999 -9999 -9999 -9999 -9999 -9999 -9999 -9999 -9999 -9999 -9999 -9999 -9999 -9999 -9999 -9999 -9999 -9999 -9999 39.613525390625 39.3961334228516 39.4444427490234 39.389533996582 39.3100090026855 39.1812858581543 39.1495590209961 39.3031196594238 39.278751373291 39.2156867980957 39.1569213867188 39.2228736877441 39.173999786377 39.2011833190918 39.0128974914551 39.0298500061035 39.0298500061035 39.2433242797852 39.233039855957 39.1911773681641 39.2892150878906 39.3137245178223 39.3382339477539 39.3872566223145 39.2717514038086 39.4117660522461 39.2228736877441 39.2401962280273 39.2822036743164 39.264705657959 39.1251220703125 39.2961883544922 39.2857131958008 39.4005851745605 39.3828964233398
-9999 -9999 -9999 -9999 -9999 -9999 -9999 -9999 -9999 -9999 -9999 -9999 -9999 -9999 -9999 39.6929817199707 39.7660827636719 39.7473258972168 39.6442527770996 39.6744422912598 39.7286834716797 39.5591087341309 39.656005859375 39.6376800537109 39.5472068786621 39.4202880859375 39.4137573242188 39.261417388916 39.2300224304199 39.1984367370605 39.2056541442871 39.188533782959 39.3031196594238 39.2128257751465 39.188533782959 39.1642379760742 39.2300186157227 39.2401962280273 39.1421546936035 39.2011833190918 39.0718574523926 39.1121025085449 39.2576217651367 39.3067855834961 39.1765289306641 39.2011833190918 39.1911773681641 39.3450622558594 39.3206253051758 39.3450622558594 39.3695030212402 39.1251220703125 39.1666679382324 39.0762481689453 39.0273704528809 38.9784927368164 39.0838203430176 39.2543869018555 39.2300186157227 39.3586006164551
-9999 -9999 -9999 -9999 -9999 -9999 39.912281036377 40.1072120666504 39.9315757751465 39.9264717102051 39.9071388244629 39.8284301757812 39.882698059082 39.809383392334 39.7849464416504 39.7849464416504 39.6627540588379 39.7660827636719 39.8013572692871 39.7771301269531 39.7286796569824 39.6317825317383 39.6075553894043 39.5712928771973 39.6376800537109 39.3961334228516 39.389533996582 39.3274879455566 39.1495590209961 39.1666679382324 39.2300186157227 39.3274841308594 39.2128257751465 39.1642379760742 39.1230621337891 39.2128295898438 39.1081886291504 39.1569213867188 39.1984367370605 39.2156867980957 39.2156867980957 39.264705657959 39.3137245178223 39.264705657959 39.1911773681641 39.2576179504395 39.2576179504395 39.2576179504395 39.2401962280273 39.1984367370605 39.3274841308594 39.2228736877441 39.3206253051758 39.059455871582 39.0686264038086 39.0762481689453 39.1081886291504 39.1081886291504 39.1569213867188 39.278751373291
39.9804496765137 39.9853782653809 40.0537643432617 40.1026382446289 40.0048866271973 39.9804496765137 40.0341110229492 40.0341110229492 39.8635482788086 39.8879127502441 39.8391799926758 39.8582611083984 39.809383392334 39.7660827636719 39.8338241577148 39.7417144775391 39.6686172485352 39.6929817199707 39.6258506774902 39.7286834716797 39.656005859375 39.613525390625 39.6618347167969 39.5472068786621 39.5106582641602 39.3343048095703 39.2543869018555 39.2371253967285 39.2787551879883 39.1251220703125 39.173999786377 39.0838203430176 39.1325531005859 39.1569213867188 39.0427589416504 39.1569213867188 39.1642379760742 39.2543869018555 39.1569213867188 39.2228736877441 39.2892150878906 39.2717514038086 39.2717514038086 39.1251220703125 39.1495590209961 39.0931358337402 39.0686264038086 39.0686264038086 39.1006851196289 39.1251220703125 39.1325531005859 39.1325531005859 39.173999786377 39.1176452636719 38.9784965515137 39.0518112182617 39.1325531005859 39.1569213867188 39.0670547485352 39.1812858581543
39.9315719604492 39.9315719604492 40.0048866271973 40.0293235778809 39.9610137939453 39.8582611083984 39.9071350097656 40.0097465515137 40.0097465515137 39.912281036377 39.9366455078125 39.809383392334 40.0048866271973 39.7417144775391 39.7173500061035 39.8635482788086 39.7473258972168 39.6258506774902 39.6015548706055 39.7044563293457 39.7771301269531 39.7044563293457 39.680233001709 39.5893707275391 39.5410614013672 39.5043716430664 39.2857131958008 39.3274879455566 39.3695030212402 39.1325531005859 39.247314453125 39.1325531005859 39.1156463623047 39.0184631347656 39.1081886291504 39.0350875854492 39.0350875854492 39.0838203430176 39.2056541442871 39.1812858581543 39.2228736877441 39.2056541442871 39.2717514038086 39.1984367370605 39.1666679382324 38.970588684082 39.0273704528809 39.1421585083008 39.2156867980957 39.1495590209961 39.2300186157227 39.2056541442871 39.1812858581543 39.1325531005859 39.1495590209961 39.1251220703125 39.059455871582 39.0107192993164 39.1812858581543 39.1399421691895
39.9754905700684 40.0048866271973 40.0537643432617 39.9019622802734 39.9560127258301 39.9659843444824 39.8582611083984 39.8338241577148 39.9416923522949 39.8982543945312 39.8338203430176 39.7173500061035 39.8879127502441 39.8879127502441 39.8202133178711 39.8635482788086 39.8635482788086 39.7417144775391 39.7473258972168 39.7529067993164 39.7771301269531 39.7044563293457 39.7473258972168 39.4864349365234 39.4736862182617 39.3695030212402 39.4005851745605 39.3518524169922 39.2300186157227 39.173999786377 39.1251220703125 39.1081886291504 39.1081886291504 39.173999786377 39.1812858581543 39.0913505554199 39.0670547485352 39.1325531005859 39.1325531005859 39.173999786377 39.0838203430176 39.173999786377 39.0762481689453 39.0838203430176 39.0273704528809 39.1347122192383 38.9950981140137 38.9950981140137 38.970588684082 39.0931396484375 39.0518074035645 39.059455871582 39.2056541442871 39.1812858581543 39.0838203430176 38.9941673278809 38.9941673278809 39.0350875854492 39.0594520568848 39.1569213867188
40.1026382446289 39.9804496765137 39.9804496765137 39.9853782653809 39.9804496765137 39.882698059082 39.8931007385254 39.8688049316406 39.8879127502441 39.8688049316406 39.912281036377 39.8879127502441 39.6929817199707 39.8202133178711 39.7959175109863 39.7473258972168 39.8013572692871 39.7473258972168 39.8013572692871 39.7286834716797 39.6744422912598 39.6686134338379 39.4980506896973 39.4428176879883 39.4249534606934 39.4428176879883 39.4005851745605 39.3031196594238 39.2717514038086 39.1421585083008 38.9950981140137 39.0686264038086 38.9051818847656 39.0273704528809 39.1251220703125 39.059455871582 39.059455871582 39.0107231140137 39.0107192993164 38.9863548278809 39.0518074035645 38.9376220703125 38.9863548278809 39.0427589416504 38.961986541748 39.0029335021973 38.9784965515137 38.9296188354492 38.970588684082 38.8807411193848 39.0518074035645 39.0273704528809 39.0518074035645 39.0670547485352 38.9863548278809 39.0594520568848 39.0350875854492 38.8888893127441 38.8645210266113 39.1495590209961
39.9509811401367 39.8529434204102 39.9315757751465 39.882698059082 39.9071350097656 39.912281036377 39.9902801513672 39.8879127502441 39.8635482788086 39.9173965454102 39.9659843444824 39.8445091247559 39.8879127502441 39.7660827636719 39.8148155212402 39.8202133178711 39.7529067993164 39.7044563293457 39.8688049316406 39.6744422912598 39.6138801574707 39.4980506896973 39.4672546386719 39.4493179321289 39.4493179321289 39.4493179321289 39.4672546386719 39.278751373291 39.278751373291 39.2300186157227 39.1984367370605 39.1495590209961 39.1006851196289 39.1325531005859 39.1325531005859 39.1325531005859 39.1081886291504 38.9863548278809 38.9376220703125 39.0184631347656 38.9455795288086 38.9455795288086 38.9863548278809 38.961986541748 38.9863548278809 38.9784927368164 38.9784927368164 38.9784927368164 38.9784927368164 38.8725471496582 38.9051818847656 38.8888893127441 38.9132537841797 39.0107231140137 39.059455871582 39.0838203430176 39.059455871582 38.9051818847656 38.970588684082 38.8807411193848
39.8230094909668 39.9264717102051 39.9264717102051 39.8338203430176 40.0048866271973 39.8879127502441 39.9173965454102 39.9173965454102 39.7417144775391 39.8688049316406 39.9224815368652 39.8982582092285 39.8688049316406 39.7473258972168 39.7959175109863 39.7959175109863 39.9173965454102 39.8202133178711 39.7716217041016 39.6929817199707 39.5711479187012 39.5467834472656 39.5650062561035 39.595516204834 39.5161285400391 39.4183769226074 39.4183769226074 39.3695030212402 39.2961883544922 39.2543869018555 39.1495590209961 39.2056503295898 39.2228736877441 39.1495590209961 39.2056541442871 39.1399421691895 39.0350875854492 38.9863548278809 38.9376220703125 38.8401565551758 38.8401565551758 38.7914237976074 38.9296188354492 38.9051818847656 39.0594520568848 38.9784927368164 38.9296188354492 38.8807411193848 39.0029335021973 38.9460792541504 38.9460792541504 38.9784927368164 38.961986541748 38.9376220703125 38.9698715209961 38.8969879150391 38.7670555114746 38.9051818847656 38.807430267334 38.8318672180176
39.8230094909668 39.8475914001465 39.8529434204102 39.9071350097656 39.8879127502441 39.8338241577148 39.8582611083984 39.8688049316406 39.8255805969238 39.8391799926758 39.8445091247559 39.8740310668945 39.8255805969238 39.7473258972168 39.7716217041016 39.7473258972168 39.8445091247559 39.7660827636719 39.595516204834 39.6198806762695 39.595516204834 39.4980506896973 39.595516204834 39.5467834472656 39.4183769226074 39.3206253051758 39.3274841308594 39.3762168884277 39.4183769226074 39.3031158447266 39.3206253051758 39.2717475891113 39.1569213867188 39.1569213867188 39.2543869018555 39.2473106384277 39.1251220703125 39.1176452636719 39.0350875854492 39.0518074035645 38.8807411193848 38.9215698242188 38.8563041687012 38.8318672180176 38.8807411193848 39.0273704528809 38.9460792541504 38.8970565795898 38.9132537841797 38.8888893127441 38.9296188354492 38.9051818847656 38.8645210266113 38.9619903564453 38.9698715209961 38.7755088806152 38.8241004943848 39.0913505554199 38.9212837219238 38.8726921081543
39.8721733093262 39.8529434204102 39.8529396057129 39.8721733093262 39.8039207458496 39.8039207458496 39.809383392334 39.8688049316406 39.9224815368652 39.9416923522949 39.8445091247559 39.8202133178711 39.8740310668945 39.8498077392578 39.7716217041016 39.7660827636719 39.6744422912598 39.6744422912598 39.7173500061035 39.7173500061035 39.6015548706055 39.5467834472656 39.5772590637207 39.5405654907227 39.4916915893555 39.4607849121094 39.3450622558594 39.4249496459961 39.4493179321289 39.3031196594238 39.278751373291 39.1739959716797 39.2473106384277 39.1739959716797 39.1569213867188 39.1006851196289 39.0518074035645 38.970588684082 38.9784927368164 39.0029335021973 38.9784927368164 38.8563041687012 38.8235282897949 38.75 38.9215660095215 39.0518074035645 38.9296188354492 38.9950981140137 38.9784965515137 38.9132537841797 38.8888893127441 38.8401565551758 38.8969879150391 38.8726921081543 38.8081398010254 38.8081398010254 38.9292640686035 38.8483963012695 38.8726921081543 38.8726921081543
39.882698059082 39.8338203430176 39.8529434204102 39.8039207458496 39.8039207458496 39.7904472351074 39.912281036377 39.8879127502441 39.7959175109863 39.8445091247559 39.8067626953125 39.8688049316406 39.8013572692871 39.7771339416504 39.8013572692871 39.8445091247559 39.6744422912598 39.7716255187988 39.7959175109863 39.7959175109863 39.7716255187988 39.650146484375 39.6015548706055 39.6198806762695 39.5224151611328 39.4916915893555 39.442813873291 39.3939399719238 39.442813873291 39.3450622558594 39.2892150878906 39.2401962280273 39.1739959716797 39.1495590209961 39.1495590209961 39.1984367370605 39.1984367370605 39.1495590209961 39.1006851196289 38.9863548278809 39.1081886291504 39.0107231140137 38.9540557861328 38.8725471496582 38.7990188598633 38.9950981140137 38.8563079833984 38.9051818847656 38.8807411193848 38.9296188354492 38.9132537841797 38.8401565551758 38.8483963012695 38.8401565551758 38.7269172668457 38.7269172668457 38.6783294677734 38.7026252746582 38.7026252746582 38.7183227539062
39.8284301757812 39.8582611083984 39.8774528503418 39.779411315918 39.7549018859863 39.8582611083984 39.8582611083984 39.8148155212402 39.8879127502441 39.8013572692871 39.946704864502 39.8067626953125 39.8255805969238 39.7716255187988 39.680233001709 39.7529067993164 39.6987380981445 39.7286834716797 39.7716255187988 39.595516204834 39.6442489624023 39.6686172485352 39.5711479187012 39.5224151611328 39.5224151611328 39.5711517333984 39.6383171081543 39.4980506896973 39.5224189758301 39.4736862182617 39.3274879455566 39.3939399719238 39.3939399719238 39.2717475891113 39.2228736877441 39.1739959716797 39.1495590209961 39.1495590209961 39.1421546936035 38.9784927368164 39.044116973877 39.0273704528809 38.970588684082 38.8725471496582 38.9950981140137 38.9134712219238 38.7659797668457 38.64306640625 38.7905616760254 38.7341156005859 38.6852378845215 38.8235282897949 38.8401565551758 38.6452217102051 38.6452217102051 38.5721244812012 38.5811462402344 38.5811462402344 38.5325546264648 38.5477600097656
39.7738456726074 39.8582611083984 39.8284301757812 39.8774490356445 39.8529396057129 39.7605056762695 39.8879127502441 39.7959175109863 39.7771339416504 39.8740310668945 39.8255805969238 39.9224815368652 39.8982543945312 39.7101440429688 39.680233001709 39.7286834716797 39.6744422912598 39.5224151611328 39.6442489624023 39.6627578735352 39.5650024414062 39.5650024414062 39.5467834472656 39.4736824035645 39.5405654907227 39.4183769226074 39.5098037719727 39.4183769226074 39.485294342041 39.3450622558594 39.3206253051758 39.2576179504395 39.044116973877 39.1838722229004 39.1176452636719 39.1101264953613 39.044116973877 38.8970565795898 38.8725471496582 38.8235282897949 38.9626350402832 38.970588684082 38.9540557861328 38.9540596008301 38.9540557861328 39.0196075439453 38.75 38.6922302246094 38.7413940429688 38.6274528503418 38.75 38.7096786499023 38.7670555114746 38.6208572387695 38.4990234375 38.4015579223633 38.5082588195801 38.4502906799316 38.4110794067383 38.4502944946289
