Demos/Rbased/CrashCourse/data/climate_processing/PresentLayers/Shortia_galacifolia/bio_3.asc
NCOLS 603 
NROWS 190 
XLLCORNER -83.7416666666667 
YLLCORNER 34.6416666666666 
CELLSIZE 0.00833333333333332 
NODATA_value -9999 
[rows 63 to 83 of 190, columns 196 to 244 of 603]
40.2263374328613 40.020263671875 39.8594360351562 39.8148155212402 39.8203582763672 39.7569465637207 39.5833320617676 39.5216979980469 39.3916931152344 39.3422355651855 39.3849220275879 39.3105163574219 39.1865081787109 39.2185935974121 39.1691398620605 39.3849182128906 39.3283576965332 39.3849220275879 39.4345245361328 39.5585327148438 39.5089302062988 39.5400581359863 39.552604675293 39.5771865844727 39.5771865844727 39.626350402832 39.6203155517578 39.7189331054688 39.7984237670898 39.779411315918 39.6017684936523 39.6696243286133 39.6637001037598 39.6449699401855 39.5771865844727 39.5280227661133 39.5771865844727 39.626350402832 39.705883026123 39.6871948242188 39.7173500061035 39.8635482788086 39.8093872070312 39.6138801574707 39.5894432067871 39.6383171081543 39.6442489624023 39.6442489624023 39.5650024414062
40 39.9546813964844 39.9598388671875 39.8898887634277 39.7455101013184 39.7321434020996 39.638973236084 39.3984222412109 39.292781829834 39.2433242797852 39.1938667297363 39.1691398620605 39.2361106872559 39.260913848877 39.2857131958008 39.211311340332 39.2465057373047 39.3643646240234 39.5024871826172 39.4593276977539 39.5585327148438 39.6142425537109 39.4723892211914 39.5463523864746 39.4970436096191 39.6755142211914 39.8475914001465 39.8721733093262 39.7189331054688 39.6755142211914 39.724681854248 39.6696243286133 39.6696243286133 39.6696243286133 39.5034408569336 39.552604675293 39.6323509216309 39.6871948242188 39.7605094909668 39.7360725402832 39.6138801574707 39.6442489624023 39.6442489624023 39.7360725402832 39.5650024414062 39.6323509216309 39.5894432067871 39.6871948242188 39.5405654907227
39.9849395751953 39.8898887634277 39.8398399353027 39.8702583312988 39.7761192321777 39.5771141052246 39.5089302062988 39.3175086975098 39.2927780151367 39.260913848877 39.260913848877 39.260913848877 39.2185935974121 39.2927780151367 39.3105163574219 39.260913848877 39.1865081787109 39.3463096618652 39.3283576965332 39.4593238830566 39.4593276977539 39.5153312683105 39.6203155517578 39.6449699401855 39.626350402832 39.6509323120117 39.694278717041 39.6696243286133 39.6696243286133 39.7000999450684 39.6755142211914 39.5956611633301 39.6755142211914 39.6696243286133 39.6813735961914 39.6813735961914 39.7303924560547 39.7549018859863 39.6568603515625 39.705883026123 39.6813735961914 39.7303924560547 39.8338241577148 39.7303924560547 39.705883026123 39.5588226318359 39.5833320617676 39.6568641662598 39.5280227661133
39.9649658203125 39.8702583312988 39.8702583312988 39.7014923095703 39.5958099365234 39.6207580566406 39.4527359008789 39.335319519043 39.260913848877 39.335319519043 39.2857131958008 39.260913848877 39.3893890380859 39.1617088317871 39.3669624328613 39.4164199829102 39.2857131958008 39.4164199829102 39.3849220275879 39.5089302062988 39.4278602600098 39.4345245361328 39.5463523864746 39.6017684936523 39.6755142211914 39.6696243286133 39.5153312683105 39.5647888183594 39.5895156860352 39.6509323120117 39.6568641662598 39.694278717041 39.6509323120117 39.6568603515625 39.7738456726074 39.7984275817871 39.7738456726074 39.6017684936523 39.7000961303711 39.6755142211914 39.7000961303711 39.7303924560547 39.6813735961914 39.724681854248 39.626350402832 39.694278717041 39.6017684936523 39.6017684936523 39.6449699401855
39.9451103210449 39.8203582763672 39.7647666931152 39.6457099914551 39.6706581115723 39.5459098815918 39.5024871826172 39.4029846191406 39.477611541748 39.2857131958008 39.3781089782715 39.3283576965332 39.3463096618652 39.400806427002 39.3893890380859 39.3175086975098 39.465877532959 39.5089263916016 39.4841270446777 39.6142425537109 39.5585327148438 39.6142463684082 39.5956611633301 39.5463523864746 39.5956611633301 39.6637001037598 39.5337295532227 39.5647888183594 39.5216979980469 39.6509323120117 39.705883026123 39.6696243286133 39.6696243286133 39.6755142211914 39.7246780395508 39.7682456970215 39.7984275817871 39.626350402832 39.6203155517578 39.4970397949219 39.6755142211914 39.6813735961914 39.6755142211914 39.6755142211914 39.6696243286133 39.4723854064941 39.4477310180664 39.4029846191406 39.3213577270508
39.8203582763672 39.7455101013184 39.7704582214355 39.6396408081055 39.6207580566406 39.570858001709 39.4278602600098 39.3781089782715 39.3532333374023 39.4960098266602 39.4278602600098 39.335319519043 39.3393402099609 39.3574295043945 39.3574295043945 39.335319519043 39.4906044006348 39.4906044006348 39.3916893005371 39.3781089782715 39.4970397949219 39.5710067749023 39.5647888183594 39.638973236084 39.5895156860352 39.4593276977539 39.4345245361328 39.4230766296387 39.5956611633301 39.6323509216309 39.7303924560547 39.6509323120117 39.6696243286133 39.7929000854492 39.7492599487305 39.6509323120117 39.7189331054688 39.694278717041 39.6696243286133 39.694278717041 39.6509323120117 39.7492637634277 39.6203155517578 39.6203155517578 39.5647888183594 39.2465057373047 38.7284698486328 38.7957305908203 38.3642921447754
39.7704582214355 39.7704582214355 39.6457099914551 39.5459098815918 39.5895881652832 39.570858001709 39.5209579467773 39.4527359008789 39.5459098815918 39.4278602600098 39.4097213745117 39.4345245361328 39.3463096618652 39.3962097167969 39.4211578369141 39.3643646240234 39.3283576965332 39.4029846191406 39.5153312683105 39.5647888183594 39.5463523864746 39.5400619506836 39.5647888183594 39.4278602600098 39.5337295532227 39.4527359008789 39.4841270446777 39.4723892211914 39.5956611633301 39.6696243286133 39.705883026123 39.724681854248 39.6449699401855 39.7929000854492 39.7626113891602 39.7492637634277 39.7131538391113 39.6884269714355 39.6696243286133 39.7682456970215 39.694278717041 39.7378845214844 39.7189331054688 39.6329345703125 39.2714576721191 38.8973579406738 37.96875 38.2552108764648 38.6738891601562
39.714714050293 39.6207580566406 39.6207580566406 39.6146125793457 39.570858001709 39.5459098815918 39.5209579467773 39.4710578918457 39.5645637512207 39.5582313537598 39.4278602600098 39.5771141052246 39.5522384643555 39.4527359008789 39.4097213745117 39.4211578369141 39.3643646240234 39.3849220275879 39.5216941833496 39.4970397949219 39.5216941833496 39.4029846191406 39.3504524230957 39.2570266723633 39.3712577819824 39.5273628234863 39.5400619506836 39.638973236084 39.5216979980469 39.552604675293 39.705883026123 39.724681854248 39.638973236084 39.7682456970215 39.7626113891602 39.694278717041 39.7189331054688 39.6637001037598 39.6389694213867 39.6268653869629 39.6329383850098 39.4461059570312 39.4710578918457 39.5024871826172 39.1161613464355 38.3437156677246 38.0241088867188 38.0241088867188 38.6153869628906
39.6896896362305 39.6146125793457 39.714714050293 39.6396408081055 39.5895881652832 39.658634185791 39.5145149230957 39.5395393371582 39.4211578369141 39.4211578369141 39.4644622802734 39.4527359008789 39.6268653869629 39.5337295532227 39.4841270446777 39.5337295532227 39.5522384643555 39.5400581359863 39.4593238830566 39.3781089782715 39.5153312683105 39.4394378662109 39.2676773071289 39.4511566162109 39.4461059570312 39.5024871826172 39.5585327148438 39.638973236084 39.5710067749023 39.626350402832 39.705883026123 39.5956611633301 39.5895156860352 39.7131538391113 39.7131538391113 39.638973236084 39.6637001037598 39.6268653869629 39.2068252563477 39.1161613464355 39.2749214172363 39.1337394714355 39.184398651123 39.2749214172363 39.083080291748 38.2552108764648 38.28125 38.5706901550293 38.8205146789551
39.8845367431641 39.7088356018066 39.6837348937988 39.664665222168 39.5895881652832 39.5395393371582 39.5833320617676 39.5707092285156 39.5015106201172 39.4578323364258 39.5459098815918 39.4278602600098 39.4278602600098 39.3849220275879 39.5153312683105 39.4841270446777 39.6825408935547 39.5833320617676 39.4076309204102 39.2022361755371 39.3574295043945 39.3825302124023 39.3363723754883 39.4511566162109 39.3781089782715 39.5273628234863 39.5089302062988 39.6142425537109 39.694278717041 39.6755142211914 39.6755142211914 39.6696243286133 39.6884269714355 39.638973236084 39.7378845214844 39.6577377319336 39.570858001709 39.5771141052246 39.4144134521484 39.1666679382324 38.8036804199219 38.6996917724609 38.5254402160645 38.5773620605469 38.322883605957 38.102725982666 38.6033248901367 38.6996917724609 38.8205146789551
39.8594360351562 39.7590370178223 39.6837348937988 39.6273918151855 39.7474746704102 39.6212120056152 39.6335334777832 39.5895919799805 39.6273918151855 39.4394378662109 39.4461097717285 39.5771141052246 39.3849220275879 39.5833320617676 39.5089263916016 39.5400581359863 39.5833320617676 39.4841270446777 39.2676773071289 39.3038597106934 39.3038597106934 39.2097244262695 39.343433380127 39.4644660949707 39.6207580566406 39.5585327148438 39.5895156860352 39.6884269714355 39.5710067749023 39.5463523864746 39.7682456970215 39.5710067749023 39.6081352233887 39.5585327148438 39.6142425537109 39.5833358764648 39.6457099914551 39.5833320617676 39.5895881652832 39.1337394714355 38.6292839050293 38.249210357666 37.9126739501953 37.9511680603027 37.9100532531738 38.4171905517578 38.5351982116699 38.2755012512207 38.4796257019043
39.7280960083008 39.7280960083008 39.7474746704102 39.7222213745117 39.6849594116211 39.5707092285156 39.6464653015137 39.7029190063477 39.664665222168 39.6896896362305 39.4960098266602 39.5145149230957 39.4461097717285 39.5273628234863 39.5337295532227 39.5089263916016 39.6081352233887 39.6457099914551 39.4763336181641 39.463020324707 39.2966346740723 39.3939399719238 39.5895881652832 39.5771141052246 39.6081352233887 39.7073440551758 39.5895156860352 39.6142463684082 39.6696243286133 39.626350402832 39.7435913085938 39.6142425537109 39.3393402099609 39.3574295043945 39.7073402404785 39.6766166687012 39.5958099365234 39.3825302124023 39.3756294250488 39.3292694091797 38.7071647644043 38.427375793457 38.4069404602051 37.962963104248 38.1746025085449 38.312370300293 38.3385734558105 38.427375793457 38.0307846069336
39.7611770629883 39.7553520202637 39.8261756896973 39.7103652954102 39.6777420043945 39.6956100463867 39.6457061767578 39.5582313537598 39.5895919799805 39.5958061218262 39.6207580566406 39.5024871826172 39.4461059570312 39.4527359008789 39.3601188659668 39.4841270446777 39.651741027832 39.4894905090332 39.6335334777832 39.5015106201172 39.5136795043945 39.6525688171387 39.5958061218262 39.7263679504395 39.825870513916 39.7321434020996 39.651741027832 39.5895156860352 39.638973236084 39.694278717041 39.7435913085938 39.5895156860352 39.651741027832 39.6268653869629 39.7014923095703 39.714714050293 39.361701965332 38.914608001709 38.8544883728027 38.8544883728027 38.7850456237793 38.8110084533691 38.354362487793 38.4958076477051 38.6006278991699 38.6624870300293 38.4229927062988 38.0952377319336 38.1856536865234
39.8827743530273 39.8148155212402 39.6728019714355 39.7043838500977 39.7611770629883 39.6837348937988 39.8453102111816 39.7014923095703 39.7455101013184 39.6896896362305 39.5273628234863 39.5771141052246 39.5522384643555 39.5522384643555 39.5522384643555 39.651741027832 39.5145149230957 39.3939399719238 39.5959587097168 39.4949493408203 39.4696960449219 39.5266876220703 39.6457061767578 39.7263679504395 39.7263679504395 39.6268653869629 39.651741027832 39.7263679504395 39.7073402404785 39.6142425537109 39.6142425537109 39.638973236084 39.6577377319336 39.6766166687012 39.5895881652832 39.400806427002 39.2456665039062 38.5318717956543 38.7590866088867 38.8888893127441 39.0689315795898 38.9834899902344 38.949275970459 38.7590866088867 38.7681159973145 38.8629264831543 38.5021095275879 38.3175086975098 38.1634826660156
39.7179489135742 39.6666679382324 39.8773002624512 39.7948722839355 39.7103652954102 39.7280960083008 39.79541015625 39.651741027832 39.7455101013184 39.7263679504395 39.6706581115723 39.5958061218262 39.5209579467773 39.5585327148438 39.651741027832 39.6268653869629 39.5895881652832 39.5895881652832 39.5833320617676 39.5015106201172 39.6146125793457 39.6396408081055 39.6706581115723 39.7455101013184 39.570858001709 39.5522384643555 39.5958099365234 39.6268653869629 39.6766166687012 39.6825408935547 39.7073440551758 39.6142425537109 39.6081352233887 39.3504524230957 39.176830291748 39.1615524291992 39.0092887878418 38.6006278991699 38.7681159973145 39.2820510864258 39.4054870605469 39.4376907348633 39.0092887878418 39.0350875854492 38.957691192627 38.6886100769043 38.828125 38.8198738098145 38.0687828063965
39.7196273803711 39.6542816162109 39.7948722839355 39.8373985290527 39.728099822998 39.8594360351562 39.7761192321777 39.5645637512207 39.6084365844727 39.6706581115723 39.7397384643555 39.4960060119629 39.6207580566406 39.4710578918457 39.4578323364258 39.5145149230957 39.7512435913086 39.6766166687012 39.5958061218262 39.5331344604492 39.6896896362305 39.6457099914551 39.7014923095703 39.5266876220703 39.5645637512207 39.5145149230957 39.4211578369141 39.5958061218262 39.6457099914551 39.6268653869629 39.7073402404785 39.7073402404785 39.5958099365234 39.176830291748 39.2857131958008 39.1437301635742 39.0256423950195 38.9403305053711 38.8457565307617 39.0866851806641 39.5896644592285 39.4308929443359 39.5579261779785 39.0432090759277 38.7760429382324 38.8975143432617 39.3476028442383 38.8975143432617 38.6812057495117
39.8348808288574 39.8405342102051 39.8006134033203 39.8318061828613 39.797981262207 39.9201622009277 39.8898887634277 39.7590370178223 39.5518608093262 39.5518608093262 39.658634185791 39.5895881652832 39.714714050293 39.5202026367188 39.5518646240234 39.6457099914551 39.8009948730469 39.7817459106445 39.6956100463867 39.6019897460938 39.6396408081055 39.6457099914551 39.6706581115723 39.4763336181641 39.3252754211426 39.4763336181641 39.4394378662109 39.4829330444336 39.5395393371582 39.5833358764648 39.694278717041 39.651741027832 39.5080337524414 39.3181800842285 39.4829330444336 39.2530479431152 39.2456665039062 39.5015106201172 39.3985748291016 39.3149299621582 39.6212120056152 39.6212120056152 39.2966346740723 39.1538467407227 39.1282043457031 39.3730888366699 39.3110427856445 39.3546752929688 39.263801574707
39.9136161804199 39.8176307678223 39.9747467041016 39.8119926452637 39.924243927002 39.7590370178223 39.7163124084473 39.6717147827148 39.4949493408203 39.564338684082 39.6525688171387 39.4829330444336 39.5518646240234 39.558235168457 39.6396408081055 39.5958061218262 39.8507461547852 39.9305534362793 39.825870513916 39.7704582214355 39.6146125793457 39.7704582214355 39.6457099914551 39.4511566162109 39.4444427490234 39.2276420593262 39.2350578308105 39.4444427490234 39.4461059570312 39.6268653869629 39.8367958068848 39.664665222168 39.400806427002 39.7205581665039 39.5895881652832 39.7841377258301 39.7397384643555 39.778450012207 39.456298828125 39.456298828125 39.6777420043945 39.7474746704102 39.3985710144043 39.4240570068359 39.5833320617676 39.230770111084 39.2711524963379 39.4696960449219 39.5896644592285
39.9189453125 40.0553855895996 40.0302085876465 40.0351409912109 39.9649658203125 39.8845367431641 39.7669715881348 39.6212120056152 39.5390090942383 39.5514793395996 39.5390090942383 39.4817085266113 39.4949493408203 39.658634185791 39.6706581115723 39.6706581115723 39.8203582763672 39.9305534362793 39.8065490722656 39.658634185791 39.5895881652832 39.6207580566406 39.6706581115723 39.5895881652832 39.4259796142578 39.3038635253906 39.2530517578125 39.3504524230957 39.3252754211426 39.4394378662109 39.8668632507324 39.4394378662109 39.5209579467773 39.570858001709 39.79541015625 39.7205619812012 39.7455101013184 39.7397384643555 39.6896896362305 39.7222213745117 39.8845367431641 39.7222213745117 39.5707092285156 39.6273918151855 39.6149940490723 39.2893676757812 39.4054870605469 39.6022148132324 39.8343391418457
40.0302124023438 40.0050354003906 40.0100402832031 39.9649658203125 40.0650672912598 39.8898887634277 39.8232345581055 39.6087417602539 39.5128211975098 39.4547309875488 39.4547309875488 39.4495429992676 39.5266876220703 39.6457099914551 39.6457099914551 39.8952102661133 39.8203582763672 39.8561515808105 39.7397384643555 39.7647666931152 39.658634185791 39.4696960449219 39.5833320617676 39.6464653015137 39.2711524963379 39.343433380127 39.5645637512207 39.664665222168 39.4511604309082 39.6019897460938 39.985164642334 39.6019897460938 39.5645637512207 39.614616394043 39.764762878418 39.8453102111816 39.6766166687012 39.8756217956543 39.7205619812012 39.8898887634277 39.8952102661133 39.5582313537598 39.7339363098145 39.79541015625 39.6273918151855 39.658634185791 39.6084327697754 39.6335334777832 39.7397384643555
39.9949340820312 40.1057395935059 40.16064453125 40.0650672912598 40.0602416992188 39.8648643493652 39.6969718933105 39.461540222168 39.3518524169922 39.3589744567871 39.6087417602539 39.576961517334 39.5959587097168 39.6706581115723 39.8756217956543 39.825870513916 39.9801597595215 39.7841377258301 39.7841377258301 39.8952102661133 39.5582313537598 39.3292694091797 39.4949493408203 39.3221206665039 39.4949493408203 39.8398399353027 39.9553565979004 39.6396408081055 39.6457099914551 39.8120651245117 39.9901390075684 39.7569427490234 39.6207580566406 39.6956100463867 39.6956100463867 39.6706581115723 39.5833320617676 39.79541015625 39.7455101013184 39.8453102111816 39.6956100463867 39.8203582763672 39.8507461547852 39.9751243591309 39.7512435913086 39.825870513916 39.8203582763672 39.5459098815918 39.7014923095703
