Demos/Rbased/CrashCourse/data/climate_processing/PresentLayers/Shortia_galacifolia/bio_8.asc
NCOLS 212 
NROWS 170 
XLLCORNER -83.691666666421 
YLLCORNER 34.5083333333333 
CELLSIZE 0.00833333333316012 
NODATA_value -9999 
[rows 147 to 167 of 170, columns 0 to 47 of 212]
-9999 6.51666641235352 6.54999971389771 6.58333349227905 6.45000028610229 6.36666679382324 6.5 6.56666660308838 6.43333339691162 6.53333330154419 6.40000009536743 6.19999980926514 6.13333320617676 6.40000009536743 6.54999971389771 6.54999971389771 6.5 6.46666669845581 6.43333339691162 6.48333311080933 6.53333330154419 6.46666669845581 6.30000019073486 6.46666669845581 6.56666660308838 6.5 6.45000028610229 6.56666660308838 6.66666650772095 6.59999990463257 6.56666660308838 6.56666660308838 6.66666650772095 6.66666650772095 6.76666688919067 6.73333311080933 6.76666688919067 6.81666660308838 6.84999990463257 7.01666641235352 7.30000019073486 7.41666650772095 7.28333330154419 7.40000009536743 7.44999980926514 7.28333330154419 6.95000028610229 6.90000009536743
-9999 6.54999971389771 6.65000009536743 6.48333358764648 6.28333330154419 6.26666688919067 6.5 6.54999971389771 6.48333311080933 6.48333311080933 6.33333349227905 6.19999980926514 6.23333311080933 6.40000009536743 6.43333339691162 6.5 6.56666660308838 6.56666660308838 6.54999971389771 6.54999971389771 6.48333311080933 6.46666669845581 6.45000028610229 6.54999971389771 6.58333301544189 6.56666660308838 6.58333301544189 6.54999971389771 6.58333301544189 6.65000009536743 6.61666679382324 6.63333320617676 6.66666650772095 6.76666688919067 6.86666679382324 6.80000019073486 6.81666660308838 6.84999990463257 6.91666698455811 6.86666679382324 7.18333339691162 7.41666650772095 7.51666688919067 7.51666688919067 7.31666660308838 7.14999961853027 7.13333320617676 7.11666631698608
-9999 6.63333320617676 6.65000009536743 6.59999990463257 6.5 6.5 6.5 6.40000009536743 6.40000009536743 6.40000009536743 6.40000009536743 6.30000019073486 6.35000038146973 6.28333330154419 6.33333349227905 6.43333339691162 6.51666641235352 6.56666660308838 6.63333320617676 6.61666679382324 6.56666660308838 6.53333330154419 6.56666660308838 6.56666660308838 6.59999990463257 6.56666660308838 6.58333301544189 6.66666650772095 6.66666650772095 6.65000009536743 6.65000009536743 6.66666650772095 6.68333339691162 6.75 6.88333320617676 6.91666650772095 6.94999980926514 7.06666660308838 6.96666669845581 7.06666660308838 7.39999961853027 7.5 7.51666688919067 7.53333330154419 7.53333330154419 7.53333330154419 7.40000009536743 7.41666698455811
-9999 6.51666688919067 6.59999990463257 6.59999990463257 6.59999990463257 6.59999990463257 6.54999971389771 6.48333311080933 6.41666698455811 6.33333349227905 6.41666698455811 6.35000038146973 6.48333311080933 6.5 6.5 6.56666660308838 6.56666660308838 6.56666660308838 6.61666679382324 6.65000009536743 6.58333301544189 6.58333301544189 6.63333320617676 6.56666660308838 6.61666679382324 6.66666650772095 6.66666650772095 6.66666650772095 6.66666650772095 6.68333339691162 6.68333339691162 6.68333339691162 6.68333339691162 6.71666669845581 6.75 6.81666660308838 6.83333349227905 7 7.23333358764648 7.36666631698608 7.33333349227905 7.18333339691162 7.13333320617676 7.38333368301392 7.55000019073486 7.63333320617676 7.65000009536743 7.53333330154419
-9999 6.48333311080933 6.59999990463257 6.70000028610229 6.68333339691162 6.59999990463257 6.59999990463257 6.56666660308838 6.48333311080933 6.58333301544189 6.55000019073486 6.55000019073486 6.58333301544189 6.58333301544189 6.58333301544189 6.58333301544189 6.59999990463257 6.59999990463257 6.66666650772095 6.70000028610229 6.71666669845581 6.73333358764648 6.70000028610229 6.66666650772095 6.66666650772095 6.66666650772095 6.70000028610229 6.65000009536743 6.65000009536743 6.65000009536743 6.68333339691162 6.65000009536743 6.65000009536743 6.71666669845581 6.73333358764648 6.80000019073486 6.94999980926514 7.18333339691162 7.28333330154419 7.18333339691162 7.11666679382324 6.98333358764648 7.08333349227905 7.38333368301392 7.38333368301392 7.51666641235352 7.66666650772095 7.65000009536743
-9999 6.55000019073486 6.59999990463257 6.70000028610229 6.59999990463257 6.59999990463257 6.65000009536743 6.66666650772095 6.66666650772095 6.70000028610229 6.55000019073486 6.53333330154419 6.66666650772095 6.70000028610229 6.61666679382324 6.59999990463257 6.59999990463257 6.66666650772095 6.65000009536743 6.66666650772095 6.70000028610229 6.76666688919067 6.71666669845581 6.66666650772095 6.66666650772095 6.71666669845581 6.66666650772095 6.61666631698608 6.59999990463257 6.59999990463257 6.61666631698608 6.63333320617676 6.65000009536743 6.73333358764648 6.86666679382324 6.96666669845581 6.93333339691162 7.05000019073486 6.98333311080933 6.91666698455811 6.95000028610229 7.19999980926514 7.23333311080933 7.26666688919067 7.30000019073486 7.30000019073486 7.56666660308838 7.75
6.63333320617676 6.66666650772095 6.65000009536743 6.70000028610229 6.70000028610229 6.70000028610229 6.70000028610229 6.70000028610229 6.70000028610229 6.66666650772095 6.53333330154419 6.43333339691162 6.63333320617676 6.70000028610229 6.71666669845581 6.70000028610229 6.66666650772095 6.66666650772095 6.65000009536743 6.63333320617676 6.66666650772095 6.71666669845581 6.66666650772095 6.68333339691162 6.68333339691162 6.68333339691162 6.65000009536743 6.61666631698608 6.61666631698608 6.66666650772095 6.66666650772095 6.75 6.73333358764648 6.84999990463257 6.96666669845581 6.90000009536743 6.84999990463257 6.91666698455811 6.88333320617676 6.86666679382324 6.90000009536743 7.19999980926514 7.43333339691162 7.38333368301392 7.30000019073486 7.33333349227905 7.61666679382324 7.68333339691162
6.65000009536743 6.73333358764648 6.73333358764648 6.71666669845581 6.71666669845581 6.78333377838135 6.75 6.76666688919067 6.76666688919067 6.58333301544189 6.59999990463257 6.53333330154419 6.66666650772095 6.66666650772095 6.66666650772095 6.73333358764648 6.75 6.73333358764648 6.71666669845581 6.66666650772095 6.68333339691162 6.73333358764648 6.75 6.75 6.71666669845581 6.66666650772095 6.66666650772095 6.66666650772095 6.66666650772095 6.69999980926514 6.68333339691162 6.84999990463257 6.81666660308838 6.84999990463257 6.84999990463257 6.90000009536743 6.80000019073486 6.81666660308838 6.86666679382324 7.01666641235352 7.09999990463257 7.21666669845581 7.38333368301392 7.51666641235352 7.41666698455811 7.44999980926514 7.61666679382324 7.70000028610229
6.68333339691162 6.68333339691162 6.71666669845581 6.76666688919067 6.76666688919067 6.78333377838135 6.76666688919067 6.78333377838135 6.76666688919067 6.68333339691162 6.68333339691162 6.65000009536743 6.66666650772095 6.68333339691162 6.71666669845581 6.76666688919067 6.76666688919067 6.76666688919067 6.76666688919067 6.76666688919067 6.78333377838135 6.76666688919067 6.78333377838135 6.76666688919067 6.69999980926514 6.73333358764648 6.75 6.71666669845581 6.73333358764648 6.69999980926514 6.73333358764648 6.81666660308838 6.81666660308838 6.83333349227905 6.80000019073486 6.81666660308838 6.84999990463257 6.91666698455811 6.95000028610229 7.04999971389771 7.11666679382324 7.21666669845581 7.23333311080933 7.5 7.68333339691162 7.66666698455811 7.59999990463257 7.68333339691162
-9999 6.76666688919067 6.76666688919067 6.76666688919067 6.81666660308838 6.80000019073486 6.84999990463257 6.80000019073486 6.76666688919067 6.68333339691162 6.68333339691162 6.68333339691162 6.68333339691162 6.68333339691162 6.68333339691162 6.69999980926514 6.76666688919067 6.80000019073486 6.80000019073486 6.80000019073486 6.80000019073486 6.75 6.75 6.73333358764648 6.68333339691162 6.68333339691162 6.69999980926514 6.69999980926514 6.73333358764648 6.75 6.80000019073486 6.73333358764648 6.76666688919067 6.78333330154419 6.78333330154419 6.80000019073486 6.90000009536743 6.95000028610229 7.06666660308838 7.11666679382324 7.13333320617676 7.21666669845581 7.41666698455811 7.58333349227905 7.66666698455811 7.71666669845581 7.75 7.71666669845581
-9999 6.78333330154419 6.78333330154419 6.83333349227905 6.83333349227905 6.84999990463257 6.78333330154419 6.68333339691162 6.69999980926514 6.68333339691162 6.68333339691162 6.75 6.76666688919067 6.69999980926514 6.68333339691162 6.69999980926514 6.73333358764648 6.78333330154419 6.81666707992554 6.80000019073486 6.73333358764648 6.73333358764648 6.73333358764648 6.69999980926514 6.66666650772095 6.66666650772095 6.64999961853027 6.71666669845581 6.73333358764648 6.75 6.71666669845581 6.71666669845581 6.76666688919067 6.78333330154419 6.80000019073486 6.90000009536743 6.95000028610229 6.98333311080933 7.01666641235352 7.11666679382324 7.21666669845581 7.30000019073486 7.56666660308838 7.65000009536743 7.65000009536743 7.65000009536743 7.65000009536743 7.70000028610229
-9999 6.78333330154419 6.78333330154419 6.78333330154419 6.78333330154419 6.86666679382324 6.84999990463257 6.78333330154419 6.71666669845581 6.69999980926514 6.76666688919067 6.78333330154419 6.78333330154419 6.78333330154419 6.73333311080933 6.75 6.76666688919067 6.80000019073486 6.81666707992554 6.75 6.71666669845581 6.71666669845581 6.73333358764648 6.73333358764648 6.68333339691162 6.69999980926514 6.71666669845581 6.71666669845581 6.73333311080933 6.73333311080933 6.76666688919067 6.78333330154419 6.78333330154419 6.78333330154419 6.84999990463257 6.96666669845581 7.06666660308838 7.09999990463257 7.15000009536743 7.19999980926514 7.30000019073486 7.48333311080933 7.58333349227905 7.51666641235352 7.59999990463257 7.59999990463257 7.65000009536743 7.65000009536743
-9999 6.68333339691162 6.71666669845581 6.76666688919067 6.78333330154419 6.80000019073486 6.86666679382324 6.78333330154419 6.73333311080933 6.73333311080933 6.78333330154419 6.80000019073486 6.83333349227905 6.76666688919067 6.78333330154419 6.80000019073486 6.85000038146973 6.85000038146973 6.76666688919067 6.75 6.73333358764648 6.76666688919067 6.76666688919067 6.73333311080933 6.71666669845581 6.75 6.73333311080933 6.73333311080933 6.73333311080933 6.73333311080933 6.76666641235352 6.78333330154419 6.78333330154419 6.80000019073486 6.86666679382324 7 6.98333358764648 7.11666679382324 7.26666641235352 7.41666650772095 7.53333330154419 7.61666679382324 7.66666698455811 7.61666679382324 7.59999990463257 7.59999990463257 7.65000009536743 7.63333320617676
-9999 6.68333339691162 6.71666669845581 6.68333339691162 6.78333330154419 6.84999990463257 6.88333320617676 6.83333349227905 6.78333330154419 6.78333330154419 6.80000019073486 6.83333349227905 6.85000038146973 6.85000038146973 6.88333368301392 6.88333368301392 6.85000038146973 6.76666688919067 6.76666688919067 6.76666688919067 6.78333330154419 6.83333349227905 6.76666688919067 6.76666688919067 6.76666688919067 6.76666688919067 6.73333311080933 6.76666641235352 6.76666641235352 6.81666660308838 6.80000019073486 6.80000019073486 6.83333349227905 6.81666660308838 6.91666698455811 6.95000028610229 7.06666660308838 7.16666650772095 7.35000038146973 7.31666660308838 7.51666641235352 7.59999990463257 7.58333349227905 7.59999990463257 7.56666660308838 7.59999990463257 7.59999990463257 7.65000009536743
-9999 -9999 6.76666688919067 6.76666688919067 6.80000019073486 6.88333320617676 6.88333320617676 6.83333349227905 6.81666660308838 6.76666688919067 6.80000019073486 6.83333349227905 6.88333368301392 6.90000009536743 6.86666679382324 6.90000009536743 6.86666679382324 6.86666679382324 6.76666688919067 6.83333349227905 6.76666688919067 6.76666688919067 6.86666679382324 6.81666660308838 6.83333349227905 6.80000019073486 6.81666660308838 6.85000038146973 6.83333349227905 6.80000019073486 6.84999990463257 6.84999990463257 6.83333349227905 6.88333320617676 7.03333330154419 7.13333320617676 7.28333330154419 7.30000019073486 7.23333311080933 7.38333368301392 7.49999952316284 7.49999952316284 7.54999971389771 7.54999971389771 7.54999971389771 7.58333349227905 7.61666679382324 7.70000028610229
-9999 -9999 6.81666660308838 6.81666660308838 6.83333349227905 6.84999990463257 6.90000009536743 6.90000009536743 6.83333349227905 6.80000019073486 6.85000038146973 6.94999980926514 6.86666679382324 6.80000019073486 6.80000019073486 6.86666679382324 6.88333368301392 6.86666679382324 6.85000038146973 6.81666660308838 6.80000019073486 6.76666688919067 6.80000019073486 6.86666679382324 6.81666660308838 6.80000019073486 6.85000038146973 6.86666679382324 6.83333349227905 6.80000019073486 6.93333339691162 6.93333339691162 6.93333339691162 7.06666660308838 7.15000009536743 7.16666650772095 7.33333349227905 7.38333368301392 7.41666698455811 7.56666660308838 7.54999971389771 7.54999971389771 7.54999971389771 7.59999990463257 7.63333320617676 7.61666679382324 7.61666679382324 7.66666650772095
-9999 -9999 -9999 6.84999990463257 6.84999990463257 6.83333349227905 6.83333349227905 6.93333339691162 6.88333368301392 6.85000038146973 6.93333339691162 6.96666622161865 6.88333368301392 6.81666660308838 6.78333330154419 6.81666660308838 6.85000038146973 6.81666660308838 6.81666660308838 6.75 6.81666660308838 6.81666660308838 6.81666660308838 6.81666660308838 6.85000038146973 6.83333349227905 6.81666660308838 6.80000019073486 6.81666660308838 6.88333320617676 7 7.06666660308838 7.06666660308838 7.20000028610229 7.23333311080933 7.25 7.26666688919067 7.30000019073486 7.48333311080933 7.61666679382324 7.58333349227905 7.58333349227905 7.61666679382324 7.61666679382324 7.66666650772095 7.66666650772095 7.68333339691162 7.70000028610229
-9999 -9999 -9999 -9999 6.86666679382324 6.83333349227905 6.81666660308838 6.85000038146973 6.94999980926514 6.96666622161865 6.96666622161865 6.90000009536743 6.81666660308838 6.80000019073486 6.75 6.81666660308838 6.81666660308838 6.78333330154419 6.81666660308838 6.81666660308838 6.81666660308838 6.81666660308838 6.81666660308838 6.81666660308838 6.84999990463257 6.90000009536743 6.84999990463257 6.84999990463257 6.91666698455811 7.03333330154419 7.13333320617676 7.13333320617676 7.23333311080933 7.21666669845581 7.28333330154419 7.26666688919067 7.31666660308838 7.43333339691162 7.61666679382324 7.70000028610229 7.61666679382324 7.63333320617676 7.70000028610229 7.66666650772095 7.61666679382324 7.70000028610229 7.70000028610229 7.70000028610229
-9999 -9999 -9999 -9999 -9999 6.83333349227905 6.85000038146973 6.88333368301392 6.98333311080933 6.93333339691162 6.88333368301392 6.81666660308838 6.81666660308838 6.80000019073486 6.81666660308838 6.81666660308838 6.76666688919067 6.78333330154419 6.81666660308838 6.84999990463257 6.88333320617676 6.84999990463257 6.86666679382324 6.86666679382324 6.86666679382324 6.91666698455811 6.86666679382324 6.90000009536743 6.98333358764648 7.06666660308838 7.16666650772095 7.28333330154419 7.23333358764648 7.26666688919067 7.33333349227905 7.26666688919067 7.38333320617676 7.61666679382324 7.70000028610229 7.70000028610229 7.61666679382324 7.70000028610229 7.70000028610229 7.68333339691162 7.65000009536743 7.65000009536743 7.70000028610229 7.70000028610229
-9999 -9999 -9999 -9999 -9999 -9999 6.91666698455811 7 7 6.91666698455811 6.84999990463257 6.80000019073486 6.80000019073486 6.84999990463257 6.84999990463257 6.84999990463257 6.84999990463257 6.84999990463257 6.84999990463257 6.86666679382324 6.88333320617676 6.88333320617676 6.86666679382324 6.86666679382324 6.88333320617676 6.95000028610229 6.95000028610229 6.96666669845581 7.06666660308838 7.19999980926514 7.28333330154419 7.26666688919067 7.26666688919067 7.31666660308838 7.30000019073486 7.31666660308838 7.36666679382324 7.51666641235352 7.68333339691162 7.75 7.73333358764648 7.73333358764648 7.70000028610229 7.70000028610229 7.70000028610229 7.63333320617676 7.70000028610229 7.68333339691162
-9999 -9999 -9999 -9999 -9999 -9999 -9999 7.01666641235352 6.90000009536743 6.81666660308838 6.80000019073486 6.84999990463257 6.84999990463257 6.90000009536743 6.86666679382324 6.83333349227905 6.83333349227905 6.86666679382324 6.86666679382324 6.84999990463257 6.86666679382324 6.86666679382324 6.91666650772095 6.90000009536743 6.91666650772095 6.93333339691162 7 7.04999971389771 7.03333330154419 7.11666631698608 7.44999980926514 7.40000009536743 7.38333320617676 7.33333349227905 7.34999990463257 7.40000009536743 7.5 7.31666660308838 7.5 7.66666698455811 7.71666669845581 7.73333358764648 7.73333358764648 7.70000028610229 7.70000028610229 7.73333358764648 7.70000028610229 7.61666679382324
