Demos/Rbased/CrashCourse/data/climate_processing/PresentLayers/Shortia_galacifolia/bio_3.asc
NCOLS 603 
NROWS 190 
XLLCORNER -83.7416666666667 
YLLCORNER 34.6416666666666 
CELLSIZE 0.00833333333333332 
NODATA_value -9999 
[rows 126 to 146 of 190, columns 245 to 293 of 603]
39.8967552185059 39.8774528503418 39.8284339904785 39.8967552185059 39.7492637634277 39.7738456726074 39.9213371276855 39.7492637634277 39.8721733093262 39.9754905700684 39.882698059082 39.8284339904785 39.7984275817871 39.7000961303711 39.8039207458496 39.7000961303711 39.7000961303711 39.7000999450684 39.552604675293 39.5280227661133 39.6755180358887 39.7549018859863 39.650936126709 39.6203155517578 39.4970436096191 39.4411468505859 39.3175086975098 39.285717010498 39.2361145019531 39.1293525695801 39.0298500061035 39.0469055175781 39.0219573974609 39.1716575622559 39.1716575622559 39.1391410827637 39.2142143249512 39.2642631530762 39.0311241149902 38.8888893127441 38.7957305908203 38.9227638244629 38.8973579406738 38.8973579406738 38.7703247070312 38.8465461730957 38.7537994384766 38.7195129394531 38.6271514892578
39.7984275817871 39.8721733093262 39.8529434204102 39.882698059082 39.8284339904785 39.9264717102051 39.9264717102051 39.8284339904785 39.8039245605469 39.8582611083984 39.8338203430176 39.8039245605469 39.8039207458496 39.779411315918 39.7794151306152 39.7303924560547 39.7303924560547 39.626350402832 39.5771865844727 39.8230094909668 39.779411315918 39.7738456726074 39.7000999450684 39.5034446716309 39.4477310180664 39.3175086975098 39.285717010498 39.2786064147949 39.1293525695801 39.1293525695801 39.2537307739258 39.2786064147949 39.1716575622559 39.2142143249512 39.3143157958984 39.2642631530762 39.3962097167969 39.2821273803711 39.0735130310059 38.981761932373 39.0243911743164 39.0243911743164 38.9564323425293 38.981761932373 38.8465461730957 38.8465461730957 38.8551177978516 38.7791290283203 38.6778106689453
39.8039245605469 39.8774528503418 39.9264717102051 39.9071350097656 39.8284339904785 39.8039245605469 39.8039245605469 39.8774528503418 39.7549018859863 40.0196685791016 40.0048904418945 39.8529396057129 39.7794151306152 39.8774490356445 39.7549057006836 39.7984275817871 39.6509323120117 39.7492637634277 39.7303924560547 39.8284301757812 39.7492637634277 39.7000999450684 39.5771903991699 39.4477310180664 39.465877532959 39.335319519043 39.2288551330566 39.1865081787109 39.211311340332 39.285717010498 39.3532333374023 39.3781089782715 39.2714576721191 39.3463096618652 39.3712577819824 39.3712577819824 39.3574295043945 39.1993942260742 39.0324211120605 39.0324211120605 39.083080291748 39.1337394714355 39.1084098815918 38.981761932373 38.8044586181641 38.7031402587891 38.8297882080078 38.8131294250488 38.7537994384766
39.8774528503418 39.8529434204102 39.7794151306152 39.7794151306152 39.8230094909668 39.7984275817871 39.8230094909668 39.7738456726074 39.7738456726074 40.0442504882812 40.0490188598633 39.9804496765137 39.8774490356445 39.9754905700684 39.9213409423828 39.7984275817871 39.6017684936523 39.626350402832 39.7000999450684 39.8721733093262 39.6203155517578 39.6017723083496 39.4477310180664 39.4411468505859 39.211311340332 39.0796012878418 39.211311340332 39.335319519043 39.4593276977539 39.4345245361328 39.335319519043 39.3781089782715 39.3034858703613 39.5209617614746 39.5209579467773 39.2642631530762 39.217170715332 39.0324211120605 39.1084098815918 39.2350540161133 39.2097244262695 39.1590690612793 39.1666641235352 38.9141426086426 38.8636360168457 38.8131294250488 38.6868705749512 38.7121200561523 38.7210464477539
39.779411315918 39.7794151306152 39.7984275817871 39.7984275817871 39.7738456726074 39.7738456726074 39.6813735961914 39.9213409423828 39.8284301757812 39.8284301757812 39.9264717102051 40.0048866271973 40.0048866271973 40 39.8529396057129 39.8422088623047 39.626350402832 39.6755180358887 39.8475914001465 39.9071350097656 39.7549018859863 39.650936126709 39.3422355651855 39.0219535827637 39.1716575622559 39.335319519043 39.5585327148438 39.5089302062988 39.5337295532227 39.5337295532227 39.4527359008789 39.4593276977539 39.5273666381836 39.4710578918457 39.2892875671387 39.2245712280273 39.1161613464355 39.0577507019043 39.0909080505371 39.2097244262695 39.3181800842285 39.217170715332 39.141414642334 39.0324211120605 39.0656585693359 38.8383827209473 38.6616172790527 38.7791290283203 38.7121200561523
39.7984275817871 39.7549018859863 39.8529434204102 39.7549018859863 39.7549018859863 39.779411315918 39.7549018859863 39.7303924560547 39.8774490356445 39.9264717102051 39.9019584655762 39.9071350097656 39.9560127258301 39.9560127258301 39.8774490356445 39.9019622802734 39.8529396057129 39.9754905700684 39.9754905700684 39.9509811401367 39.7549018859863 39.5710067749023 39.4593276977539 39.3849220275879 39.3916931152344 39.5400619506836 39.638973236084 39.6142425537109 39.6329383850098 39.5337333679199 39.427864074707 39.5522422790527 39.5958099365234 39.3643646240234 39.3504524230957 39.217170715332 39.2676773071289 39.2424240112305 39.217170715332 39.343433380127 39.3000984191895 39.217170715332 39.1161613464355 39.098690032959 38.9646453857422 38.8131332397461 38.6363639831543 38.7284698486328 38.6111106872559
39.8774528503418 39.8529434204102 39.809383392334 39.7605056762695 39.8284301757812 39.8774490356445 39.8582611083984 39.7360725402832 39.8039207458496 39.7360725402832 39.809383392334 39.809383392334 39.9366455078125 39.9853782653809 39.9366455078125 39.9366455078125 39.9804496765137 39.8529396057129 39.7984275817871 39.7682456970215 39.7682456970215 39.5216979980469 39.4723854064941 39.5400619506836 39.465877532959 39.3916931152344 39.5089302062988 39.6142425537109 39.6637001037598 39.6825408935547 39.5585327148438 39.7512435913086 39.5209579467773 39.4144134521484 39.432731628418 39.3825302124023 39.2749252319336 39.2245712280273 39.3323287963867 39.4259834289551 39.3252754211426 39.141414642334 39.0735130310059 39.1490440368652 39.0151519775391 38.939395904541 38.8044586181641 38.7031402587891 38.5764923095703
39.8039245605469 39.8774528503418 39.7794151306152 39.8529396057129 39.8338241577148 39.8338241577148 39.8338241577148 39.8582572937012 39.8582572937012 39.9560089111328 39.9804496765137 39.809383392334 39.809383392334 39.882698059082 40.0537605285645 40.0048904418945 39.8529396057129 39.8774490356445 39.7929000854492 39.718936920166 39.5463523864746 39.638973236084 39.6203155517578 39.5956611633301 39.7131538391113 39.4411468505859 39.6268653869629 39.6081352233887 39.6329383850098 39.7569465637207 39.6389694213867 39.6019897460938 39.614616394043 39.4394378662109 39.5209617614746 39.4144134521484 39.3072280883789 39.3825302124023 39.3072280883789 39.3825302124023 39.3574295043945 39.1742210388184 39.1817283630371 39.04833984375 38.8636360168457 38.8804473876953 38.7121200561523 38.6868667602539 38.560604095459
39.7492637634277 39.7492637634277 39.705883026123 39.8284301757812 39.8338241577148 39.7660789489746 39.809383392334 39.9071350097656 39.7417144775391 39.8148155212402 39.9853782653809 39.8826942443848 39.7849464416504 39.8338241577148 40.0048866271973 39.9366455078125 39.8774490356445 39.7738456726074 39.7189331054688 39.6203155517578 39.718936920166 39.7682456970215 39.7000999450684 39.7131538391113 39.6825408935547 39.5585327148438 39.6081352233887 39.5273628234863 39.5273666381836 39.6825408935547 39.8313484191895 39.7704620361328 39.7205619812012 39.6706619262695 39.5708618164062 39.5080299377441 39.3143157958984 39.4144134521484 39.3643646240234 39.4644660949707 39.3323287963867 39.2821273803711 39.1817283630371 39.0735130310059 38.8972816467285 38.8888893127441 38.8721046447754 38.6958694458008 38.5951652526855
39.7549018859863 39.7984275817871 39.8039245605469 39.8039207458496 39.779411315918 39.7360687255859 39.882698059082 39.912281036377 39.8879127502441 39.912281036377 39.9366493225098 39.9610137939453 39.9315719604492 39.9315719604492 39.9804496765137 40.0537605285645 39.9019584655762 39.8967552185059 39.7929000854492 39.8230094909668 39.8967552185059 39.7984275817871 39.6449699401855 39.4906044006348 39.4593276977539 39.6329383850098 39.7569465637207 39.6825408935547 39.5771141052246 39.6019897460938 39.7073402404785 39.8313484191895 39.7512435913086 39.6956100463867 39.5708618164062 39.5708618164062 39.4144134521484 39.3962097167969 39.5459098815918 39.5331344604492 39.1817283630371 39.0813255310059 39.04833984375 38.9224586486816 38.939395904541 38.9224586486816 38.8805198669434 38.7550201416016 38.6958694458008
39.8529434204102 39.8284339904785 39.809383392334 39.7849464416504 39.7849464416504 39.7904472351074 39.8582572937012 39.809383392334 39.7417144775391 39.7849426269531 39.8338203430176 39.9071350097656 39.8635482788086 39.912281036377 39.9366455078125 40.0537605285645 40 39.8774490356445 39.9459228515625 39.9264717102051 39.8967552185059 39.6449699401855 39.4906044006348 39.5833358764648 39.7131576538086 39.7626113891602 39.8120651245117 39.7073440551758 39.7073440551758 39.7073440551758 39.7626113891602 39.9305534362793 39.8065452575684 39.7263679504395 39.6706619262695 39.471061706543 39.4211616516113 39.570858001709 39.514518737793 39.4076309204102 39.3001022338867 39.2497482299805 39.0404052734375 39.0151519775391 38.9728088378906 39.0060234069824 38.930721282959 38.9979858398438 38.7714004516602
39.9315719604492 39.882698059082 39.8148155212402 40.0048866271973 39.809383392334 39.7849464416504 39.7116317749023 39.6871910095215 39.6627540588379 39.6871910095215 39.8338203430176 39.7605056762695 39.8774528503418 39.8582572937012 39.9804496765137 40.0048866271973 40.0782012939453 40.0735321044922 39.8967552185059 39.9950828552246 39.638973236084 39.6203155517578 39.7682456970215 39.6637001037598 39.8367958068848 39.8422088623047 39.9357070922852 39.8561515808105 39.9357070922852 39.7873382568359 39.9109802246094 39.8561515808105 39.6268653869629 39.6956100463867 39.6207618713379 39.4461097717285 39.4211616516113 39.6268653869629 39.4644660949707 39.3072280883789 39.3825302124023 39.1315269470215 39.098690032959 39.1490440368652 38.9558219909668 38.9889907836914 38.8638648986816 38.9307250976562 38.796573638916
39.9315719604492 40.0782012939453 39.9610137939453 39.8635482788086 39.7849464416504 39.6871948242188 39.7303924560547 39.6871948242188 39.7849464416504 39.7173500061035 39.7605056762695 39.7605056762695 39.8338203430176 39.9071350097656 39.9560089111328 39.9804496765137 40.0293235778809 40.1026382446289 39.9705009460449 39.8915214538574 39.8422088623047 39.8422088623047 39.8422088623047 39.8915176391602 39.7189331054688 39.9604339599609 39.9161758422852 39.9408302307129 39.8915176391602 39.9161758422852 39.9901390075684 39.9057540893555 39.7817459106445 39.6268653869629 39.5958099365234 39.4894905090332 39.4527359008789 39.6268653869629 39.4461097717285 39.3962097167969 39.3143157958984 39.1315269470215 39.098690032959 39.1315269470215 39.056224822998 39.056224822998 39.1064262390137 38.7299194335938 38.8131294250488
40.0537643432617 39.9366455078125 39.8391799926758 39.8338241577148 39.6871948242188 39.6627578735352 39.5343132019043 39.5588226318359 39.6323547363281 39.7303924560547 39.7360687255859 39.809383392334 39.7549018859863 39.8475914001465 39.8284339904785 39.8284339904785 39.9509811401367 40.0735321044922 40.1270751953125 40.1715698242188 40.0196647644043 39.9901390075684 39.9161758422852 39.8967552185059 39.9901390075684 39.8422088623047 39.9901390075684 40.0196647644043 40.044246673584 39.9161758422852 39.8120651245117 39.7378845214844 39.7014923095703 39.651741027832 39.5459098815918 39.5209617614746 39.4029846191406 39.6268653869629 39.5459060668945 39.3393402099609 39.3072280883789 39.1064262390137 39.056224822998 39.1141166687012 39.1141166687012 39.0640640258789 38.9809265136719 38.8217506408691 38.8469276428223
40.0293273925781 39.9071350097656 39.8635482788086 39.8338241577148 39.7360725402832 39.6627578735352 39.6813735961914 39.485294342041 39.4607849121094 39.6323547363281 39.779411315918 39.7738418579102 39.7000961303711 39.7492637634277 39.7984275817871 39.8668670654297 39.7435913085938 39.9213371276855 40.0735321044922 40.0293235778809 40.1960792541504 40.2450981140137 40.044246673584 40.0641021728516 40.138069152832 40.0147933959961 40.0147933959961 40.044246673584 39.9654846191406 39.8615226745605 39.7817459106445 39.6081352233887 39.5771179199219 39.5209617614746 39.5395393371582 39.5273628234863 39.6019897460938 39.651741027832 39.3962097167969 39.2642669677734 39.2821273803711 39.2319259643555 39.1641654968262 39.1217575073242 39.1391410827637 39.1141166687012 38.8805198669434 38.8721046447754 38.8805236816406
39.9560127258301 40.0293273925781 40.0293273925781 39.9071350097656 39.8284301757812 39.705883026123 39.5588226318359 39.6509323120117 39.6568641662598 39.6755142211914 39.7246780395508 39.7492637634277 39.7435913085938 39.7131538391113 39.8475914001465 39.9213371276855 39.9950828552246 40.0490226745605 40.1671600341797 40.1671600341797 40.0980415344238 40.1715698242188 40.1715698242188 40.220588684082 40.2163238525391 40.117992401123 40.044246673584 40.0196647644043 39.9654846191406 39.8862495422363 39.7569465637207 39.5833358764648 39.601993560791 39.5708618164062 39.4461097717285 39.4211616516113 39.4461097717285 39.6268653869629 39.5024871826172 39.3712577819824 39.2142143249512 39.2392425537109 39.1467094421387 39.3393402099609 39.2892875671387 39.1391410827637 38.7299194335938 38.9056243896484 38.9056243896484
40.0048866271973 40.1026382446289 39.9804496765137 39.9853782653809 39.8039207458496 39.8093872070312 39.8039207458496 39.7246780395508 39.8529434204102 39.7738456726074 39.8230094909668 39.9950828552246 39.8721733093262 39.8668670654297 39.8721733093262 39.9705009460449 40.044246673584 39.9213371276855 39.9408302307129 39.9950828552246 40.0934104919434 40.0980415344238 40.117992401123 40.1671600341797 40.1225509643555 40.0980415344238 40.0245094299316 39.9950828552246 39.8967552185059 39.9357070922852 39.9305534362793 39.7321434020996 39.6019897460938 39.4960098266602 39.4960098266602 39.4211616516113 39.4710578918457 39.5522384643555 39.5273628234863 39.5459060668945 39.3213577270508 39.246509552002 39.3962059020996 39.346305847168 39.3143157958984 38.8888893127441 39.1064262390137 38.9056243896484 38.7299194335938
40.1315765380859 40.1315765380859 40.175952911377 40.0048904418945 39.9315757751465 39.9264717102051 39.7984275817871 39.7984275817871 39.8039207458496 39.9019622802734 39.9950828552246 40 39.9950828552246 39.9408302307129 39.9161758422852 39.9408302307129 39.9654846191406 39.9654846191406 40.0593490600586 40.1380653381348 40.2613410949707 39.9161758422852 39.9459190368652 40.117992401123 40.1470603942871 40.1715698242188 40.0147933959961 39.9408302307129 39.8615226745605 39.7817459106445 39.825870513916 39.7761192321777 39.6766166687012 39.6019897460938 39.5522384643555 39.4710578918457 39.4211578369141 39.5459098815918 39.5833320617676 39.477611541748 39.3463096618652 39.3781089782715 39.4211578369141 39.1217575073242 39.1641654968262 39.1141166687012 38.9639663696289 38.8052215576172 38.7048187255859
40.1803131103516 40.2046775817871 40.2003936767578 40.0735282897949 39.9754905700684 39.8475914001465 39.9408302307129 39.8475914001465 39.8721733093262 40.0490226745605 40.0490226745605 40.0490226745605 39.9459190368652 40.044246673584 40.0147933959961 40.044246673584 39.9459190368652 40.0147933959961 40.0346221923828 40.0147933959961 39.9408302307129 39.817554473877 39.9654846191406 40.0394477844238 40.044246673584 40.1960792541504 39.9654808044434 39.9654808044434 39.812068939209 39.7817459106445 39.6268653869629 39.7263679504395 39.7378845214844 39.8009948730469 39.6268653869629 39.4461097717285 39.570858001709 39.5771141052246 39.5024871826172 39.4461059570312 39.4278602600098 39.4841270446777 39.2964057922363 39.1467056274414 39.2392387390137 39.1467056274414 38.9889907836914 38.9558258056641 38.7048187255859
40.2777786254883 40.2003936767578 40.1715698242188 40.0735282897949 40.0442504882812 39.9161720275879 39.817554473877 39.9901390075684 39.9705009460449 40.0934104919434 40.1225509643555 40.1470603942871 40.1179962158203 40.0980415344238 40.0147933959961 40.0196647644043 40.2120323181152 40.2120323181152 40.138069152832 40.113410949707 40.0688323974609 40.0394477844238 39.9901390075684 40.0641021728516 39.9950828552246 40.0735282897949 40.0245094299316 40.0887565612793 39.8615226745605 39.8615226745605 39.6825408935547 39.7378845214844 39.8561515808105 39.7014923095703 39.570858001709 39.4894905090332 39.6457061767578 39.6329383850098 39.5585327148438 39.5024871826172 39.4278602600098 39.4097213745117 39.3213577270508 39.3213539123535 39.2714538574219 39.1391372680664 38.9889907836914 38.8638648986816 38.7048187255859
40.3714561462402 40.2981452941895 40.1715698242188 40.220588684082 39.9705009460449 39.9408264160156 39.817554473877 39.9901390075684 39.9901390075684 40.0196647644043 40.142578125 40.1715698242188 40.1715698242188 40.0980415344238 40.1179962158203 39.9901390075684 40.0196647644043 40.2120323181152 40.1917419433594 40.1917419433594 40.1671600341797 40.1671600341797 40.0442504882812 39.8475914001465 40.0196685791016 40.0735282897949 40.0245094299316 39.9901390075684 39.9654846191406 39.8668632507324 39.7929000854492 39.8862495422363 39.8313484191895 39.7014923095703 39.4960098266602 39.4461097717285 39.5273628234863 39.6268653869629 39.5895156860352 39.5273628234863 39.477611541748 39.4593238830566 39.2288551330566 39.3213539123535 39.1716537475586 39.1064262390137 38.9056243896484 38.7550201416016 38.6546173095703
