Demos/Rbased/CrashCourse/data/climate_processing/PresentLayers/Shortia_galacifolia/bio_3.asc
NCOLS 523 
NROWS 122 
XLLCORNER -83.2916666667633 
YLLCORNER 34.9749999999364 
CELLSIZE 0.00833333333316142 
NODATA_value -9999 
[rows 54 to 80 of 122, columns 60 to 119 of 523]
-9999 -9999 -9999 -9999 -9999 -9999 -9999 -9999 -9999 -9999 -9999 -9999 -9999 -9999 -9999 -9999 -9999 -9999 -9999 -9999 -9999 -9999 -9999 -9999 -9999 -9999 -9999 -9999 -9999 -9999 -9999 39.9043312072754 39.8791542053223 40.020263671875 40.061164855957 39.6997909545898 40.1538467407227 40.1748962402344 39.6875 39.6161918640137 39.6226425170898 40.0260429382324 40.2992782592773 40.2173919677734 40.1915092468262 40.3508758544922 40.3250770568848 40.398551940918 40.2476806640625 40.2128753662109 40.1253929138184 40.0419273376465 40.199161529541 39.8734169006348 39.6231422424316 39.8941802978516 39.8412704467773 40.0843887329102 39.9206352233887 39.4892463684082
-9999 -9999 -9999 -9999 -9999 -9999 -9999 -9999 -9999 -9999 -9999 -9999 -9999 -9999 -9999 -9999 -9999 -9999 -9999 -9999 -9999 -9999 -9999 -9999 -9999 -9999 -9999 -9999 -9999 40.0252532958984 39.8791542053223 39.9747467041016 39.9189453125 39.9592247009277 39.5119438171387 39.1877632141113 39.7715492248535 39.6290473937988 38.924388885498 39.5042190551758 40.1186790466309 40.1349945068359 40.2173919677734 40.3508758544922 40.2218780517578 40.1491775512695 40.2777786254883 40.2691535949707 40.1397514343262 40.2173919677734 40.2128753662109 40.1302070617676 39.9371070861816 39.403621673584 39.5899887084961 40.0264549255371 39.9789009094238 40.1156692504883 40.1156692504883 39.9735450744629
-9999 -9999 -9999 -9999 -9999 -9999 -9999 -9999 -9999 -9999 -9999 -9999 -9999 -9999 -9999 -9999 -9999 -9999 -9999 -9999 -9999 -9999 -9999 -9999 -9999 -9999 -9999 40.2482299804688 40.0757598876953 40.1469078063965 40.0455932617188 39.9696044921875 39.9644317626953 39.8662567138672 39.1692962646484 39.8033103942871 39.425106048584 39.765625 39.84375 39.5636177062988 40.0103492736816 40.1491775512695 40.2520561218262 40.1748962402344 40.1491775512695 40.1538467407227 40.1025619506836 40.1491775512695 40.2476768493652 40.1960792541504 40.0830726623535 40.1349945068359 40.0520820617676 39.9579391479492 39.5435218811035 39.4230766296387 38.7987022399902 39.5700645446777 40.1205444335938 40.1205444335938
-9999 -9999 -9999 -9999 -9999 -9999 -9999 -9999 -9999 -9999 -9999 -9999 -9999 -9999 -9999 -9999 -9999 -9999 -9999 -9999 -9999 -9999 -9999 -9999 -9999 -9999 40.298885345459 40.3201217651367 40.2439041137695 40.2184944152832 40.020263671875 39.9696044921875 40.0356788635254 40.0769233703613 39.84375 40.067081451416 39.8119125366211 39.8641586303711 40.0154800415039 40.0311508178711 40.1138725280762 40.2476768493652 40.1282043457031 40.1234550476074 40.0977363586426 40.0562362670898 40.0256423950195 40.1234588623047 40.0769233703613 40 40.1186790466309 39.9844741821289 39.6488456726074 39.1719741821289 39.0841331481934 39.209400177002 38.5993499755859 38.5620918273926 39.4426574707031 40.0943374633789
-9999 -9999 -9999 -9999 -9999 -9999 -9999 -9999 -9999 -9999 -9999 -9999 -9999 -9999 -9999 -9999 -9999 -9999 -9999 -9999 -9999 -9999 -9999 -9999 40.5963287353516 40.4434242248535 40.4434242248535 40.2439002990723 40.2439002990723 40.1630973815918 40.116870880127 40.0914611816406 40.2096138000488 40.0720176696777 39.9844703674316 40.1444778442383 39.7274627685547 39.8322830200195 40.0879936218262 39.9585914611816 40.0879936218262 40.0720176696777 40.1025619506836 40.1025657653809 40.1025657653809 40.1538467407227 40.0256385803223 40.0154800415039 40.0154800415039 39.9487190246582 39.9948577880859 39.9844741821289 39.4847526550293 38.0208320617676 37.2909698486328 37.6655616760254 38.0482444763184 37.9262924194336 39.1747055053711 40.0731430053711
-9999 -9999 -9999 -9999 -9999 -9999 -9999 -9999 -9999 -9999 -9999 -9999 -9999 -9999 -9999 -9999 -9999 -9999 -9999 -9999 -9999 -9999 -9999 40.5453643798828 40.3963394165039 40.4943923950195 40.3669738769531 40.2650337219238 40.1840515136719 40.0817985534668 40.1584854125977 39.9592247009277 40.1584892272949 40.0205764770508 40.0154800415039 40.0720176696777 39.9068298339844 40.067081451416 40.1960792541504 39.9585914611816 40.0205764770508 40.1491775512695 40.1025619506836 40.1538467407227 40.1794891357422 40.0512809753418 39.9487152099609 39.9691352844238 39.9068336486816 39.9532699584961 39.9273109436035 39.8177070617676 39.3121719360352 38.2897605895996 37.9262924194336 37.8183822631836 38.5348587036133 38.7716445922852 38.7987022399902 39.6964874267578
-9999 -9999 -9999 -9999 -9999 -9999 -9999 -9999 -9999 -9999 -9999 -9999 -9999 -9999 -9999 -9999 -9999 -9999 -9999 -9999 -9999 40.6952972412109 40.6410255432129 40.6410255432129 40.4943923950195 40.4943923950195 40.4434242248535 40.2693099975586 40.1168670654297 40.1630973815918 40.0406494140625 40.0866470336914 40.0356788635254 39.9585914611816 39.9638786315918 40.0512809753418 40.0462951660156 40.0769233703613 40.0977363586426 39.9487190246582 40.0512809753418 40.1282043457031 40.0051116943359 40.1282043457031 40.0256423950195 39.9487190246582 40.0205764770508 39.891975402832 39.7395820617676 39.3723640441895 38.8087615966797 38.8354682922363 39.2063484191895 39.1292724609375 38.7270774841309 38.924732208252 39.2705001831055 39.2550926208496 39.3963661193848 39.6231422424316
-9999 -9999 -9999 -9999 -9999 -9999 -9999 -9999 -9999 -9999 -9999 -9999 -9999 -9999 -9999 -9999 -9999 -9999 -9999 40.769229888916 40.6088752746582 40.2950325012207 40.3985481262207 40.5384635925293 40.5419235229492 40.5419235229492 40.3669700622559 40.3160018920898 40.1930885314941 40.1630973815918 40.0660591125488 40.0866470336914 40.0101928710938 39.9380798339844 39.9176940917969 40.0256423950195 40.0051116943359 40.0051116943359 40.0512809753418 40.0256423950195 39.979549407959 40.0306739807129 39.979549407959 39.9487190246582 39.8405342102051 39.8234672546387 39.9585914611816 39.912281036377 39.8550720214844 39.1985130310059 38.0601081848145 38.8263664245605 39.3650779724121 39.5110397338867 39.3312110900879 38.7987022399902 39.3769989013672 39.7354507446289 39.9261627197266 39.9633102416992
-9999 -9999 -9999 -9999 -9999 -9999 -9999 -9999 -9999 -9999 -9999 -9999 -9999 -9999 -9999 -9999 -9999 -9999 40.6862754821777 40.4649963378906 40.2298851013184 40.5572776794434 40.6088752746582 40.3945999145508 40.4320983886719 40.3924560546875 40.3629875183105 40.3885459899902 40.2439041137695 40.1885833740234 40.0866470336914 40.0101928710938 40.0356788635254 40.0051116943359 40 39.979549407959 39.9284248352051 39.9028625488281 39.8827743530273 39.8572883605957 40.0562400817871 40.0306777954102 39.8461532592773 39.8291931152344 39.765625 39.4584655761719 39.4916152954102 39.3723640441895 39.0658149719238 39.251594543457 38.5551948547363 38.5922317504883 38.6290321350098 38.8888893127441 39.5700645446777 39.9053611755371 39.6762199401855 39.8264999389648 40.1729545593262 40.0879936218262
-9999 -9999 -9999 -9999 -9999 -9999 -9999 -9999 -9999 -9999 -9999 -9999 -9999 -9999 -9999 -9999 40.5922431945801 40.4649963378906 40.0893783569336 40.4127502441406 40.812629699707 40.763671875 40.6153869628906 40.5606994628906 40.5384635925293 40.5674858093262 40.4652366638184 40.3118591308594 40.2395515441895 40.142276763916 40.1376152038574 40.0356788635254 40.0101928710938 39.8318023681641 39.9284248352051 39.8572883605957 39.8827743530273 39.9284248352051 39.8318061828613 39.9337387084961 39.953987121582 39.6677055358887 39.4984321594238 39.8550720214844 39.7515525817871 39.7515525817871 39.6875 39.3386268615723 38.4740257263184 37.8289489746094 38.0054626464844 37.1944427490234 37.3611106872559 38.0088005065918 38.5620918273926 39.2550926208496 39.9109001159668 40.2821311950684 40.2388381958008 40.2388381958008
-9999 -9999 -9999 -9999 -9999 -9999 -9999 -9999 -9999 -9999 -9999 -9999 -9999 -9999 -9999 39.5091705322266 39.6302223205566 39.4892463684082 40.2426147460938 40.9397735595703 40.8410720825195 40.7664604187012 40.6666679382324 40.5674858093262 40.4652366638184 40.4434242248535 40.3924560546875 40.2905197143555 40.1930885314941 40.1676826477051 40.0866470336914 39.9847106933594 39.9284248352051 39.8572883605957 39.9337425231934 39.8827705383301 39.953987121582 39.9082565307617 39.8572883605957 39.80908203125 39.705883026123 39.8148155212402 39.814811706543 39.9896774291992 39.9638786315918 39.7916641235352 39.4584655761719 39.3196220397949 38.7553405761719 38.3442268371582 38.382194519043 38.0208320617676 38.1535949707031 38.7096786499023 39.1292724609375 39.0675239562988 39.6825408935547 39.8148155212402 40.1041641235352 40
-9999 -9999 -9999 -9999 -9999 -9999 -9999 -9999 -9999 -9999 -9999 -9999 -9999 40.010684967041 40.3968276977539 40.2866249084473 40.2162437438965 39.6979484558105 39.5967750549316 40.4612159729004 40.2777786254883 40.390625 40.5830764770508 40.5163612365723 40.2263374328613 40.3589744567871 40.3669700622559 40.2439041137695 40.142276763916 40.1885833740234 39.9390258789062 40.0101928710938 39.9592247009277 39.8827705383301 39.8827705383301 39.9082565307617 39.8318023681641 39.9337387084961 39.8864784240723 39.7715492248535 39.8606796264648 39.9487190246582 39.9948577880859 39.8864784240723 39.6677055358887 39.6677055358887 39.3796005249023 38.9862022399902 38.9067535400391 38.8087615966797 38.959659576416 38.7286338806152 38.403450012207 39.1269836425781 39.3196182250977 39.3842887878418 39.8002090454102 39.6750526428223 40.0879936218262 39.9230766296387
-9999 -9999 -9999 -9999 -9999 -9999 -9999 -9999 -9999 -9999 -9999 40.5181617736816 40.9018974304199 40.548454284668 40.3620872497559 40.8542976379395 40.8780212402344 40.4497375488281 39.9681510925293 40.1587295532227 39.7497329711914 40.1253929138184 40.6862754821777 40.3549385070801 40.1349945068359 40.3669700622559 40.2947158813477 40.1930885314941 40.1676826477051 39.9898376464844 39.9644317626953 39.8882102966309 39.9136199951172 39.9847068786621 39.8572883605957 39.9082565307617 39.8373985290527 39.9082565307617 39.8773002624512 39.9743576049805 39.9743576049805 39.8974380493164 39.8461532592773 39.9380798339844 39.4654083251953 38.8531608581543 38.6827964782715 38.5852088928223 38.7553405761719 38.8711395263672 39.3987350463867 39.3678131103516 39.1350212097168 39.3007354736328 39.5572929382324 39.5506782531738 39.7335433959961 39.806079864502 39.8405342102051 39.9743576049805
-9999 -9999 -9999 -9999 -9999 -9999 -9999 -9999 -9999 -9999 40.200870513916 40.8679428100586 41.0317459106445 40.9766464233398 41.0073852539062 40.9282684326172 41.0397071838379 40.7991561889648 40.4574127197266 40.4612159729004 40.2253646850586 40.450309753418 40.538459777832 40.457820892334 40.3076934814453 40.3924560546875 40.1930885314941 40.1722412109375 40.0709228515625 39.9949340820312 39.9189453125 39.9390258789062 39.9390258789062 39.8628044128418 39.9136199951172 39.7865867614746 39.7611808776855 39.8572883605957 39.8261756896973 39.9743576049805 39.943416595459 39.8864822387695 39.921875 39.8697929382324 39.7074203491211 39.0575103759766 38.8711395263672 38.7286338806152 38.8445129394531 39.5178184509277 39.4461860656738 39.5252838134766 39.5379028320312 39.6221542358398 39.5962715148926 39.6157836914062 39.5638656616211 39.7256736755371 39.7376556396484 39.8291931152344
-9999 -9999 -9999 -9999 -9999 -9999 -9999 -9999 40.2732238769531 40.7497291564941 40.9989318847656 41.054313659668 40.9478149414062 41.2447242736816 41.2169303894043 41.3259963989258 41.2225723266602 40.9613380432129 40.5660400390625 40.7320861816406 40.625 40.6573486328125 40.3209114074707 40.5163612365723 40.4179420471191 40.3455276489258 40.1215782165527 40.1469116210938 40.0962524414062 40.020263671875 39.9696044921875 39.9189453125 39.8628044128418 39.8176307678223 39.741641998291 39.8827743530273 39.7553520202637 39.7750511169434 39.8662567138672 39.8348808288574 39.9380798339844 39.7715454101562 39.1906280517578 38.745979309082 39.4392013549805 39.5506782531738 39.5833358764648 39.1350212097168 39.0295372009277 39.4200630187988 39.6284828186035 39.6862144470215 39.5833358764648 39.5318946838379 39.5768852233887 39.5445137023926 39.6354179382324 39.6090545654297 39.5052070617676 39.705883026123
-9999 -9999 -9999 -9999 -9999 -9999 38.4812278747559 39.2058181762695 39.6042366027832 39.6179389953613 40.0546417236328 40.5266036987305 40.7852554321289 40.7020378112793 40.6216506958008 41.377498626709 41.3020820617676 41.09375 40.6446533203125 40.9958724975586 40.6282424926758 40.5503616333008 40.6410255432129 40.5163612365723 40.2564086914062 40.2184944152832 40.2439002990723 40.1676826477051 40.0709228515625 40.0914611816406 40.0455932617188 39.8936195373535 39.842960357666 39.8628044128418 39.8628044128418 39.8572883605957 39.8261756896973 39.80908203125 39.6221542358398 39.2557640075684 39.2063484191895 39.145435333252 39.0575065612793 39.1269836425781 39.3270225524902 39.6417465209961 39.5572929382324 39.6480331420898 39.5962715148926 39.4409942626953 39.5641021728516 39.6347732543945 39.3846168518066 39.4151153564453 39.5252838134766 39.4994850158691 39.6090545654297 39.5768852233887 39.1167182922363 39.4791641235352
-9999 -9999 -9999 -9999 -9999 36.8498840332031 37.0141334533691 37.9310340881348 38.6904754638672 39.0011215209961 39.2897109985352 39.3687705993652 39.4795112609863 40.1143798828125 41.0297241210938 41.3512077331543 41.2225723266602 41.2512969970703 41.1764717102051 41.0236625671387 40.763671875 40.2907562255859 40.5349807739258 40.5453605651855 40.4689102172852 40.3201217651367 40.2439041137695 40.116870880127 40.0914611816406 39.9949340820312 39.9949340820312 39.8936157226562 39.8628044128418 39.8373985290527 39.7750511169434 39.8006134033203 39.692310333252 39.7574806213379 39.7316818237305 39.1509437561035 38.8359794616699 39.2932510375977 39.0392799377441 38.986198425293 39.2557640075684 39.5638618469238 39.6284828186035 39.6221504211426 39.5833358764648 39.4871788024902 39.5384635925293 39.5576133728027 39.4032936096191 39.3188858032227 39.4804534912109 39.5061721801758 39.5833320617676 39.5962753295898 39.2218704223633 39.3723640441895
-9999 -9999 -9999 36.8203315734863 38.1896553039551 38.6337890625 38.1729698181152 38.5096702575684 39.6733093261719 39.8178825378418 40 40.1143798828125 39.5419425964355 39.781421661377 40.313850402832 40.3804931640625 40.4724006652832 41.0397071838379 40.784008026123 40.9722213745117 40.8974380493164 40.7464218139648 40.7464218139648 40.5198783874512 40.3963394165039 40.3709335327148 40.1975708007812 40.1469116210938 40.142276763916 39.9949340820312 39.9189453125 39.9189453125 39.8176307678223 39.7669715881348 39.8572883605957 39.7750511169434 39.576961517334 39.6728019714355 39.6542816162109 39.3561782836914 39.1771507263184 39.3561782836914 39.4270858764648 39.4151153564453 39.3489570617676 39.3229179382324 39.4871788024902 39.6347732543945 39.6090545654297 39.4871788024902 39.4871788024902 39.5061721801758 39.429012298584 39.3962860107422 39.5252838134766 39.4736862182617 39.5119400024414 39.1430053710938 39.3196182250977 39.1719741821289
-9999 36.726188659668 37.8496513366699 38.8700561523438 39.75 39.8239822387695 39.7689781188965 40.0440063476562 40.1912574768066 40.1315765380859 40.1639366149902 40.2280120849609 40.4261054992676 40.2326812744141 39.8087425231934 40.460880279541 40.8805046081543 40.7728729248047 40.8072929382324 40.8643913269043 40.8974380493164 40.7464218139648 40.7719841003418 40.4615364074707 40.4434242248535 40.3160018920898 40.2184944152832 40.1930885314941 40.1676826477051 39.9696044921875 39.9189453125 39.9136199951172 39.7865867614746 39.7865867614746 39.7611770629883 39.780834197998 39.729866027832 39.6534156799316 39.4871788024902 39.5641021728516 39.5576133728027 39.5576133728027 39.1821937561035 39.4032936096191 39.4358978271484 39.4804534912109 39.4102554321289 39.5128211975098 39.4938621520996 39.538459777832 39.3076934814453 39.461540222168 39.3333320617676 39.4032936096191 39.4736862182617 39.4409942626953 39.2033538818359 38.9331207275391 39.0211639404297 39.0127410888672
37.3532867431641 38.0497665405273 39.1242942810059 39.6666679382324 40.2777786254883 40.3322448730469 40.4098358154297 39.8514862060547 39.6799125671387 39.8300437927246 40.0054473876953 40.0651473999023 40.2642936706543 40.758544921875 40.4569892883301 40.6316337585449 40.9853248596191 41.015625 40.9420280456543 40.7349891662598 40.7435913085938 40.5963287353516 40.4102554321289 40.4396743774414 40.4179420471191 40.4179420471191 40.1930885314941 40.2184982299805 40.116870880127 40.0660552978516 39.8682861328125 39.8882102966309 39.8318023681641 39.729866027832 39.8318023681641 39.7103652954102 39.5833320617676 39.6279296875 39.576961517334 39.576961517334 39.3916168212891 39.3589744567871 39.2382431030273 39.3846168518066 39.3985710144043 39.4938621520996 39.4938621520996 39.4615364074707 39.4871788024902 39.4871788024902 39.3261299133301 39.3333320617676 39.377571105957 39.3518524169922 39.4220848083496 39.363353729248 39.2481575012207 39.092357635498 38.9682540893555 39.209400177002
38.4659767150879 39.3812713623047 40.2365226745605 40.2777786254883 40.4684104919434 40.418025970459 40.218578338623 39.25 38.4920654296875 39.3333320617676 39.2580299377441 39.1472854614258 40.2823028564453 41.0297241210938 41.3238410949707 41.0337562561035 40.5026473999023 40.9375 41.0236625671387 40.9207801818848 40.6346740722656 40.4024772644043 40.4540786743164 40.4179420471191 40.4943923950195 40.3201217651367 40.2693099975586 40.1930885314941 40.116870880127 40.0406494140625 39.9644317626953 39.8373985290527 39.780834197998 39.7494888305664 39.6024475097656 39.7043838500977 39.5579261779785 39.5833320617676 39.4817047119141 39.2784576416016 39.1437301635742 39.2966346740723 39.3221206665039 39.2530479431152 39.3476028442383 39.4171752929688 39.3404884338379 39.1871147155762 39.2489700317383 39.2051277160645 39.3846130371094 39.3261337280273 39.3261299133301 39.2156867980957 39.3704872131348 39.3561782836914 39.2405052185059 39.1269836425781 39.1534385681152 39.0841331481934
38.8794097900391 40.1265144348145 40.5737724304199 40.4723129272461 40.4411773681641 40.1366119384766 40.0546455383301 38.9261741638184 38.6054420471191 39.5143508911133 40.0054473876953 39.6929817199707 40.594856262207 40.8439483642578 40.8730163574219 41.1703224182129 40.9329147338867 40.7523498535156 40.9700698852539 40.1041679382324 39.4778480529785 40.1397514343262 40.5674858093262 40.4689064025879 40.4943923950195 40.4179420471191 40.2650337219238 40.2650337219238 40.1676826477051 40.0866470336914 40.0817985534668 39.979549407959 39.7553520202637 39.8261756896973 39.7435913085938 39.5961151123047 39.5705528259277 39.5005111694336 39.4054870605469 39.5005073547363 39.176830291748 39.2276420593262 39.2530479431152 39.3476066589355 39.2456665039062 39.1692123413086 39.2564086914062 39.1025657653809 39.1203727722168 39.230770111084 39.1794853210449 39.3004112243652 39.1460914611816 39.311595916748 39.311595916748 39.3155708312988 39.3270263671875 39.1350212097168 39.145435333252 39.3459930419922
39.2090377807617 40.4057006835938 40.4098358154297 40.0767517089844 39.3333320617676 39.9064903259277 40.3094444274902 39.5143508911133 39.5764579772949 39.6655693054199 40.3721694946289 39.781421661377 39.9676399230957 40.2419357299805 40.711254119873 40.8780250549316 40.859375 40.9420280456543 40.760871887207 40.0419311523438 40.5606994628906 40.6186103820801 40.6727828979492 40.5963287353516 40.4689102172852 40.3629837036133 40.2862968444824 40.2395515441895 40.1376152038574 40.2096099853516 40.0769233703613 39.8717956542969 39.7890968322754 39.6666679382324 39.769229888916 39.538459777832 39.3115921020508 39.4171752929688 39.456298828125 39.2530479431152 39.3038597106934 39.3800811767578 39.2784538269043 39.3476066589355 39.1946983337402 39.2456665039062 39.2126770019531 39.1282043457031 39.1794853210449 39.1538467407227 39.2232513427734 39.1898880004883 39.1304321289062 39.2672843933105 39.311595916748 39.1849517822266 38.9682540893555 39.1613922119141 39.3270263671875 39.1798934936523
40.4057006835938 40.2090187072754 39.4722213745117 39.2897109985352 39.1583061218262 39.9945182800293 40.2326812744141 40.3409080505371 39.7540969848633 39.9180335998535 40.594856262207 40.8679466247559 40.5412635803223 40.575080871582 41.0073852539062 41.011531829834 40.7728691101074 40.1371307373047 40.2253684997559 40.692310333252 40.7492332458496 40.7237510681152 40.5453605651855 40.5453605651855 40.516357421875 40.4652328491211 40.2650337219238 40.3118591308594 40.2140693664551 40.1329231262207 40.1234588623047 39.9380798339844 39.7455863952637 39.3821411132812 39.6542854309082 39.6604957580566 39.5641021728516 39.4427375793457 39.3292694091797 39.3292694091797 39.2022361755371 39.176830291748 39.2022361755371 39.1947021484375 39.0927619934082 39.0672760009766 39.0927619934082 39.0593032836914 39.1282043457031 39.1203689575195 39.1898880004883 39.1898880004883 39.2930870056152 39.3704833984375 39.2598342895508 39.2295608520508 39.2405052185059 39.3007354736328 39.2932510375977 39.1292724609375
40.4956436157227 39.5693511962891 39.6944465637207 40.3050117492676 40.1366119384766 39.0939598083496 39.431568145752 39.7478065490723 40.3950233459473 40.322582244873 40.7585487365723 40.5144691467285 40.899471282959 40.9043121337891 40.9282722473145 40.7173004150391 40.7523498535156 40.5729179382324 40.8205146789551 40.9253578186035 40.6186103820801 40.4943923950195 40.5897445678711 40.4689102172852 40.4943923950195 40.4434242248535 40.3160057067871 40.2006187438965 40.2564086914062 40.0977363586426 40.1748962402344 40.0462951660156 39.891975402832 39.80908203125 39.4409942626953 39.5318946838379 39.5641021728516 39.4938659667969 39.5005111694336 39.3546752929688 39.1006088256836 39.1260147094727 39.1260147094727 39.2201843261719 39.0672760009766 39.1359901428223 39.0848655700684 39.1104278564453 39.1282043457031 39.1460914611816 39.1898880004883 39.2232513427734 39.3518524169922 39.2672843933105 39.337474822998 39.1167182922363 39.3605880737305 39.386791229248 39.164005279541 38.9776344299316
40.6318092346191 39.4648818969727 40.9632034301758 41.0256423950195 40.8064498901367 40.1465797424316 38.8608322143555 38.7304229736328 39.6107444763184 39.8965148925781 40.0806465148926 40.075511932373 40.3536949157715 40.3354644775391 39.8445854187012 40.7756805419922 40.9138107299805 40.9743614196777 40.9509201049805 40.7237510681152 40.6472969055176 40.6218147277832 40.5708465576172 40.5453605651855 40.4943962097168 40.3924560546875 40.3333320617676 39.8958320617676 40.1186790466309 40.0103492736816 39.9585914611816 40.0051918029785 39.943416595459 39.891975402832 39.7119331359863 39.4927520751953 39.5318946838379 39.442741394043 39.4495429992676 39.3730888366699 39.2784538269043 39.1337394714355 39.0324211120605 39.0752029418945 39.0927619934082 39.1692161560059 39.0672798156738 39.1359901428223 39.1025619506836 39.0946502685547 39.2156867980957 39.2672843933105 39.2232513427734 39.2857131958008 39.447883605957 39.4010429382324 39.4200630187988 39.2592582702637 38.942310333252 39.3723640441895
40.9902610778809 40.2412300109863 40.1315803527832 40.9967842102051 41.3492050170898 40.9211921691895 39.6107444763184 39.285717010498 39.1556282043457 40.0537643432617 40.4153366088867 40.2243576049805 40.6613731384277 40.3662414550781 40.6677169799805 41.1490669250488 41.1265449523926 40.8179016113281 40.7435913085938 40.5930480957031 40.7237510681152 40.5963287353516 40.6472969055176 40.5453605651855 40.5419235229492 40.3669738769531 40.3034973144531 39.9479179382324 39.8958358764648 39.9273109436035 39.7074203491211 39.6290512084961 39.6354179382324 39.3939399719238 39.6677055358887 39.5576133728027 39.5833320617676 39.4358978271484 39.3149299621582 39.3149299621582 39.2276420593262 39.176830291748 39.176830291748 39.1260147094727 39.0243911743164 39.0927619934082 39.0337409973145 39.1359901428223 39.1975288391113 39.1898880004883 39.1563148498535 39.1225357055664 39.3188858032227 39.5252838134766 39.4736824035645 39.3821411132812 39.3343811035156 38.986198425293 38.9690170288086 39.2592582702637
