Demos/Rbased/CrashCourse/data/climate_processing/PresentLayers/Shortia_galacifolia/bio_15.asc
NCOLS 212 
NROWS 170 
XLLCORNER -83.691666666421 
YLLCORNER 34.5083333333333 
CELLSIZE 0.00833333333316012 
NODATA_value -9999 
[rows 63 to 83 of 170, columns 0 to 46 of 212]
-9999 -9999 -9999 -9999 -9999 -9999 13.4132509231567 13.6531238555908 13.5576877593994 13.4333925247192 13.2791604995728 13.0265245437622 13.1116790771484 13.3535509109497 13.4207286834717 13.5980844497681 13.5557470321655 13.384578704834 13.384578704834 13.2379570007324 13.0916900634766 12.8225574493408 12.7422046661377 13.0507469177246 13.0196189880371 12.9891424179077 12.8481407165527 12.1010913848877 11.6837348937988 11.7355499267578 11.1266641616821 11.5078086853027 11.7916307449341 11.3162059783936 10.6725120544434 10.548508644104 11.1526851654053 12.1857032775879 12.592212677002 11.9217557907104 12.6375637054443 12.2934036254883 12.6731967926025 12.975133895874 12.9412899017334 12.9874353408813 12.9628934860229
-9999 -9999 -9999 -9999 -9999 -9999 13.3971042633057 13.4502582550049 13.5690612792969 13.0338573455811 12.9265127182007 12.3982353210449 12.3265371322632 13.2287740707397 13.2988414764404 13.3012380599976 13.4662075042725 13.2523403167725 13.0208358764648 12.895073890686 12.9719295501709 12.7865390777588 13.0900201797485 12.9754295349121 12.8613653182983 12.9220809936523 12.6311922073364 11.6908254623413 11.8241491317749 11.8241491317749 10.9828901290894 10.3637418746948 10.6942176818848 10.4780673980713 10.0375995635986 10.4290590286255 11.0033769607544 11.4794359207153 11.5417432785034 11.4861001968384 12.3965883255005 11.5754594802856 11.7578563690186 12.0976486206055 12.522894859314 13.0512828826904 12.9676542282104
-9999 -9999 -9999 -9999 -9999 -9999 13.1405830383301 13.3515272140503 13.1450719833374 13.1534128189087 12.728910446167 12.0383634567261 12.3265371322632 12.9808721542358 13.3264951705933 13.3856744766235 13.3363723754883 13.2530946731567 13.1285381317139 13.0506553649902 13.1351652145386 12.7076368331909 12.9406156539917 12.8711042404175 12.5943088531494 12.5195350646973 12.7224597930908 12.5005178451538 12.4790630340576 11.6736450195312 10.8217058181763 10.4863376617432 10.3932886123657 10.1347560882568 10.1179170608521 10.3040161132812 10.3185443878174 10.7826795578003 10.5369558334351 10.6871376037598 11.7274885177612 11.6159172058105 10.7855443954468 11.6239404678345 12.601619720459 12.4383583068848 12.6420106887817
-9999 -9999 -9999 -9999 -9999 -9999 12.849684715271 13.1395053863525 12.4870491027832 12.7163619995117 12.4160594940186 12.374213218689 12.1288394927979 12.7318954467773 13.1735153198242 13.2818403244019 13.1479806900024 13.1464347839355 12.952428817749 12.7311544418335 13.0970659255981 12.9586458206177 12.8855876922607 12.8259525299072 12.6109790802002 12.189453125 12.7372760772705 12.2884216308594 12.2502717971802 11.5766315460205 11.482982635498 10.8195562362671 10.7344541549683 10.5069370269775 10.4790258407593 10.7453489303589 10.5491580963135 10.1833667755127 10.5617847442627 10.9653768539429 11.1213750839233 11.325777053833 10.9708890914917 11.5290679931641 12.4869823455811 12.5054712295532 12.9432973861694
-9999 -9999 -9999 -9999 -9999 -9999 12.8138408660889 13.0529642105103 12.374213218689 11.8342485427856 12.0189476013184 12.564600944519 12.6313123703003 12.8182783126831 13.0450010299683 13.3298540115356 13.0909976959229 12.9953079223633 12.8364953994751 12.5161075592041 12.978199005127 12.930290222168 12.8406820297241 12.8817920684814 12.6000747680664 11.8045606613159 12.1831407546997 12.6186237335205 12.3831043243408 12.0526485443115 11.9793310165405 11.4335317611694 11.4407939910889 11.3098201751709 11.0332641601562 11.1581573486328 10.482892036438 10.2925758361816 10.1264352798462 10.4937429428101 10.3862428665161 10.5974864959717 10.9651536941528 11.6512460708618 12.1360874176025 12.5551176071167 12.5652933120728
-9999 -9999 -9999 -9999 -9999 -9999 12.2848138809204 12.5458688735962 11.8735332489014 11.5292234420776 12.4011583328247 12.7351093292236 12.6770858764648 12.890191078186 13.0728130340576 13.2332773208618 12.8324251174927 12.5260725021362 12.7541408538818 12.8792037963867 12.8282194137573 13.0663442611694 12.9147520065308 12.5816783905029 12.6142148971558 12.2512655258179 11.6030969619751 12.2007074356079 12.3888607025146 12.5458507537842 12.1582012176514 11.8070306777954 11.4407939910889 11.7614593505859 11.4169263839722 10.7979536056519 10.8964719772339 10.3184518814087 9.93383502960205 9.96117782592773 9.88241291046143 10.4663953781128 10.5803270339966 10.7066373825073 11.4349775314331 11.7361650466919 11.8667726516724
-9999 -9999 -9999 -9999 -9999 -9999 11.3683500289917 11.6668567657471 11.9467182159424 11.9510307312012 12.6871423721313 12.5899515151978 12.8987245559692 13.1583280563354 13.2153692245483 13.0393848419189 12.3742637634277 12.458025932312 12.7285823822021 12.8026943206787 12.9814147949219 12.9039011001587 12.7836828231812 12.2267541885376 11.8632783889771 12.1603622436523 11.7927646636963 11.7246513366699 11.7656583786011 12.0983200073242 11.9973096847534 12.1849851608276 11.8726539611816 11.288387298584 11.3937940597534 10.7416439056396 10.4742794036865 10.1189594268799 10.0311059951782 9.79719924926758 9.97892093658447 9.84891700744629 9.88852119445801 10.1268692016602 10.671483039856 10.6089935302734 10.3788747787476
-9999 -9999 -9999 -9999 -9999 -9999 11.0458869934082 12.393837928772 12.8514318466187 12.8524284362793 12.5769748687744 12.8406686782837 13.0873146057129 12.8324785232544 12.8050956726074 12.6665687561035 12.1421203613281 12.5385932922363 12.9030323028564 12.9438495635986 12.824670791626 12.708812713623 12.5263433456421 12.277587890625 11.8136749267578 11.0830078125 11.1526517868042 10.8534002304077 11.2037715911865 11.1711378097534 10.9661865234375 11.4898443222046 10.9080238342285 10.5101270675659 10.8056488037109 10.8846912384033 10.8377084732056 10.6000289916992 10.3398084640503 10.0349264144897 9.88260841369629 9.86793327331543 9.82684707641602 9.91198348999023 10.2786617279053 10.7701683044434 11.208456993103
-9999 -9999 -9999 -9999 -9999 -9999 11.9141302108765 12.8501243591309 12.1846075057983 12.720721244812 12.8054218292236 13.1181077957153 12.9645986557007 12.8305473327637 12.5666561126709 11.979603767395 12.4058456420898 12.7161254882812 12.6293497085571 12.7136316299438 12.8086853027344 12.8635406494141 12.2055597305298 11.9033870697021 11.9466485977173 11.9093828201294 11.3271856307983 10.9838371276855 10.8907747268677 10.6058874130249 10.3832988739014 10.5099821090698 10.8685445785522 10.2098045349121 10.103099822998 10.1802196502686 9.954758644104 9.98661613464355 10.0349264144897 9.90380573272705 9.90434646606445 9.86793327331543 9.65746974945068 9.83363151550293 10.1939277648926 11.0536079406738 11.8749780654907
-9999 -9999 -9999 -9999 -9999 -9999 12.7174034118652 12.6470756530762 12.2105436325073 12.3140783309937 12.8903913497925 12.7754993438721 12.5240545272827 12.7754993438721 12.4334297180176 11.8989915847778 12.1741619110107 12.2980070114136 12.5330038070679 12.8827276229858 12.8351926803589 12.7895832061768 12.5947666168213 12.4447402954102 12.470329284668 12.0034112930298 11.4668855667114 11.6195611953735 11.3348426818848 11.0882844924927 10.8119230270386 10.5817070007324 10.199348449707 9.94255352020264 10.2477245330811 10.4482593536377 10.2003021240234 10.3654088973999 10.5414667129517 10.2558059692383 10.680419921875 10.5638284683228 9.96693134307861 9.99164962768555 10.4826307296753 10.9011764526367 11.0454387664795
-9999 -9999 -9999 -9999 -9999 -9999 12.4924755096436 11.8648071289062 12.3144598007202 12.6335430145264 12.5445108413696 12.3387489318848 12.0159435272217 12.5989627838135 12.08434009552 11.654857635498 11.8807916641235 12.1685695648193 12.3582611083984 12.612322807312 12.8193731307983 12.5610942840576 12.4278106689453 12.2482757568359 12.263726234436 12.3827543258667 11.9995136260986 11.7131099700928 10.859899520874 11.3140525817871 11.4606666564941 10.8170185089111 10.5347671508789 10.3029775619507 10.6432695388794 11.1157217025757 10.7727584838867 10.9842824935913 11.0530614852905 10.6284399032593 11.2241230010986 11.0085954666138 10.5357313156128 10.3502674102783 10.2528610229492 10.4051446914673 11.1552610397339
-9999 -9999 -9999 -9999 -9999 -9999 11.42223072052 11.9617252349854 12.1293125152588 12.0369386672974 11.9230375289917 11.3552122116089 11.654857635498 12.0782489776611 11.454122543335 10.9996976852417 11.4984178543091 11.2047595977783 11.6760396957397 12.4736375808716 12.584566116333 12.4554071426392 12.5589380264282 12.3410511016846 11.9311771392822 11.911792755127 12.0501537322998 11.3140525817871 10.9481382369995 11.7830791473389 11.8811159133911 11.2344837188721 11.0439395904541 10.7952632904053 10.8359775543213 11.6107816696167 11.3636674880981 11.6775703430176 11.5543718338013 11.4263544082642 11.7608633041382 11.6471338272095 11.2692213058472 10.5480012893677 10.0096263885498 10.2590637207031 10.0727138519287
-9999 -9999 -9999 -9999 -9999 -9999 11.2012948989868 11.1560649871826 11.1744585037231 10.912974357605 11.1803798675537 11.2152881622314 11.3059005737305 11.4328899383545 11.2370634078979 10.7006435394287 10.6929235458374 11.1802730560303 12.0915937423706 12.1561584472656 12.3384895324707 12.3963069915771 12.2864093780518 12.4802074432373 12.4712619781494 11.8203372955322 11.5643835067749 11.7194919586182 11.7969264984131 12.20068359375 12.1969814300537 11.9009962081909 11.1453628540039 11.3080101013184 11.4358568191528 11.8738298416138 11.9503974914551 11.9599752426147 11.8553791046143 11.8553791046143 11.6737461090088 11.4736595153809 11.1955757141113 10.5784387588501 9.93772029876709 9.94665145874023 10.3796052932739
-9999 -9999 -9999 -9999 -9999 -9999 11.1560649871826 11.1433801651001 10.7600517272949 10.714503288269 10.5632762908936 10.5096120834351 10.8924102783203 10.7257852554321 10.7850704193115 10.5471677780151 10.7685308456421 11.1944427490234 11.5193910598755 11.4113464355469 11.8583383560181 12.0874900817871 12.403392791748 12.3846960067749 12.5058813095093 12.5058813095093 12.4234867095947 12.4617757797241 12.273307800293 12.4394245147705 12.1278629302979 12.0184516906738 11.2642908096313 11.9063291549683 12.2252178192139 12.1789932250977 11.9711923599243 12.1653747558594 12.2164907455444 12.0553512573242 11.6737461090088 11.1176042556763 10.8425045013428 10.4755144119263 9.99675273895264 9.93772029876709 10.7034435272217
-9999 -9999 -9999 -9999 -9999 -9999 11.4526147842407 11.1975250244141 10.7871980667114 10.9823408126831 10.8924102783203 10.6025686264038 10.4355983734131 10.1744041442871 10.3828039169312 10.8952770233154 11.2588367462158 11.6379060745239 11.7508840560913 12.0474529266357 12.0365076065063 12.3641290664673 12.403392791748 12.1349773406982 12.2039966583252 12.4510879516602 12.3319540023804 12.3428783416748 12.4663505554199 12.2667217254639 12.2185525894165 12.2907381057739 12.1971530914307 12.110203742981 12.3130130767822 12.0662183761597 12.3105411529541 12.0799684524536 11.9913845062256 11.945255279541 11.5615453720093 11.4868574142456 11.6959390640259 11.2852182388306 10.642014503479 10.1316375732422 10.2719411849976
-9999 -9999 -9999 -9999 -9999 11.4729413986206 11.3444652557373 11.2630081176758 11.262149810791 11.1840152740479 10.7948217391968 10.7920989990234 10.6034212112427 10.3828039169312 10.5149726867676 10.8891477584839 10.9625577926636 11.039158821106 11.6420783996582 11.6917791366577 12.1673231124878 12.1627340316772 11.7257919311523 11.4060840606689 12.0271625518799 12.3272075653076 12.2440633773804 12.3457927703857 12.2004728317261 12.3457927703857 12.4845390319824 12.2233934402466 12.2185525894165 12.1745042800903 12.1979370117188 12.2976970672607 12.2692728042603 12.1776037216187 12.1568403244019 12.1568403244019 12.0096578598022 11.8807935714722 11.4345531463623 11.1383905410767 10.5817918777466 10.2069568634033 10.5779590606689
-9999 -9999 -9999 -9999 -9999 11.576810836792 11.576810836792 11.5267925262451 11.5135154724121 11.230541229248 11.1392955780029 10.9913949966431 10.9326734542847 10.5059728622437 10.2907695770264 10.3844413757324 10.5502872467041 11.0068216323853 11.1253328323364 10.8508939743042 11.3501148223877 11.920316696167 11.3067255020142 11.495509147644 12.0043125152588 12.3027496337891 12.096640586853 12.049072265625 11.8449420928955 12.1770000457764 12.2233934402466 12.1019716262817 12.1951837539673 12.2568674087524 12.1745042800903 11.9926271438599 11.9163293838501 11.7323703765869 11.8839378356934 12.0189781188965 11.6200218200684 11.1985292434692 11.0437726974487 10.8488807678223 10.3072299957275 10.2710847854614 10.4820947647095
-9999 -9999 -9999 -9999 -9999 11.7042512893677 11.7873096466064 11.6169519424438 11.3674926757812 11.3973035812378 11.1088256835938 10.8599662780762 10.6588945388794 10.2898960113525 9.9679708480835 10.2023048400879 10.5267963409424 10.6367349624634 10.6436891555786 10.5741739273071 11.5761795043945 11.392505645752 10.9867830276489 11.392505645752 12.0043125152588 12.2780046463013 12.1598901748657 11.7596120834351 11.8784160614014 11.9704446792603 12.1019716262817 12.0218029022217 12.1320362091064 12.1014842987061 12.1310529708862 11.7811222076416 11.6461563110352 11.5716524124146 11.2965822219849 10.8488388061523 10.981050491333 10.8912534713745 10.7736701965332 10.7979602813721 10.7029218673706 10.980224609375 10.6216659545898
-9999 -9999 -9999 -9999 -9999 11.7779836654663 11.7042512893677 11.6169519424438 11.3587760925293 10.9629793167114 10.7471685409546 10.524356842041 10.3092336654663 10.3092336654663 10.0623121261597 9.93497562408447 10.0623121261597 10.3397779464722 10.4074630737305 10.9180612564087 10.8372716903687 10.8403434753418 11.1421632766724 11.5488634109497 11.9092426300049 11.9496726989746 12.0535087585449 11.8904800415039 11.7269487380981 11.9240779876709 12.0445880889893 12.016562461853 12.0334453582764 12.022970199585 12.1014842987061 12.078498840332 11.9984531402588 11.5969591140747 11.2602634429932 11.3206367492676 11.6177978515625 11.4828987121582 11.4809455871582 11.0901851654053 11.1601371765137 11.5879716873169 10.8939771652222
-9999 -9999 -9999 -9999 -9999 11.7341012954712 11.2125949859619 11.3188819885254 11.125599861145 10.9430475234985 10.7424278259277 10.6279392242432 10.6279392242432 10.4338874816895 10.1441717147827 9.91471004486084 9.98187160491943 10.0559482574463 10.1079387664795 10.2764263153076 10.889986038208 11.1506729125977 11.4927644729614 11.660135269165 11.9071264266968 11.9289588928223 11.9289588928223 11.6995506286621 11.3787631988525 11.5116424560547 11.8075160980225 11.6237478256226 11.7408609390259 11.8512239456177 11.9135761260986 12.0345983505249 11.8996629714966 11.8883056640625 11.8574171066284 11.7840528488159 11.7840528488159 11.7924327850342 11.7924327850342 11.7097053527832 11.6127099990845 11.3413000106812 10.8385648727417
-9999 -9999 -9999 -9999 -9999 11.5742015838623 11.3360757827759 11.1248912811279 10.9728317260742 10.7774181365967 10.8658390045166 10.7774181365967 10.5707788467407 10.2602262496948 10.0291395187378 9.81489849090576 10.1441717147827 10.435754776001 10.5941753387451 10.5708818435669 10.6749582290649 11.1506729125977 11.4548511505127 11.7750263214111 11.9071264266968 11.8027811050415 11.8209781646729 11.7998008728027 11.7092132568359 11.9368886947632 12.1222810745239 11.9413509368896 11.9276103973389 11.9605712890625 11.8828086853027 11.8882684707642 11.8882684707642 11.8882684707642 11.794716835022 11.8739795684814 11.9359064102173 11.8307094573975 11.8547554016113 11.6013813018799 11.2090167999268 11.2152462005615 10.8110284805298
