Demos/Rbased/CrashCourse/data/climate_processing/PresentLayers/Shortia_galacifolia/bio_15.asc
NCOLS 603 
NROWS 190 
XLLCORNER -83.7416666666667 
YLLCORNER 34.6416666666666 
CELLSIZE 0.00833333333333332 
NODATA_value -9999 
[rows 88 to 109 of 190, columns 240 to 287 of 603]
9.07391834259033 9.1123743057251 9.03066635131836 8.97751522064209 9.09242057800293 9.09452438354492 9.24859428405762 9.36136245727539 9.29062080383301 9.27159309387207 9.37480640411377 9.48795604705811 9.36022663116455 9.48795604705811 9.42431640625 9.48173522949219 9.48173522949219 9.56174182891846 9.53312110900879 9.83497714996338 9.83497714996338 9.83497714996338 9.7208776473999 9.90462207794189 9.85650157928467 9.88075637817383 9.91358184814453 9.85318565368652 9.96346950531006 9.9900074005127 9.95544338226318 9.96346950531006 10.1550874710083 10.0698661804199 10.1061820983887 10.1061820983887 10.1335372924805 10.1434049606323 10.1434049606323 10.2041063308716 10.3271617889404 10.3495492935181 10.3271617889404 10.3116292953491 10.3891620635986 10.5090703964233 10.5364208221436 10.5460472106934
9.16302490234375 9.0583324432373 9.19532012939453 9.20182704925537 9.09430980682373 9.188889503479 9.24859428405762 9.3729887008667 9.40327453613281 9.3729887008667 9.33237552642822 9.48795604705811 9.48795604705811 9.5886754989624 9.42431640625 9.70169830322266 9.70169830322266 9.66581153869629 9.7032299041748 9.74631881713867 9.59954929351807 9.59954929351807 9.90462207794189 9.88199710845947 9.87307834625244 10.0168790817261 9.96385955810547 9.9637622833252 9.9900074005127 10.1550874710083 10.0698661804199 10.2500343322754 10.0698661804199 10.1297235488892 10.0469408035278 10.1061820983887 10.2782917022705 10.1434049606323 10.3036708831787 10.3116292953491 10.3036708831787 10.315055847168 10.4582357406616 10.3036708831787 10.3749561309814 10.4566307067871 10.4566307067871 10.5684700012207
9.1088752746582 9.23117256164551 9.23117256164551 9.3618335723877 9.3618335723877 9.18716526031494 9.27503490447998 9.3729887008667 9.38755035400391 9.37480640411377 9.48795604705811 9.37480640411377 9.33551979064941 9.5072603225708 9.46897029876709 9.69093036651611 9.48373985290527 9.63615703582764 9.63615703582764 9.7032299041748 9.82796764373779 9.88934230804443 9.99482536315918 9.90719699859619 9.96385955810547 9.96385955810547 9.96385955810547 9.96574974060059 10.0795030593872 10.1830234527588 10.3072748184204 10.0698661804199 10.0570726394653 10.0698661804199 10.0698661804199 9.99835014343262 10.0469408035278 10.4208126068115 10.281533241272 10.3116292953491 10.5783910751343 10.3942213058472 10.4437408447266 10.4508256912231 10.3749561309814 10.5261468887329 10.5261468887329 10.5755519866943
9.05842018127441 9.19301795959473 9.23117256164551 9.35713195800781 9.42622470855713 9.19407081604004 9.19407081604004 9.54500102996826 9.54500102996826 9.30095195770264 9.30095195770264 9.62380123138428 9.5072603225708 9.5072603225708 9.70169830322266 9.69093036651611 9.60336875915527 9.81059074401855 9.81059074401855 9.8712329864502 9.81059074401855 9.90719699859619 9.96385955810547 9.9762659072876 9.9762659072876 9.96385955810547 9.91501426696777 10.0386247634888 10.0795030593872 10.3072748184204 10.2782917022705 9.99905300140381 10.0066862106323 10.1195840835571 10.2782917022705 10.02197265625 10.0066862106323 10.2322702407837 10.4208126068115 10.3820571899414 10.4582357406616 10.3942213058472 10.566780090332 10.3231811523438 10.4508256912231 10.4437408447266 10.5159044265747 10.6800880432129
9.16970348358154 9.11262226104736 9.19301795959473 9.21384143829346 9.29054164886475 9.12010288238525 9.29054164886475 9.35713195800781 9.35713195800781 9.5719690322876 9.5072603225708 9.67922115325928 9.63615703582764 9.61237812042236 9.63615703582764 9.77131366729736 9.77131366729736 9.81059074401855 9.700119972229 9.78842353820801 9.92577075958252 9.8562536239624 9.9762659072876 9.9762659072876 9.9762659072876 9.94905567169189 10.0386247634888 10.0316524505615 10.2199935913086 10.1500597000122 10.3072748184204 10.0066862106323 10.1195840835571 10.3758020401001 10.4208126068115 10.2322702407837 10.3758020401001 10.3758020401001 10.2373743057251 10.4833040237427 10.566780090332 10.5343370437622 10.5343370437622 10.6945304870605 10.5463886260986 10.4792079925537 10.5159044265747 10.6411247253418
9.07556056976318 9.03287220001221 9.29620838165283 9.19684314727783 9.4241189956665 9.20265865325928 9.29054164886475 9.51800727844238 9.5719690322876 9.50420951843262 9.61237812042236 9.59487342834473 9.59487342834473 9.66756725311279 9.66756725311279 9.76319885253906 9.700119972229 9.700119972229 9.92577075958252 9.87187004089355 9.87187004089355 9.94905567169189 10.0218000411987 10.0361804962158 10.1138868331909 10.0386247634888 10.2534999847412 10.1234951019287 10.2506656646729 10.1361017227173 10.3085842132568 10.2619504928589 10.131386756897 10.351861000061 10.3657751083374 10.3758020401001 10.2373743057251 10.3235712051392 10.3387823104858 10.6430463790894 10.4582357406616 10.7316904067993 10.7158670425415 10.7158670425415 10.7316904067993 10.7316389083862 10.5282001495361 10.7936515808105
9.15315246582031 9.1431827545166 9.05396461486816 9.12937450408936 9.2708911895752 9.29054164886475 9.29054164886475 9.26572227478027 9.6185359954834 9.51994037628174 9.6574239730835 9.54029846191406 9.65371608734131 9.52840900421143 9.71285820007324 9.78499984741211 9.78499984741211 9.700119972229 10.0361804962158 10.0361804962158 9.87187004089355 9.9651050567627 9.9651050567627 10.0386247634888 10.0316524505615 10.0654373168945 10.2990465164185 10.2990465164185 10.2643661499023 10.1637716293335 10.4046688079834 10.3657751083374 10.4046688079834 10.3884992599487 10.4812574386597 10.3657751083374 10.4812574386597 10.3762292861938 10.2619504928589 10.5076055526733 10.4582357406616 10.6031122207642 10.7519769668579 10.6574544906616 10.7316904067993 10.6864767074585 10.6864767074585 10.787205696106
9.16572189331055 9.12937450408936 9.20938396453857 9.05396461486816 9.19392871856689 9.48886013031006 9.43949699401855 9.49561309814453 9.38243770599365 9.42882251739502 9.39293766021729 9.4303731918335 9.43949699401855 9.65371608734131 9.67123794555664 9.73265075683594 10.0272130966187 10.0272130966187 9.86840343475342 9.73265075683594 10.0662269592285 10.2101039886475 10.048882484436 10.1912479400635 10.2990465164185 10.136157989502 10.0992908477783 10.0992908477783 10.2413663864136 10.2101726531982 10.1637716293335 10.489200592041 10.3657751083374 10.4038238525391 10.4812574386597 10.5194406509399 10.3924436569214 10.3641986846924 10.6652698516846 10.6271123886108 10.440505027771 10.7316904067993 10.6864767074585 10.8097772598267 10.8097772598267 10.787205696106 10.8283090591431 10.8283090591431
9.16450119018555 9.13786315917969 9.22864627838135 9.12818908691406 9.26098251342773 9.31548023223877 9.43949699401855 9.51800727844238 9.44915866851807 9.53719997406006 9.60891246795654 9.60891246795654 9.60891246795654 9.67968654632568 9.74551868438721 9.67968654632568 9.74612236022949 9.73265075683594 9.86130237579346 9.96928882598877 9.95558071136475 10.1231670379639 10.1231670379639 10.2443237304688 10.1590604782104 10.136157989502 10.2443237304688 10.2443237304688 10.2443237304688 10.2101726531982 10.3422822952271 10.3758020401001 10.5536441802979 10.5194406509399 10.6652698516846 10.6652698516846 10.3924436569214 10.3924436569214 10.6652698516846 10.440505027771 10.440505027771 10.7280015945435 10.7931518554688 10.8514995574951 11.001615524292 11.001615524292 11.001615524292 10.8718910217285
8.98901462554932 9.13786315917969 9.20438385009766 9.30495452880859 9.33559703826904 9.3978157043457 9.40955448150635 9.48886013031006 9.44915866851807 9.54735374450684 9.53719997406006 9.53719997406006 9.74482917785645 9.65491199493408 9.74551868438721 9.9426383972168 9.79076099395752 9.86130237579346 9.86130237579346 9.89698600769043 10.1100873947144 10.1544275283813 10.2443237304688 10.2990465164185 10.2990465164185 10.2443237304688 10.3422822952271 10.3422822952271 10.2443237304688 10.3267087936401 10.470874786377 10.3924436569214 10.6442394256592 10.5398187637329 10.5957260131836 10.6550521850586 10.3924436569214 10.3596143722534 10.5132513046265 10.7144546508789 10.5834741592407 10.6347255706787 10.7931518554688 10.8514995574951 10.8514995574951 11.0445032119751 10.9234962463379 10.9234962463379
9.2547721862793 9.35794544219971 9.36005306243896 9.43601417541504 9.36892127990723 9.3978157043457 9.40955448150635 9.49860286712646 9.54735374450684 9.8262243270874 9.71243476867676 9.74482917785645 9.68409061431885 9.68409061431885 9.66349601745605 9.9426383972168 9.87582015991211 9.97622871398926 9.96936798095703 10.1100873947144 10.2858734130859 10.2568044662476 10.2568044662476 10.2210359573364 10.2210359573364 10.3337812423706 10.2210359573364 10.3422822952271 10.3811178207397 10.3705320358276 10.4724044799805 10.4724044799805 10.6986274719238 10.5957260131836 10.6550521850586 10.5407047271729 10.3884992599487 10.6443014144897 10.5407047271729 10.5132513046265 10.6096038818359 10.627818107605 10.7587509155273 10.8514995574951 10.7556953430176 10.8097772598267 11.0445032119751 10.787205696106
9.25032901763916 9.2547721862793 9.44477272033691 9.40955448150635 9.3978157043457 9.3978157043457 9.49860286712646 9.46244144439697 9.51800727844238 9.76456165313721 9.57925891876221 9.65491199493408 9.75075912475586 9.8259220123291 9.65491199493408 9.9426383972168 9.9426383972168 9.90595817565918 10.0917043685913 10.0986738204956 10.2443237304688 10.2858734130859 10.3479671478271 10.3434009552002 10.4769744873047 10.4769744873047 10.4269304275513 10.4269304275513 10.5254983901978 10.4845199584961 10.4281101226807 10.6890382766724 10.5957260131836 10.5754909515381 10.5808954238892 10.5808954238892 10.5808954238892 10.5808954238892 10.7144546508789 10.4953269958496 10.8649282455444 10.7049980163574 10.7997665405273 10.9536933898926 10.9497241973877 10.8305435180664 10.787205696106 10.9479055404663
9.4265308380127 9.27715396881104 9.59006690979004 9.57322216033936 9.52432060241699 9.54570293426514 9.55385208129883 9.66349792480469 9.71243476867676 9.71243476867676 9.72952079772949 9.96956634521484 9.80310440063477 9.80310440063477 9.65491199493408 9.9426383972168 9.9879264831543 9.90595817565918 10.0991172790527 10.0986738204956 10.2829446792603 10.2509860992432 10.3884992599487 10.3924436569214 10.4938650131226 10.4689874649048 10.5254983901978 10.5896482467651 10.4845199584961 10.4845199584961 10.4731369018555 10.5957260131836 10.7471265792847 10.5808954238892 10.5808954238892 10.6550521850586 10.5808954238892 10.5808954238892 10.8649282455444 10.7144546508789 10.7870235443115 10.7049980163574 10.7049980163574 10.7049980163574 10.7049980163574 10.9497241973877 10.9962358474731 10.9155788421631
9.4547290802002 9.27715396881104 9.59006690979004 9.59006690979004 9.59006690979004 9.41232967376709 9.48380947113037 9.66349792480469 9.64307117462158 9.71243476867676 9.86024284362793 9.85300254821777 9.91076374053955 9.9879264831543 9.74475860595703 9.9879264831543 10.1287860870361 10.0189590454102 10.1563482284546 10.191577911377 10.2829446792603 10.3884992599487 10.3884992599487 10.6073865890503 10.3866767883301 10.5896482467651 10.5896482467651 10.5254983901978 10.4845199584961 10.4382743835449 10.6168384552002 10.6347255706787 10.6811208724976 10.7932434082031 10.5726537704468 10.5442752838135 10.7044668197632 10.7600269317627 10.7345924377441 10.8428506851196 10.8647785186768 10.8647785186768 10.8647785186768 10.7473106384277 10.8613605499268 10.8749265670776 10.9616870880127 11.0263748168945
9.56860733032227 9.27715396881104 9.59006690979004 9.72338199615479 9.59006690979004 9.59006690979004 9.6550464630127 9.61331939697266 9.64307117462158 9.71243476867676 9.71243476867676 9.76075458526611 9.93114948272705 10.00732421875 9.8601713180542 9.9879264831543 10.0189590454102 10.0991172790527 10.0189590454102 10.4090147018433 10.2829446792603 10.604998588562 10.5086574554443 10.6073865890503 10.3947401046753 10.4787569046021 10.4787569046021 10.5712251663208 10.5297546386719 10.5327138900757 10.7932434082031 10.6761341094971 10.7600269317627 10.7932434082031 10.7576017379761 10.5011587142944 10.5011587142944 10.7600269317627 10.8928213119507 10.996654510498 10.8428506851196 10.8428506851196 10.8647785186768 10.9124011993408 10.9685697555542 10.8749265670776 10.959677696228 10.959677696228
9.5053243637085 9.59006690979004 9.57343292236328 9.65506362915039 9.72338199615479 9.57343292236328 9.72338199615479 9.61958503723145 9.71243476867676 9.7412281036377 9.7412281036377 9.8601713180542 9.93114948272705 9.98634815216064 9.88569164276123 10.1055812835693 10.0189590454102 10.05872631073 10.05872631073 10.2995157241821 10.3595695495605 10.5565118789673 10.512393951416 10.3947401046753 10.4964160919189 10.4964160919189 10.6912727355957 10.5254983901978 10.5254983901978 10.738208770752 10.8336400985718 10.6761341094971 10.7932434082031 10.7576017379761 10.644190788269 10.6629838943481 10.7600269317627 10.9427585601807 10.8928213119507 11.1172876358032 10.996654510498 11.0464172363281 11.066967010498 10.9685697555542 10.8947172164917 11.066967010498 10.838490486145 10.7679300308228
9.52772998809814 9.52379035949707 9.56432342529297 9.59244823455811 9.72338199615479 9.72338199615479 9.66325855255127 9.66325855255127 9.83403778076172 9.85374355316162 9.7412281036377 10.0087451934814 9.78586101531982 10.028284072876 10.0919485092163 10.1457233428955 10.0678577423096 10.1080961227417 10.2995157241821 10.3648071289062 10.4011278152466 10.5106143951416 10.3947401046753 10.6126222610474 10.6126222610474 10.4964160919189 10.7846031188965 10.6286296844482 10.6286296844482 10.7294206619263 10.8010902404785 10.8262395858765 10.8948078155518 10.7576017379761 10.7576017379761 10.9103593826294 10.794900894165 10.8928213119507 11.0504932403564 11.0587034225464 11.0587034225464 11.0067939758301 10.9379854202271 10.9853048324585 10.945107460022 10.9962539672852 10.9973993301392 10.9746398925781
9.68758296966553 9.76612567901611 9.64689540863037 9.76612567901611 9.64680957794189 9.66325855255127 9.64680957794189 9.96298789978027 9.761061668396 9.69081401824951 9.761061668396 9.88262748718262 10.060188293457 10.1593027114868 10.0919485092163 10.0894804000854 10.3233547210693 10.0668172836304 10.3595695495605 10.2933893203735 10.4989671707153 10.5813474655151 10.512393951416 10.7182760238647 10.7586221694946 10.7846031188965 10.738208770752 10.5254983901978 10.738208770752 10.7586221694946 10.8714942932129 10.9294376373291 10.9294376373291 10.9505109786987 10.8727369308472 10.9294376373291 10.9294376373291 10.8928213119507 10.8928213119507 11.0464172363281 11.1508550643921 11.1701354980469 11.0587034225464 11.0587034225464 11.0587034225464 10.9104614257812 10.9973993301392 10.9651393890381
9.65110111236572 9.79179668426514 9.61398315429688 9.64680957794189 9.64680957794189 9.64680957794189 9.89670372009277 9.90813636779785 9.96298789978027 9.88597393035889 9.93893718719482 9.902663230896 9.98925399780273 10.0500164031982 10.1723346710205 10.2756223678589 10.2850713729858 10.3629636764526 10.3277835845947 10.4130430221558 10.4989671707153 10.5813474655151 10.6391878128052 10.7152490615845 10.7060060501099 10.7060060501099 10.7846031188965 10.738208770752 10.6198348999023 10.7586221694946 10.8714942932129 11.0747451782227 10.9006729125977 11.0031547546387 10.9294376373291 10.9294376373291 11.0821781158447 11.0474729537964 11.0464172363281 11.2033319473267 11.0587034225464 10.9379854202271 11.09765625 11.0719900131226 11.0719900131226 10.9651393890381 10.9651393890381 10.9651393890381
9.51750087738037 9.47558784484863 9.61398315429688 9.89670372009277 9.89670372009277 9.89670372009277 9.90813636779785 9.90813636779785 9.90813636779785 9.93893718719482 9.93893718719482 9.93893718719482 9.96469974517822 9.98925399780273 9.99376964569092 10.1606884002686 10.235255241394 10.3414173126221 10.3852806091309 10.4787569046021 10.5254983901978 10.6289443969727 10.5691547393799 10.8088054656982 10.6521482467651 10.8521566390991 10.8521566390991 10.78293800354 10.78293800354 10.9298276901245 10.7586221694946 11.0022277832031 10.957347869873 10.9978885650635 11.0474729537964 11.0474729537964 11.2033319473267 11.0926532745361 10.9727182388306 11.3584384918213 11.0587034225464 11.0587034225464 11.09765625 11.042760848999 11.042760848999 10.9668798446655 10.9124011993408 10.942985534668
9.67082023620605 9.57676124572754 9.57676124572754 9.77420234680176 9.83403778076172 9.84399700164795 9.90813636779785 9.93893718719482 9.93893718719482 9.88597393035889 9.93893718719482 9.98938465118408 9.98938465118408 9.91489791870117 9.99376964569092 10.1085176467896 10.3989601135254 10.3695192337036 10.5254983901978 10.4787569046021 10.5254983901978 10.7725982666016 10.8919086456299 10.6207942962646 10.6207942962646 10.7288455963135 10.6727857589722 10.9762811660767 10.9732637405396 10.8923997879028 10.8714942932129 11.0208873748779 11.1544904708862 10.957347869873 11.1337175369263 11.0926532745361 11.0926532745361 11.2330827713013 10.9458427429199 11.3584384918213 10.9104614257812 11.1275186538696 11.0719900131226 11.042760848999 10.9901447296143 10.9901447296143 11.2310495376587 10.9351892471313
9.52582931518555 9.69776916503906 9.57676124572754 9.74443912506104 9.92611503601074 9.80967044830322 9.84214687347412 9.87252998352051 9.93893718719482 9.93893718719482 9.93893718719482 10.1059503555298 10.0443820953369 10.0923566818237 10.1035766601562 10.3068723678589 10.3884935379028 10.3154144287109 10.5170583724976 10.5254983901978 10.5254983901978 10.780385017395 10.6207942962646 10.6207942962646 10.6207942962646 10.7169303894043 10.7983427047729 10.9732637405396 10.9732637405396 11.0444374084473 10.9732637405396 11.0951738357544 11.1208343505859 11.108193397522 11.1337175369263 11.2435874938965 11.0926532745361 11.2330827713013 11.0926532745361 11.3291759490967 10.9685697555542 11.1275186538696 11.0584764480591 10.9901447296143 10.9899930953979 10.9901447296143 11.2025766372681 11.3500099182129
