Demos/Rbased/CrashCourse/data/climate_processing/PresentLayers/Shortia_galacifolia/bio_18.asc
NCOLS 523 
NROWS 122 
XLLCORNER -83.2916666667633 
YLLCORNER 34.9749999999364 
CELLSIZE 0.00833333333316142 
NODATA_value -9999 
[rows 72 to 107 of 122, columns 0 to 81 of 523]
-9999 -9999 -9999 -9999 -9999 -9999 -9999 -9999 -9999 -9999 -9999 -9999 -9999 -9999 -9999 -9999 -9999 -9999 -9999 -9999 -9999 -9999 -9999 -9999 -9999 -9999 -9999 -9999 -9999 -9999 -9999 -9999 -9999 -9999 -9999 -9999 -9999 -9999 -9999 -9999 -9999 -9999 -9999 -9999 -9999 -9999 -9999 -9999 -9999 -9999 -9999 -9999 -9999 -9999 -9999 -9999 -9999 -9999 -9999 -9999 -9999 469 457 442 429 424 424 422 417 419 417 413 408 410 418 402 387 391 383 377 369 366
-9999 -9999 -9999 -9999 -9999 -9999 -9999 -9999 -9999 -9999 -9999 -9999 -9999 -9999 -9999 -9999 -9999 -9999 -9999 -9999 -9999 -9999 -9999 -9999 -9999 -9999 -9999 -9999 -9999 -9999 -9999 -9999 -9999 -9999 -9999 -9999 -9999 -9999 -9999 -9999 -9999 -9999 -9999 -9999 -9999 -9999 -9999 -9999 -9999 -9999 -9999 -9999 -9999 -9999 -9999 -9999 -9999 -9999 -9999 -9999 464 457 442 432 418 417 417 424 427 424 418 417 411 402 407 400 389 383 381 381 373 368
-9999 -9999 -9999 -9999 -9999 -9999 -9999 -9999 -9999 -9999 -9999 -9999 -9999 -9999 -9999 -9999 -9999 -9999 -9999 -9999 -9999 -9999 -9999 -9999 -9999 -9999 -9999 -9999 -9999 -9999 -9999 -9999 -9999 -9999 -9999 -9999 -9999 -9999 -9999 -9999 -9999 -9999 -9999 -9999 -9999 -9999 -9999 -9999 -9999 -9999 -9999 -9999 -9999 -9999 -9999 -9999 -9999 -9999 441 452 454 437 425 420 418 417 422 435 446 434 432 432 416 399 392 394 400 386 377 377 381 384
-9999 -9999 -9999 -9999 -9999 -9999 -9999 -9999 -9999 -9999 -9999 -9999 -9999 -9999 -9999 -9999 -9999 -9999 -9999 -9999 -9999 -9999 -9999 -9999 -9999 -9999 -9999 -9999 -9999 -9999 -9999 -9999 -9999 -9999 -9999 -9999 -9999 -9999 -9999 -9999 -9999 -9999 -9999 -9999 -9999 -9999 -9999 -9999 -9999 -9999 -9999 -9999 -9999 -9999 -9999 -9999 437 440 465 467 449 427 422 420 420 424 425 441 446 432 422 427 409 403 399 392 394 392 383 397 409 391
-9999 -9999 -9999 -9999 -9999 -9999 -9999 -9999 -9999 -9999 -9999 -9999 -9999 -9999 -9999 -9999 -9999 -9999 -9999 -9999 -9999 -9999 -9999 -9999 -9999 -9999 -9999 -9999 -9999 -9999 -9999 -9999 -9999 -9999 -9999 -9999 -9999 -9999 -9999 -9999 -9999 -9999 -9999 -9999 -9999 -9999 -9999 -9999 -9999 -9999 -9999 -9999 -9999 -9999 -9999 460 440 448 469 462 446 426 425 427 438 430 422 432 432 430 417 426 420 415 404 398 393 390 391 403 387 379
-9999 -9999 -9999 -9999 -9999 -9999 -9999 -9999 -9999 -9999 -9999 -9999 -9999 -9999 -9999 -9999 -9999 -9999 -9999 -9999 -9999 -9999 -9999 -9999 -9999 -9999 -9999 -9999 -9999 -9999 -9999 -9999 -9999 -9999 -9999 -9999 -9999 -9999 -9999 -9999 -9999 -9999 -9999 -9999 -9999 -9999 -9999 -9999 -9999 -9999 -9999 -9999 -9999 483 478 463 449 462 457 440 428 430 440 443 442 430 424 421 429 427 414 410 414 411 402 399 402 409 404 387 380 379
-9999 -9999 -9999 -9999 -9999 -9999 -9999 -9999 -9999 -9999 -9999 -9999 -9999 -9999 -9999 -9999 -9999 -9999 -9999 -9999 -9999 -9999 -9999 -9999 -9999 -9999 -9999 -9999 -9999 -9999 -9999 -9999 -9999 -9999 -9999 -9999 -9999 -9999 -9999 -9999 -9999 -9999 -9999 -9999 -9999 -9999 -9999 -9999 -9999 -9999 -9999 493 488 485 475 465 457 457 441 428 426 443 440 428 430 444 439 432 424 421 415 417 409 406 406 406 401 401 390 385 387 385
-9999 -9999 -9999 -9999 -9999 -9999 -9999 -9999 -9999 -9999 -9999 -9999 -9999 -9999 -9999 -9999 -9999 -9999 -9999 -9999 -9999 -9999 -9999 -9999 -9999 -9999 -9999 -9999 -9999 -9999 -9999 -9999 -9999 -9999 -9999 -9999 -9999 -9999 -9999 -9999 -9999 -9999 -9999 -9999 -9999 -9999 -9999 -9999 -9999 -9999 500 491 487 480 477 468 465 452 438 429 428 444 422 418 421 429 448 448 436 431 424 425 420 418 422 406 399 394 390 390 389 386
-9999 -9999 -9999 -9999 -9999 -9999 -9999 -9999 -9999 -9999 -9999 -9999 -9999 -9999 -9999 -9999 -9999 -9999 -9999 -9999 -9999 -9999 -9999 -9999 -9999 -9999 -9999 -9999 -9999 -9999 -9999 -9999 -9999 -9999 -9999 -9999 -9999 -9999 -9999 -9999 -9999 -9999 -9999 -9999 -9999 -9999 -9999 -9999 498 503 498 490 487 485 478 469 452 437 428 423 425 434 434 421 415 420 437 443 442 428 421 423 415 419 413 401 397 399 397 394 390 389
-9999 -9999 -9999 -9999 -9999 -9999 -9999 -9999 -9999 -9999 -9999 -9999 -9999 -9999 -9999 -9999 -9999 -9999 -9999 -9999 -9999 -9999 -9999 -9999 -9999 -9999 -9999 -9999 -9999 -9999 -9999 -9999 -9999 -9999 -9999 -9999 -9999 -9999 -9999 -9999 -9999 -9999 -9999 -9999 -9999 -9999 492 500 503 500 493 487 478 472 465 463 442 437 431 428 423 424 426 433 419 416 425 436 431 425 417 428 426 416 407 401 403 400 394 393 393 390
-9999 -9999 -9999 -9999 -9999 -9999 -9999 -9999 -9999 -9999 -9999 -9999 -9999 -9999 -9999 -9999 -9999 -9999 -9999 -9999 -9999 -9999 -9999 -9999 -9999 -9999 -9999 -9999 -9999 -9999 -9999 -9999 -9999 -9999 -9999 -9999 -9999 -9999 -9999 -9999 -9999 -9999 -9999 -9999 -9999 493 493 496 494 490 478 469 465 453 455 444 431 433 428 439 437 423 421 428 428 422 419 433 429 422 419 425 425 414 409 414 412 406 397 394 392 391
-9999 -9999 -9999 -9999 -9999 -9999 -9999 -9999 -9999 -9999 -9999 -9999 -9999 -9999 -9999 -9999 -9999 -9999 -9999 -9999 -9999 -9999 -9999 -9999 -9999 -9999 -9999 -9999 -9999 -9999 -9999 -9999 -9999 -9999 -9999 -9999 -9999 -9999 -9999 -9999 -9999 -9999 -9999 492 498 490 483 483 478 477 475 460 447 438 442 436 431 428 428 430 438 427 422 423 432 429 421 427 426 427 420 421 416 417 417 412 410 412 409 401 397 398
-9999 -9999 -9999 -9999 -9999 -9999 -9999 -9999 -9999 -9999 -9999 -9999 -9999 -9999 -9999 -9999 -9999 -9999 -9999 -9999 -9999 -9999 -9999 -9999 -9999 -9999 -9999 -9999 -9999 -9999 -9999 -9999 -9999 -9999 -9999 -9999 -9999 -9999 -9999 -9999 -9999 475 475 480 492 483 471 471 470 468 476 473 464 443 431 428 427 428 425 425 424 423 427 425 425 424 420 421 422 427 424 416 415 421 416 410 416 422 419 404 398 409
-9999 -9999 -9999 -9999 -9999 -9999 -9999 -9999 -9999 -9999 -9999 -9999 -9999 -9999 -9999 -9999 -9999 -9999 -9999 -9999 -9999 -9999 -9999 -9999 -9999 -9999 -9999 -9999 -9999 -9999 -9999 -9999 -9999 -9999 -9999 -9999 -9999 -9999 -9999 -9999 472 472 470 475 485 473 464 459 460 463 477 476 461 444 435 434 431 430 430 429 433 430 437 434 429 434 434 426 421 423 422 418 415 417 416 415 411 424 419 403 408 419
-9999 -9999 -9999 -9999 -9999 -9999 -9999 -9999 -9999 -9999 -9999 -9999 -9999 -9999 -9999 -9999 -9999 -9999 -9999 -9999 -9999 -9999 -9999 -9999 -9999 -9999 -9999 -9999 -9999 -9999 -9999 -9999 -9999 -9999 -9999 -9999 -9999 -9999 456 459 465 477 472 475 477 467 464 452 451 465 481 480 464 446 440 440 439 436 437 436 442 446 451 442 442 435 431 428 428 425 418 418 417 415 415 412 410 409 408 405 424 429
-9999 -9999 -9999 -9999 -9999 -9999 -9999 -9999 -9999 -9999 -9999 -9999 -9999 -9999 -9999 -9999 -9999 -9999 -9999 -9999 -9999 -9999 -9999 -9999 -9999 -9999 -9999 -9999 -9999 -9999 -9999 -9999 -9999 -9999 -9999 -9999 456 462 454 464 472 472 467 468 472 459 459 456 449 467 473 464 448 449 450 451 450 442 450 454 454 452 450 442 440 440 436 435 430 424 421 421 422 418 414 413 412 410 411 415 432 437
-9999 -9999 -9999 -9999 -9999 -9999 -9999 -9999 -9999 -9999 -9999 -9999 -9999 -9999 -9999 -9999 -9999 -9999 -9999 -9999 -9999 -9999 -9999 -9999 -9999 -9999 -9999 -9999 -9999 -9999 -9999 -9999 -9999 -9999 -9999 464 458 457 449 469 480 472 466 478 473 464 455 451 448 457 459 448 444 452 453 450 450 453 461 459 461 456 448 443 439 439 438 434 431 428 425 422 424 420 421 421 418 415 412 415 428 439
-9999 -9999 -9999 -9999 -9999 -9999 -9999 -9999 -9999 -9999 -9999 -9999 -9999 -9999 -9999 -9999 -9999 -9999 -9999 -9999 -9999 -9999 -9999 -9999 -9999 -9999 -9999 -9999 -9999 -9999 -9999 -9999 -9999 458 467 459 447 449 459 475 472 464 475 486 481 478 472 458 445 447 447 447 446 455 455 452 452 459 453 460 455 454 447 444 442 441 438 435 432 429 426 432 432 432 436 439 432 423 415 416 421 425
-9999 -9999 -9999 -9999 -9999 -9999 -9999 -9999 -9999 -9999 -9999 -9999 -9999 -9999 -9999 -9999 -9999 -9999 -9999 -9999 -9999 -9999 -9999 -9999 -9999 -9999 -9999 -9999 -9999 -9999 -9999 447 450 450 456 454 445 458 471 464 462 472 480 482 472 462 460 458 449 446 446 446 448 454 458 454 451 455 453 465 457 449 447 446 444 441 439 437 434 431 431 432 434 437 444 444 431 422 419 417 417 417
-9999 -9999 -9999 -9999 -9999 -9999 -9999 -9999 -9999 -9999 -9999 -9999 -9999 -9999 -9999 -9999 -9999 -9999 -9999 -9999 -9999 -9999 -9999 -9999 -9999 -9999 -9999 -9999 -9999 421 422 428 432 446 445 443 458 463 462 458 470 476 477 470 456 453 449 449 448 448 447 447 449 457 460 457 456 450 452 455 455 451 450 448 446 443 443 442 439 435 438 438 440 446 452 445 432 424 424 425 429 429
-9999 -9999 -9999 -9999 -9999 -9999 -9999 -9999 -9999 -9999 -9999 -9999 -9999 -9999 -9999 -9999 -9999 -9999 -9999 -9999 -9999 -9999 -9999 -9999 -9999 -9999 -9999 -9999 452 436 443 437 428 434 443 447 458 461 455 464 468 472 466 458 451 449 448 448 449 450 450 450 449 456 465 465 459 454 453 452 454 453 453 451 451 447 444 442 443 442 441 445 444 446 453 455 447 437 432 432 439 439
-9999 -9999 -9999 -9999 -9999 -9999 -9999 -9999 -9999 -9999 -9999 -9999 -9999 -9999 -9999 -9999 -9999 -9999 -9999 -9999 -9999 -9999 -9999 -9999 -9999 -9999 479 477 459 447 451 454 447 442 449 452 461 463 459 471 469 454 452 453 455 456 457 454 454 451 450 451 453 457 462 462 460 461 460 455 456 456 456 454 453 452 449 450 443 445 448 453 453 447 451 459 452 446 437 435 438 436
-9999 -9999 -9999 -9999 -9999 -9999 -9999 -9999 -9999 -9999 -9999 -9999 -9999 -9999 -9999 -9999 -9999 -9999 -9999 -9999 -9999 -9999 -9999 -9999 484 487 484 476 466 459 466 461 466 463 463 459 468 473 475 475 474 461 456 452 452 454 453 455 454 453 453 453 455 457 460 460 458 459 459 458 460 458 458 457 458 454 449 449 445 450 455 460 464 461 456 453 450 444 440 439 436 438
-9999 -9999 -9999 -9999 -9999 -9999 -9999 -9999 -9999 -9999 -9999 -9999 -9999 -9999 -9999 -9999 -9999 -9999 -9999 -9999 -9999 -9999 -9999 484 487 482 476 476 468 471 474 474 478 474 471 462 462 468 476 469 458 458 458 455 450 453 454 454 457 457 457 456 456 458 462 461 461 460 461 463 463 459 459 460 460 458 454 452 452 459 458 459 460 469 469 460 454 449 451 450 444 443
-9999 -9999 -9999 -9999 -9999 -9999 -9999 -9999 -9999 -9999 -9999 -9999 -9999 -9999 -9999 -9999 -9999 -9999 -9999 -9999 -9999 487 488 491 487 479 479 474 479 481 477 482 482 482 477 469 474 466 456 452 449 451 454 454 453 452 454 457 458 464 461 461 459 462 463 464 463 464 465 466 464 463 460 463 457 457 456 453 460 465 467 467 468 473 473 471 462 460 457 452 448 447
-9999 -9999 -9999 -9999 -9999 -9999 -9999 -9999 -9999 -9999 -9999 -9999 -9999 -9999 -9999 -9999 -9999 -9999 -9999 472 479 483 490 494 491 482 478 479 487 485 482 489 487 481 474 482 486 482 477 470 455 456 456 455 455 454 456 457 459 465 465 463 462 463 464 464 466 468 470 470 465 468 467 463 459 459 463 464 466 470 473 476 477 478 475 472 469 466 462 460 452 450
-9999 -9999 -9999 -9999 -9999 -9999 -9999 -9999 -9999 -9999 -9999 -9999 -9999 -9999 -9999 -9999 -9999 468 467 473 485 479 491 491 492 487 484 485 487 487 487 490 485 480 479 484 490 490 488 476 464 465 466 465 463 464 461 460 460 462 465 466 465 466 466 467 471 473 473 471 469 472 471 468 468 465 466 472 472 471 474 477 475 478 474 470 468 467 462 459 460 459
-9999 -9999 -9999 -9999 -9999 -9999 -9999 -9999 -9999 -9999 -9999 -9999 -9999 -9999 -9999 -9999 475 472 471 470 478 479 486 486 490 493 490 493 493 485 484 482 479 485 484 487 490 487 484 479 475 469 468 468 468 467 462 466 466 464 466 466 467 467 469 471 472 478 475 473 474 472 471 472 470 472 472 470 471 474 477 477 476 476 478 472 469 468 466 462 465 468
-9999 -9999 -9999 -9999 -9999 -9999 -9999 -9999 -9999 -9999 -9999 -9999 -9999 -9999 489 483 476 478 483 473 478 482 482 485 490 493 490 485 494 488 489 486 488 488 486 488 490 487 471 469 475 471 468 467 470 469 469 468 467 466 467 468 470 471 473 473 476 480 479 478 475 474 474 473 475 477 476 476 476 475 475 475 476 474 479 474 469 468 469 463 466 468
-9999 -9999 -9999 -9999 -9999 -9999 -9999 -9999 -9999 -9999 -9999 -9999 493 491 491 488 483 481 483 478 481 489 489 491 491 490 481 470 487 488 490 490 490 493 493 493 493 493 478 467 467 468 469 467 473 474 472 468 468 468 469 470 471 474 477 479 479 482 481 479 476 476 476 475 475 477 479 479 479 479 479 478 474 472 473 473 470 468 468 473 476 473
-9999 -9999 -9999 -9999 -9999 -9999 -9999 -9999 -9999 -9999 493 498 501 494 492 489 486 483 490 486 486 488 497 497 490 481 475 466 486 482 489 490 485 495 495 496 498 497 490 473 469 468 469 470 471 471 469 469 469 471 471 472 475 476 477 479 482 482 483 479 479 479 478 477 477 480 480 483 483 481 483 484 481 481 480 478 475 475 475 477 478 478
-9999 -9999 -9999 -9999 -9999 -9999 -9999 -9999 -9999 486 489 495 498 492 491 486 486 486 491 489 484 492 492 488 481 474 472 468 470 469 477 484 477 474 481 490 496 500 484 474 470 471 471 471 471 469 470 470 472 472 473 474 475 476 478 480 482 481 481 481 480 480 479 479 479 482 480 482 483 486 485 484 485 487 485 483 484 482 480 480 473 465
-9999 -9999 -9999 -9999 -9999 -9999 -9999 487 489 487 491 492 494 497 492 489 486 490 494 492 492 486 481 478 481 481 481 481 468 468 470 473 476 471 469 473 478 480 480 476 475 473 473 470 471 470 470 472 473 474 475 475 477 477 479 479 481 479 480 481 481 480 480 479 480 481 482 481 483 485 482 486 487 487 487 488 487 482 479 475 463 448
-9999 -9999 -9999 -9999 -9999 472 490 493 493 496 498 501 501 503 497 492 492 494 492 493 492 482 480 482 486 487 493 489 471 475 477 471 471 472 472 469 470 471 475 473 475 475 475 469 470 472 473 474 474 474 475 475 476 479 480 481 482 481 481 481 482 484 482 480 481 480 479 479 479 478 482 490 489 487 489 485 484 478 481 480 475 474
-9999 -9999 -9999 -9999 466 469 478 487 493 496 498 498 498 501 500 499 496 489 482 477 479 480 480 482 485 482 489 496 493 486 482 476 480 476 476 472 471 471 472 477 476 475 470 467 467 471 474 471 469 471 473 468 472 478 481 482 482 483 483 482 485 483 483 482 482 482 481 481 480 480 484 489 489 489 487 481 463 438 445 468 478 467
-9999 -9999 -9999 452 478 491 487 494 498 498 498 497 497 497 497 501 501 497 480 476 466 482 485 482 483 482 485 495 492 494 487 479 492 485 485 479 474 472 474 474 476 473 469 466 446 465 461 448 462 465 462 462 466 477 482 486 485 484 484 485 488 485 484 484 484 484 487 491 492 487 488 494 491 491 481 473 466 439 414 426 452 455
