Demos/Rbased/CrashCourse/data/climate_processing/PresentLayers/Shortia_galacifolia/bio_9.asc
NCOLS 212 
NROWS 170 
XLLCORNER -83.691666666421 
YLLCORNER 34.5083333333333 
CELLSIZE 0.00833333333316012 
NODATA_value -9999 
[rows 110 to 131 of 170, columns 144 to 191 of 212]
15.4166669845581 15.3833332061768 15.4333333969116 15.3999996185303 15.4166669845581 15.3666667938232 15.3666667938232 15.4499998092651 15.4666662216187 15.4666662216187 15.5166664123535 15.533332824707 15.5500001907349 15.5 15.5333337783813 15.5500001907349 15.5666666030884 15.6666669845581 15.6666669845581 15.7166662216187 15.6999998092651 15.75 15.783332824707 15.7333335876465 15.6833333969116 15.6666669845581 15.6833333969116 15.6833333969116 15.6833333969116 15.6333332061768 15.6833333969116 15.7333335876465 15.6833333969116 15.6833333969116 15.6833333969116 15.7166662216187 15.6833333969116 15.6833333969116 15.6833333969116 15.6666660308838 15.7166662216187 15.7166662216187 15.7166662216187 15.7333335876465 -9999 -9999 -9999 -9999
15.4333333969116 15.3999996185303 15.3833332061768 15.3999996185303 15.4333333969116 15.4833335876465 15.4833335876465 15.5 15.5166664123535 15.5 15.5 15.5500001907349 15.5500001907349 15.5500001907349 15.5166664123535 15.5500001907349 15.5500001907349 15.5833330154419 15.6166667938232 15.6833333969116 15.7333335876465 15.7166662216187 15.75 15.7666664123535 15.7333335876465 15.716667175293 15.716667175293 15.6999998092651 15.6833333969116 15.6999998092651 15.7333335876465 15.7666664123535 15.75 15.7166662216187 15.7166662216187 15.7666664123535 15.7666664123535 15.6999998092651 15.75 15.7666664123535 15.75 15.8000001907349 15.7333335876465 -9999 -9999 -9999 -9999 -9999
15.4166669845581 15.3999996185303 15.4166669845581 15.4499998092651 15.5 15.533332824707 15.5500001907349 15.5500001907349 15.5500001907349 15.5500001907349 15.5500001907349 15.5166664123535 15.5166664123535 15.5500001907349 15.5666666030884 15.6000003814697 15.5666666030884 15.5500001907349 15.6000003814697 15.6333332061768 15.6999998092651 15.7166662216187 15.75 15.8000001907349 15.783332824707 15.8000001907349 15.783332824707 15.7333335876465 15.716667175293 15.7333335876465 15.7333335876465 15.7666664123535 15.8000001907349 15.7833337783813 15.7666664123535 15.7833337783813 15.75 15.7166662216187 15.7166662216187 15.7666664123535 15.7666664123535 15.8000001907349 15.8166666030884 -9999 -9999 -9999 -9999 -9999
15.3999996185303 15.4499998092651 15.4833335876465 15.466667175293 15.5 15.5333337783813 15.5500001907349 15.5166664123535 15.5166664123535 15.5166664123535 15.533332824707 15.533332824707 15.5166664123535 15.533332824707 15.5166664123535 15.5500001907349 15.6166667938232 15.6166667938232 15.6166667938232 15.6333332061768 15.6666669845581 15.7166662216187 15.7166662216187 15.7333335876465 15.7666664123535 15.783332824707 15.8166666030884 15.8166666030884 15.8166666030884 15.8333330154419 15.8333330154419 15.8333330154419 15.8333330154419 15.8333330154419 15.8166666030884 15.8333330154419 15.8166666030884 15.7833337783813 15.7833337783813 15.75 15.75 15.7666664123535 15.7666664123535 -9999 -9999 -9999 -9999 -9999
15.466667175293 15.4499998092651 15.5 15.5166664123535 15.5500001907349 15.5333337783813 15.5500001907349 15.5500001907349 15.5333337783813 15.5166664123535 15.5166664123535 15.5166664123535 15.5500001907349 15.5833330154419 15.5833330154419 15.6166667938232 15.6166667938232 15.6333332061768 15.5833330154419 15.5833330154419 15.6333332061768 15.6666669845581 15.7166662216187 15.7166662216187 15.7333335876465 15.75 15.7333335876465 15.7666664123535 15.783332824707 15.783332824707 15.8166666030884 15.8833332061768 15.9166669845581 15.9166669845581 15.8333330154419 15.8333330154419 15.8666667938232 15.8500003814697 15.8166666030884 15.7666664123535 15.7666664123535 15.7666664123535 -9999 -9999 -9999 -9999 -9999 -9999
15.5 15.4833335876465 15.5 15.5833330154419 15.5833330154419 15.5833330154419 15.5333337783813 15.5 15.5333337783813 15.5166664123535 15.5166664123535 15.5166664123535 15.5500001907349 15.5500001907349 15.5833330154419 15.5833330154419 15.6000003814697 15.6333332061768 15.6333332061768 15.6333332061768 15.6666669845581 15.6666669845581 15.6666669845581 15.716667175293 15.716667175293 15.75 15.7666664123535 15.7666664123535 15.8166666030884 15.8500003814697 15.8833332061768 15.9166669845581 15.9333333969116 15.9499998092651 15.9499998092651 15.8833332061768 15.8333330154419 15.8333330154419 15.8666667938232 15.8500003814697 15.8000001907349 15.7666664123535 -9999 -9999 -9999 -9999 -9999 -9999
15.5500001907349 15.5166664123535 15.5333337783813 15.5500001907349 15.6166667938232 15.6333332061768 15.6000003814697 15.5 15.4499998092651 15.4499998092651 15.3833332061768 15.4499998092651 15.5 15.5166664123535 15.5166664123535 15.6000003814697 15.5833330154419 15.6333332061768 15.6999998092651 15.7166662216187 15.6833333969116 15.716667175293 15.6833333969116 15.6833333969116 15.6999998092651 15.75 15.7666673660278 15.7666673660278 15.7833337783813 15.8833332061768 15.8999996185303 15.966667175293 15.966667175293 15.9833335876465 15.9666662216187 15.9499998092651 15.9666662216187 15.9166660308838 15.8333330154419 15.8333330154419 15.8666667938232 15.7833337783813 -9999 -9999 -9999 -9999 -9999 -9999
15.5166664123535 15.4833335876465 15.5500001907349 15.6166667938232 15.6333332061768 15.6166667938232 15.5833339691162 15.4166660308838 15.2333335876465 15.1166667938232 15.0999994277954 15.1833333969116 15.3166666030884 15.4666662216187 15.5333337783813 15.6000003814697 15.6166667938232 15.6333332061768 15.6999998092651 15.75 15.7666664123535 15.7666664123535 15.6999998092651 15.7833337783813 15.7833337783813 15.7666673660278 15.75 15.75 15.7833337783813 15.8666667938232 15.9333333969116 15.9499998092651 16 15.966667175293 15.966667175293 16 15.9833335876465 15.9333333969116 15.8999996185303 15.8833332061768 15.8500003814697 -9999 -9999 -9999 -9999 -9999 -9999 -9999
15.533332824707 15.5166664123535 15.5833330154419 15.6166667938232 15.6000003814697 15.6499996185303 15.6666669845581 15.6166667938232 15.5 15.25 15.0666666030884 15.3333330154419 15.4333333969116 15.5833330154419 15.6000003814697 15.6333332061768 15.6333332061768 15.6500005722046 15.6999998092651 15.6999998092651 15.8000001907349 15.8333330154419 15.8166666030884 15.8499994277954 15.8666667938232 15.8666667938232 15.8666667938232 15.8666667938232 15.8666667938232 15.9499998092651 15.966667175293 15.966667175293 16.033332824707 16.0499992370605 16.0166664123535 15.9833335876465 15.9333333969116 15.8999996185303 15.8666667938232 15.8999996185303 15.8833332061768 -9999 -9999 -9999 -9999 -9999 -9999 -9999
15.5666666030884 15.5833330154419 15.6333332061768 15.6666669845581 15.6999998092651 15.716667175293 15.7333335876465 15.6999998092651 15.6833333969116 15.4833335876465 15.1833333969116 15.25 15.5500001907349 15.6499996185303 15.6666669845581 15.6666669845581 15.716667175293 15.7666664123535 15.7666664123535 15.8000001907349 15.8000001907349 15.8666667938232 15.9166660308838 15.9166660308838 15.9333333969116 15.9333333969116 15.9499998092651 15.9666662216187 15.9666662216187 16 16.0666675567627 16.0833339691162 16.1333332061768 16.0833339691162 16.0499992370605 16.0166664123535 15.9833335876465 15.9499998092651 15.8999996185303 15.8999996185303 15.9333333969116 -9999 -9999 -9999 -9999 -9999 -9999 -9999
15.5833330154419 15.5500001907349 15.6166667938232 15.6833333969116 15.75 15.8000001907349 15.7666664123535 15.75 15.716667175293 15.6999998092651 15.3333330154419 15.25 15.5333337783813 15.6333332061768 15.6999998092651 15.7333335876465 15.7666664123535 15.8166666030884 15.8166666030884 15.8833332061768 15.8833332061768 15.8833332061768 15.9499998092651 15.9499998092651 16.0166664123535 16.033332824707 16.033332824707 16.0499992370605 16.0499992370605 16.0666675567627 16.1000003814697 16.1666660308838 16.216667175293 16.1499996185303 16.1333332061768 16.033332824707 15.9833335876465 15.9166669845581 15.8666667938232 15.8500003814697 -9999 -9999 -9999 -9999 -9999 -9999 -9999 -9999
15.5666666030884 15.5666666030884 15.6499996185303 15.6999998092651 15.8000001907349 15.8166666030884 15.8333330154419 15.783332824707 15.8333330154419 15.783332824707 15.6666669845581 15.4499998092651 15.5500001907349 15.6666669845581 15.7333335876465 15.8000001907349 15.8333330154419 15.8666667938232 15.8499994277954 15.8999996185303 15.8999996185303 15.9666662216187 15.9666662216187 16.0166664123535 16.0499992370605 16.1000003814697 16.0499992370605 16.0666675567627 16.1166667938232 16.1166667938232 16.1000003814697 16.1166667938232 16.1666660308838 16.1499996185303 16.0499992370605 16.033332824707 15.9499998092651 15.8833332061768 15.8500003814697 15.8500003814697 -9999 -9999 -9999 -9999 -9999 -9999 -9999 -9999
15.6500005722046 15.6999998092651 15.7333335876465 15.75 15.8166666030884 15.8999996185303 15.8833332061768 15.8499994277954 15.9166660308838 15.8999996185303 15.8333330154419 15.8333330154419 15.7666664123535 15.8333330154419 15.8666667938232 15.8833332061768 15.9166660308838 15.9333333969116 15.9166660308838 15.9333333969116 15.9499998092651 15.9666662216187 16.033332824707 16.0499992370605 16.0833339691162 16.1166667938232 16.1166667938232 16.1166667938232 16.1499996185303 16.1166667938232 16.1000003814697 16.1000003814697 16.1000003814697 16.0833339691162 16.0166664123535 15.966667175293 15.9166669845581 15.8666667938232 15.8666667938232 15.8666667938232 -9999 -9999 -9999 -9999 -9999 -9999 -9999 -9999
15.6833333969116 15.75 15.75 15.8000001907349 15.8333330154419 15.9166660308838 15.9499998092651 15.9499998092651 15.9499998092651 15.9833335876465 15.9499998092651 15.9166669845581 15.8000001907349 15.8166666030884 15.8999996185303 15.9499998092651 15.9833335876465 16 16.033332824707 16.0499992370605 16.0666675567627 16.0666675567627 16.0666675567627 16.0666675567627 16.0833339691162 16.0833339691162 16.1166667938232 16.1666660308838 16.1499996185303 16.1333332061768 16.1499996185303 16.1166667938232 16.1000003814697 16.0833339691162 16 15.9166669845581 15.9333333969116 15.9333333969116 15.9166669845581 -9999 -9999 -9999 -9999 -9999 -9999 -9999 -9999 -9999
15.75 15.75 15.75 15.7833337783813 15.8666667938232 15.9499998092651 16.0166664123535 16.0166664123535 16.0499992370605 16.0166664123535 16.033332824707 16.0499992370605 16.0166664123535 16.0499992370605 16.0499992370605 16.0833339691162 16.1000003814697 16.1166667938232 16.1333332061768 16.1666660308838 16.1666660308838 16.1499996185303 16.1499996185303 16.1666660308838 16.1499996185303 16.1333332061768 16.1000003814697 16.1166667938232 16.1499996185303 16.1499996185303 16.1499996185303 16.1333332061768 16.0833339691162 16.0666656494141 16 15.9666662216187 15.9333333969116 15.966667175293 15.9666662216187 -9999 -9999 -9999 -9999 -9999 -9999 -9999 -9999 -9999
15.8000001907349 15.7833337783813 15.7833337783813 15.8333330154419 15.9166660308838 16.0166664123535 16.033332824707 16.1166667938232 16.0833339691162 16.1499996185303 16.1166667938232 16.1499996185303 16.1833343505859 16.1833343505859 16.1833343505859 16.1666679382324 16.2000007629395 16.2000007629395 16.216667175293 16.2333335876465 16.216667175293 16.216667175293 16.216667175293 16.216667175293 16.2000007629395 16.2000007629395 16.2000007629395 16.1833343505859 16.1499996185303 16.1499996185303 16.1499996185303 16.0833339691162 16.0666656494141 16.0499992370605 16.0166664123535 15.9666662216187 15.966667175293 15.966667175293 15.9833335876465 -9999 -9999 -9999 -9999 -9999 -9999 -9999 -9999 -9999
15.8333330154419 15.8000001907349 15.8000001907349 15.8999996185303 15.9499998092651 16.0166664123535 16.0499992370605 16.1166667938232 16.1499996185303 16.1666660308838 16.1833343505859 16.2000007629395 16.2333335876465 16.216667175293 16.216667175293 16.216667175293 16.2000007629395 16.1666679382324 16.2000007629395 16.216667175293 16.216667175293 16.1833343505859 16.1833343505859 16.216667175293 16.2000007629395 16.1833343505859 16.2000007629395 16.216667175293 16.2000007629395 16.1666660308838 16.2000007629395 16.1499996185303 16.1000003814697 16.0666656494141 16.0499992370605 16.033332824707 16 15.966667175293 -9999 -9999 -9999 -9999 -9999 -9999 -9999 -9999 -9999 -9999
15.8333330154419 15.8666667938232 15.8666667938232 15.8999996185303 15.9833335876465 16.0499992370605 16.1166667938232 16.1333332061768 16.216667175293 16.216667175293 16.2000007629395 16.2666664123535 16.283332824707 16.2666664123535 16.2666664123535 16.25 16.2333335876465 16.1499996185303 16.1166667938232 16.1499996185303 16.1666679382324 16.2000007629395 16.216667175293 16.216667175293 16.216667175293 16.216667175293 16.2000007629395 16.216667175293 16.216667175293 16.25 16.216667175293 16.216667175293 16.1333332061768 16.1166667938232 16.0666656494141 16.0499992370605 16.033332824707 16 -9999 -9999 -9999 -9999 -9999 -9999 -9999 -9999 -9999 -9999
15.8333330154419 15.8666667938232 15.9166669845581 15.9499998092651 16 16.0499992370605 16.1333332061768 16.1666660308838 16.2333335876465 16.25 16.2666664123535 16.283332824707 16.3333339691162 16.3333339691162 16.2999992370605 16.2666664123535 16.2333335876465 16.1499996185303 16.1499996185303 16.1499996185303 16.1666679382324 16.2000007629395 16.216667175293 16.2333335876465 16.2333335876465 16.25 16.2999992370605 16.283332824707 16.25 16.25 16.216667175293 16.216667175293 16.2333335876465 16.1666679382324 16.1166667938232 16.0666656494141 16.0499992370605 16.0499992370605 -9999 -9999 -9999 -9999 -9999 -9999 -9999 -9999 -9999 -9999
15.8833332061768 15.9333333969116 15.9499998092651 16 16.0499992370605 16.0499992370605 16.1333332061768 16.1499996185303 16.1833343505859 16.25 16.3333339691162 16.3500003814697 16.3500003814697 16.2999992370605 16.283332824707 16.283332824707 16.2666664123535 16.2666664123535 16.2333335876465 16.2000007629395 16.1833343505859 16.1333332061768 16.1666679382324 16.216667175293 16.25 16.25 16.283332824707 16.2999992370605 16.283332824707 16.216667175293 16.25 16.25 16.25 16.25 16.1666660308838 16.1166667938232 16.0833339691162 -9999 -9999 -9999 -9999 -9999 -9999 -9999 -9999 -9999 -9999 -9999
15.9166660308838 15.9833335876465 16.0166664123535 16.0499992370605 16.0666656494141 16.0833339691162 16.1499996185303 16.2000007629395 16.25 16.25 16.3166675567627 16.3833332061768 16.3833332061768 16.3833332061768 16.3333339691162 16.283332824707 16.283332824707 16.3000011444092 16.25 16.216667175293 16.2000007629395 16.1499996185303 16.1333332061768 16.1833343505859 16.25 16.25 16.283332824707 16.2999992370605 16.2666664123535 16.25 16.25 16.216667175293 16.2333335876465 16.216667175293 16.216667175293 16.1499996185303 16.1166667938232 -9999 -9999 -9999 -9999 -9999 -9999 -9999 -9999 -9999 -9999 -9999
15.9499998092651 16.033332824707 16.0499992370605 16.033332824707 16.0666656494141 16.0833339691162 16.1499996185303 16.2000007629395 16.283332824707 16.3166656494141 16.3166675567627 16.3333339691162 16.3500003814697 16.3833332061768 16.3833332061768 16.3333339691162 16.2666664123535 16.2666664123535 16.283332824707 16.216667175293 16.216667175293 16.2000007629395 16.1666679382324 16.2000007629395 16.2333335876465 16.283332824707 16.3166675567627 16.3166675567627 16.283332824707 16.283332824707 16.25 16.2000007629395 16.2000007629395 16.1833343505859 16.1666679382324 16.1499996185303 -9999 -9999 -9999 -9999 -9999 -9999 -9999 -9999 -9999 -9999 -9999 -9999
