Demos/Rbased/CrashCourse/data/climate_processing/PresentLayers/Shortia_galacifolia/bio_3.asc
NCOLS 523 
NROWS 122 
XLLCORNER -83.2916666667633 
YLLCORNER 34.9749999999364 
CELLSIZE 0.00833333333316142 
NODATA_value -9999 
[rows 0 to 26 of 122, columns 240 to 299 of 523]
-9999 -9999 -9999 -9999 -9999 -9999 -9999 -9999 -9999 -9999 -9999 -9999 -9999 -9999 -9999 -9999 -9999 -9999 -9999 -9999 -9999 -9999 -9999 -9999 -9999 -9999 -9999 -9999 -9999 -9999 -9999 -9999 -9999 -9999 -9999 -9999 -9999 -9999 -9999 -9999 -9999 -9999 -9999 -9999 -9999 -9999 -9999 -9999 -9999 -9999 -9999 -9999 -9999 -9999 -9999 -9999 -9999 -9999 -9999 -9999
-9999 -9999 -9999 -9999 -9999 -9999 -9999 -9999 -9999 -9999 -9999 -9999 -9999 -9999 -9999 -9999 -9999 -9999 -9999 -9999 -9999 -9999 -9999 -9999 -9999 -9999 -9999 -9999 -9999 -9999 -9999 -9999 -9999 -9999 -9999 -9999 -9999 -9999 -9999 -9999 -9999 -9999 -9999 -9999 -9999 -9999 -9999 -9999 -9999 -9999 -9999 -9999 -9999 -9999 -9999 -9999 -9999 -9999 -9999 -9999
-9999 -9999 -9999 -9999 -9999 -9999 -9999 -9999 -9999 -9999 -9999 -9999 -9999 -9999 -9999 -9999 -9999 -9999 -9999 -9999 -9999 -9999 -9999 -9999 -9999 -9999 -9999 -9999 -9999 -9999 -9999 -9999 -9999 -9999 -9999 -9999 -9999 -9999 -9999 -9999 -9999 -9999 -9999 -9999 -9999 -9999 -9999 -9999 -9999 -9999 -9999 -9999 -9999 -9999 -9999 -9999 -9999 -9999 -9999 -9999
-9999 -9999 -9999 -9999 -9999 -9999 -9999 -9999 -9999 -9999 -9999 -9999 -9999 -9999 -9999 -9999 -9999 -9999 -9999 -9999 -9999 -9999 -9999 -9999 -9999 -9999 -9999 -9999 -9999 -9999 -9999 -9999 -9999 -9999 -9999 -9999 -9999 -9999 -9999 -9999 -9999 -9999 -9999 -9999 -9999 -9999 -9999 -9999 -9999 -9999 -9999 -9999 -9999 -9999 -9999 -9999 -9999 -9999 -9999 -9999
-9999 -9999 -9999 -9999 -9999 -9999 -9999 -9999 -9999 -9999 -9999 -9999 -9999 -9999 -9999 -9999 -9999 -9999 -9999 -9999 -9999 -9999 -9999 -9999 -9999 -9999 -9999 -9999 -9999 -9999 -9999 -9999 -9999 -9999 -9999 -9999 -9999 -9999 -9999 -9999 -9999 -9999 -9999 -9999 -9999 -9999 -9999 -9999 -9999 -9999 -9999 -9999 -9999 -9999 -9999 -9999 -9999 -9999 -9999 -9999
-9999 -9999 -9999 -9999 -9999 -9999 -9999 -9999 -9999 -9999 -9999 -9999 -9999 -9999 -9999 -9999 -9999 -9999 -9999 -9999 -9999 -9999 -9999 -9999 -9999 -9999 -9999 -9999 -9999 -9999 -9999 -9999 -9999 -9999 -9999 -9999 -9999 -9999 -9999 -9999 -9999 -9999 -9999 -9999 -9999 -9999 -9999 -9999 -9999 -9999 -9999 -9999 -9999 -9999 -9999 -9999 -9999 -9999 -9999 -9999
-9999 -9999 -9999 -9999 -9999 -9999 -9999 -9999 -9999 -9999 -9999 -9999 -9999 -9999 -9999 -9999 -9999 -9999 -9999 -9999 -9999 -9999 -9999 -9999 -9999 -9999 -9999 -9999 -9999 -9999 -9999 -9999 -9999 -9999 -9999 -9999 -9999 -9999 -9999 -9999 -9999 -9999 -9999 -9999 -9999 40.0429801940918 40.0622596740723 40.0862083435059 40.0383148193359 40.0668563842773 39.976188659668 40.0907363891602 40.1340980529785 40.0383148193359 40.0668563842773 40.0191040039062 40.1580467224121 40.0383148193359 40.0336227416992 39.990421295166
-9999 -9999 -9999 -9999 -9999 -9999 -9999 -9999 -9999 -9999 -9999 -9999 -9999 -9999 -9999 -9999 -9999 -9999 -9999 -9999 -9999 -9999 -9999 -9999 -9999 -9999 -9999 -9999 -9999 -9999 -9999 39.6987380981445 39.7529067993164 39.8550720214844 39.9566459655762 40.0096054077148 40.0336227416992 40.0622596740723 40.1011543273926 40.0289001464844 40.1011543273926 40.1536979675293 40.0096054077148 40.1056671142578 40.1056671142578 40.1340980529785 40.1340980529785 40.1819915771484 40.1101531982422 40.1340980529785 40.0668563842773 40.0907363891602 40.0907363891602 40.1146125793457 40.1580467224121 40.0622596740723 40.0383148193359 39.9952239990234 39.9664764404297 39.9664764404297
-9999 -9999 -9999 -9999 -9999 -9999 -9999 -9999 -9999 -9999 -9999 -9999 -9999 -9999 -9999 -9999 -9999 -9999 -9999 39.613525390625 39.6618347167969 39.7398834228516 39.6917152404785 39.7398834228516 39.884391784668 39.7214202880859 39.884391784668 39.8603096008301 39.7584533691406 39.8067626953125 39.8067626953125 39.7398834228516 39.8067626953125 39.9275360107422 39.9566459655762 40.0529861450195 39.9615745544434 40.1819915771484 40.0862083435059 39.9855918884277 39.9615745544434 40.1536979675293 40.0383148193359 40.0143661499023 39.990421295166 40.1777153015137 40.0383148193359 40.0862083435059 40.1580467224121 40.0907363891602 40.0622596740723 40.0622596740723 40.0143661499023 40.0622596740723 40.0862083435059 40.0862083435059 40.1101531982422 40.0383148193359 40.0096054077148 39.9185829162598
-9999 -9999 -9999 -9999 -9999 -9999 -9999 39.5591087341309 39.6376800537109 39.6075592041016 39.6317825317383 39.3961334228516 39.4622077941895 39.4202880859375 39.4444427490234 39.4927520751953 39.4864349365234 39.4202919006348 39.5169067382812 39.4927520751953 39.5169067382812 39.5169067382812 39.5893707275391 39.7101440429688 39.7157974243164 39.7694511413574 39.8603057861328 39.9033813476562 39.6435470581055 39.8067626953125 39.7826080322266 39.884391784668 39.8550720214844 39.9033813476562 40 40.0048179626465 40.1056671142578 40.0862083435059 40.1819915771484 40.1101531982422 40.0862083435059 40.0143661499023 40.1101531982422 40.1777114868164 40.0816535949707 40.0816535949707 40.0576362609863 40.0576362609863 40.0862083435059 39.990421295166 39.990421295166 39.990421295166 40.1536979675293 40.0576362609863 40.0336227416992 40.0576362609863 39.990421295166 40.0862083435059 39.9664764404297 39.9425277709961
39.5098037719727 39.5771865844727 39.1716575622559 39.1791038513184 39.3313674926758 39.485294342041 39.4736862182617 39.5043716430664 39.6015548706055 39.5169067382812 39.5348854064941 39.4864349365234 39.3719787597656 39.3961334228516 39.5169067382812 39.4267807006836 39.4927520751953 39.5169067382812 39.4267807006836 39.4444427490234 39.4379844665527 39.5348854064941 39.3961334228516 39.5833320617676 39.5410614013672 39.5893707275391 39.6917152404785 39.7694549560547 39.7639694213867 39.8603057861328 39.8362236022949 39.9807319641113 39.884391784668 39.9084777832031 39.9325637817383 39.9566459655762 39.9375610351562 40.0336227416992 40.0862083435059 40.1580467224121 40.205940246582 40.1536979675293 40.2298851013184 40.2298851013184 40.0576362609863 40.1011581420898 40.0862083435059 40.0862083435059 40.0383148193359 40.0622596740723 39.9664764404297 40.1056671142578 40.1340980529785 40.0096054077148 40.0336227416992 39.9615745544434 39.9375610351562 39.8946342468262 40.0816535949707 40.0622596740723
39.5343132019043 39.3559494018555 38.930347442627 38.8308448791504 39.1691398620605 39.264705657959 39.4672546386719 39.4557838439941 39.6015548706055 39.6075553894043 39.4622077941895 39.4444427490234 39.4444427490234 39.389533996582 39.4444427490234 39.523120880127 39.613525390625 39.3786125183105 39.3961334228516 39.4622116088867 39.389533996582 39.4379844665527 39.5591087341309 39.656005859375 39.5893707275391 39.5893707275391 39.7101440429688 39.7694549560547 39.8414993286133 39.8895301818848 39.9615745544434 39.8362236022949 39.9615745544434 40.0529861450195 39.9855918884277 40.0770721435547 39.9855918884277 39.9855918884277 40.0096054077148 40.0096054077148 39.9855918884277 40.0383148193359 40.0816535949707 40.1340980529785 40.1340980529785 40.0862083435059 40.2298851013184 40.0907363891602 40.1580467224121 40.0383148193359 40.0383148193359 40.0429801940918 40.0143661499023 39.9664764404297 40.0143661499023 39.990421295166 40.0576362609863 40.0336227416992 39.9855918884277 40.0143661499023
39.5161285400391 39.4607849121094 39.0049743652344 38.9800987243652 39.0532569885254 39.3137245178223 39.3939399719238 39.4071922302246 39.4622077941895 39.6075553894043 39.5652160644531 39.5591087341309 39.4622077941895 39.5106582641602 39.5169067382812 39.5169067382812 39.5106582641602 39.5348815917969 39.5348815917969 39.5529632568359 39.4800796508789 39.4379844665527 39.5348815917969 39.4927520751953 39.5893707275391 39.6075592041016 39.5652160644531 39.6435432434082 39.6974067687988 39.7214241027832 39.8843955993652 39.9135437011719 39.9135437011719 39.9615745544434 39.9664726257324 39.990421295166 39.9664764404297 40.0336227416992 40.0096054077148 39.9855918884277 40.0816535949707 40.0622596740723 40.0862083435059 40.1819915771484 40.1819915771484 40.1819915771484 40.0622596740723 40.0383148193359 40.0429801940918 39.9952239990234 39.9474678039551 39.9952239990234 40.0862083435059 40.1101531982422 40.0862083435059 40.0622596740723 40.0862083435059 40.0383148193359 40.0622596740723 39.9952278137207
39.3031196594238 39.4051132202148 38.9960441589355 38.7724533081055 38.7724533081055 39.0949554443359 39.1666641235352 39.3762168884277 39.4314842224121 39.4864349365234 39.4444427490234 39.3653106689453 39.3653106689453 39.4202880859375 39.5169067382812 39.6317825317383 39.5652160644531 39.5106582641602 39.5106582641602 39.4379844665527 39.4800796508789 39.3828964233398 39.4379844665527 39.4927520751953 39.5169067382812 39.6376800537109 39.6618347167969 39.6859893798828 39.6859893798828 39.7398834228516 39.8843955993652 39.9084777832031 39.8792266845703 39.7880554199219 39.9375610351562 39.9185829162598 40.0336227416992 40.0816535949707 40.0383148193359 40.0576362609863 40.1056671142578 40.0096054077148 39.9855918884277 40.0529861450195 40.0336227416992 39.990421295166 40.0336227416992 40.0622596740723 39.990421295166 39.9425277709961 39.8706893920898 39.8706893920898 40.0576362609863 40.0143661499023 39.990421295166 40.0143661499023 40.0383148193359 40.0143661499023 39.9135437011719 39.9664764404297
39.3274841308594 39.2961883544922 39.2330360412598 38.9713172912598 38.8971328735352 38.7064666748047 38.9136924743652 39.1666641235352 39.4980506896973 39.4800758361816 39.4864349365234 39.3653106689453 39.3653106689453 39.4622077941895 39.5169067382812 39.5591087341309 39.4379844665527 39.5772590637207 39.4137573242188 39.4071922302246 39.3518524169922 39.389533996582 39.5833320617676 39.6317825317383 39.656005859375 39.5410614013672 39.6376800537109 39.5472068786621 39.5712890625 39.6917152404785 39.6917152404785 39.6917152404785 39.8067626953125 39.7880554199219 39.7934684753418 39.7694511413574 39.7694511413574 39.9807319641113 40.0048179626465 39.9325637817383 39.9566459655762 39.9275360107422 39.9084777832031 39.9807319641113 40.0096054077148 39.9855918884277 39.990421295166 40.0096054077148 39.9615745544434 39.9135437011719 39.7988510131836 39.77490234375 39.8895301818848 39.9664764404297 39.8895301818848 39.9135437011719 39.8895301818848 39.8655128479004 39.8895301818848 39.8655128479004
39.4493179321289 39.278751373291 39.1984367370605 38.9950981140137 39.2330360412598 39.0855445861816 39.0196075439453 39.264705657959 39.2857131958008 39.4379844665527 39.389533996582 39.3653106689453 39.3236694335938 39.5169105529785 39.3719787597656 39.389533996582 39.5106582641602 39.4800758361816 39.4005851745605 39.4980506896973 39.5043716430664 39.6015548706055 39.4864349365234 39.5169067382812 39.5652160644531 39.6075592041016 39.656005859375 39.7342987060547 39.7101440429688 39.4749526977539 39.7584533691406 39.6618347167969 39.6194610595703 39.6676330566406 39.6676330566406 39.7639694213867 39.7880554199219 39.8550720214844 39.8792266845703 39.8792266845703 39.9275360107422 39.9325637817383 39.9084777832031 39.8174819946289 39.9135437011719 39.9135437011719 39.9135437011719 39.7934684753418 39.9135437011719 40.0096054077148 39.9135437011719 39.9135437011719 39.9615745544434 39.9135437011719 39.8895301818848 39.9185829162598 39.9425277709961 39.8655128479004 39.9566459655762 39.9566459655762
39.2300186157227 39.188533782959 39.2228736877441 39.2473106384277 39.2473106384277 39.2401962280273 39.2401962280273 39.1984367370605 39.3031196594238 39.4557838439941 39.4622116088867 39.323673248291 39.3961372375488 39.4202919006348 39.4622077941895 39.4379844665527 39.413761138916 39.3586006164551 39.4314880371094 39.389533996582 39.4557800292969 39.5106582641602 39.4379844665527 39.4622077941895 39.5410614013672 39.613525390625 39.5410614013672 39.5652160644531 39.6194610595703 39.6376800537109 39.5893707275391 39.6376800537109 39.613525390625 39.5712928771973 39.7158012390137 39.7398834228516 39.7880554199219 39.8309173583984 39.8309173583984 39.8550720214844 39.8792266845703 39.884391784668 39.7694511413574 39.8174819946289 39.9325637817383 39.9084777832031 39.8895301818848 39.9135437011719 39.8414993286133 39.8467445373535 39.8706893920898 39.7564468383789 39.8042030334473 39.9855918884277 39.9185829162598 39.9375610351562 39.9615745544434 39.9135437011719 40.0289001464844 39.9375610351562
39.1569213867188 39.278751373291 39.2473106384277 39.2717514038086 39.2961883544922 39.2300186157227 39.3450622558594 39.2300186157227 39.188533782959 39.3031196594238 39.2857131958008 39.3653106689453 39.4071922302246 39.413761138916 39.4864349365234 39.5652160644531 39.6075592041016 39.4137573242188 39.5043716430664 39.5529632568359 39.5043716430664 39.5529632568359 39.4864349365234 39.4202880859375 39.4685974121094 39.5953788757324 39.5893707275391 39.5169067382812 39.6194610595703 39.5712928771973 39.6376800537109 39.523120880127 39.5893707275391 39.5231246948242 39.4990386962891 39.7584571838379 39.8067665100098 39.8362236022949 39.7880554199219 39.8603096008301 39.7880554199219 39.8121376037598 39.9135437011719 39.9615745544434 39.8467445373535 39.7509574890137 39.8414993286133 39.8655128479004 39.8655128479004 39.7988510131836 39.7509574890137 39.684814453125 39.8174819946289 39.8895301818848 39.8414993286133 39.8174819946289 39.8362236022949 39.8603096008301 39.8603096008301 39.9758453369141
39.1156463623047 39.1812858581543 39.0594520568848 39.1569175720215 39.1081848144531 39.1642379760742 39.1812858581543 39.1081848144531 39.2056541442871 39.188533782959 39.1885299682617 39.1957359313965 39.2371215820312 39.3100090026855 39.4071922302246 39.413761138916 39.4622116088867 39.2684097290039 39.6015548706055 39.5106582641602 39.4622077941895 39.4379844665527 39.4379844665527 39.5591087341309 39.5893745422363 39.4990386962891 39.4685974121094 39.4444427490234 39.4990386962891 39.4990386962891 39.523120880127 39.5712928771973 39.5893745422363 39.6618385314941 39.680233001709 39.5893745422363 39.6376838684082 39.734302520752 39.710147857666 39.7639694213867 39.7880516052246 39.8603096008301 39.7880554199219 39.7934684753418 39.7270126342773 39.8227958679199 39.8467445373535 39.8227996826172 39.7934684753418 39.6551704406738 39.6312255859375 39.7694511413574 39.7694511413574 39.7694511413574 39.8174819946289 39.8174819946289 39.7694511413574 39.8121376037598 39.8603057861328 39.8603057861328
39.1251220703125 39.1812858581543 39.1812858581543 39.1156463623047 39.1156463623047 39.2056541442871 39.1251220703125 39.0838203430176 39.1399421691895 39.1957359313965 39.1957359313965 39.2441864013672 39.2441864013672 39.3410835266113 39.4379844665527 39.4622077941895 39.5106582641602 39.6075592041016 39.4686012268066 39.5286674499512 39.3168601989746 39.4557838439941 39.5833320617676 39.5833320617676 39.5410652160645 39.5652198791504 39.5652160644531 39.4444427490234 39.4685974121094 39.4508666992188 39.4749526977539 39.5953750610352 39.6194610595703 39.6194610595703 39.5652160644531 39.6618385314941 39.680233001709 39.6376838684082 39.7342987060547 39.7826080322266 39.8067626953125 39.6917152404785 39.7880554199219 39.6493759155273 39.8121376037598 39.7694511413574 39.7749061584473 39.7564468383789 39.684814453125 39.7749061584473 39.7749061584473 39.6551742553711 39.7214202880859 39.6974067687988 39.7454376220703 39.8603096008301 39.884391784668 39.9084777832031 39.8603057861328 39.9325637817383
38.9950981140137 38.9784927368164 39.0350875854492 39.1642379760742 39.1642379760742 39.0427589416504 38.9698715209961 39.0184631347656 39.1156463623047 39.1957359313965 39.1957359313965 39.3410835266113 39.3653106689453 39.389533996582 39.4202880859375 39.389533996582 39.413761138916 39.4864349365234 39.4622077941895 39.4071922302246 39.4249496459961 39.3410835266113 39.3168601989746 39.4444465637207 39.5410652160645 39.5591087341309 39.3478240966797 39.3719787597656 39.3961334228516 39.347827911377 39.5169105529785 39.5410652160645 39.5893745422363 39.7101440429688 39.5893745422363 39.4202919006348 39.5169105529785 39.7529067993164 39.8013572692871 39.7101440429688 39.7584533691406 39.7158012390137 39.7398834228516 39.6974067687988 39.6791191101074 39.7214241027832 39.6312255859375 39.5833358764648 39.7086906433105 39.6131820678711 39.6370582580566 39.6312255859375 39.6551742553711 39.6312255859375 39.7880554199219 39.7880554199219 39.7398834228516 39.8121376037598 39.8067626953125 39.9275360107422
38.9784927368164 38.961986541748 38.9698715209961 39.0594520568848 39.1399421691895 39.1399421691895 39.1399421691895 39.1642379760742 39.1715126037598 39.0670547485352 39.1399421691895 39.2128257751465 39.1399421691895 39.2441864013672 39.2371253967285 39.3168601989746 39.3343048095703 39.413761138916 39.5348854064941 39.4557838439941 39.3653106689453 39.5348854064941 39.4622116088867 39.5106582641602 39.4864349365234 39.389533996582 39.389533996582 39.3961372375488 39.4202919006348 39.3236694335938 39.4379844665527 39.4686012268066 39.5169105529785 39.6618347167969 39.7101440429688 39.6859893798828 39.7101440429688 39.6859893798828 39.7771339416504 39.680233001709 39.5893707275391 39.5712890625 39.6859893798828 39.6194610595703 39.529296875 39.6733932495117 39.6493759155273 39.77490234375 39.7509574890137 39.7086906433105 39.684814453125 39.6791191101074 39.7270126342773 39.7214241027832 39.7158012390137 39.7584533691406 39.7826080322266 39.8067626953125 39.7826080322266 39.8740310668945
39.0184631347656 39.0427589416504 39.1399421691895 39.0427589416504 38.9455795288086 38.9455795288086 38.9941673278809 39.0670547485352 39.059455871582 39.0518074035645 38.9455795288086 39.0184631347656 39.1081848144531 39.1642379760742 39.2441864013672 39.2684097290039 39.3168601989746 39.5286674499512 39.5106582641602 39.5348815917969 39.4314880371094 39.413761138916 39.3586006164551 39.3828964233398 39.3410873413086 39.3828964233398 39.413761138916 39.4622116088867 39.347827911377 39.4379844665527 39.3410835266113 39.389533996582 39.3961372375488 39.6560096740723 39.4686012268066 39.5893707275391 39.6676292419434 39.5712890625 39.6618347167969 39.613525390625 39.6194610595703 39.680233001709 39.6376800537109 39.5712890625 39.6974067687988 39.6733932495117 39.6974067687988 39.6974067687988 39.6072807312012 39.6131820678711 39.5893020629883 39.7509574890137 39.6791191101074 39.7694549560547 39.7214241027832 39.7342987060547 39.6618347167969 39.7342987060547 39.7342987060547 39.7342987060547
38.7512130737305 38.8241004943848 38.8483963012695 38.815788269043 38.8401565551758 38.8888893127441 38.8645248413086 38.913257598877 39.0518074035645 38.8645210266113 38.9455795288086 39.0350875854492 39.0838203430176 39.0913505554199 39.0913505554199 39.1156463623047 39.3031196594238 39.4557838439941 39.413761138916 39.413761138916 39.4071922302246 39.4249534606934 39.3100090026855 39.4249496459961 39.3031196594238 39.4005851745605 39.3168601989746 39.3719787597656 39.413761138916 39.389533996582 39.389533996582 39.413761138916 39.3895378112793 39.4379844665527 39.5106582641602 39.5348854064941 39.4444465637207 39.5833358764648 39.5169067382812 39.7342987060547 39.6618347167969 39.5652160644531 39.5652160644531 39.5893707275391 39.5953750610352 39.5052833557129 39.5052833557129 39.5773315429688 39.6072807312012 39.5293006896973 39.5773315429688 39.6312255859375 39.5593872070312 39.6791191101074 39.6974067687988 39.6676292419434 39.6917152404785 39.7584533691406 39.7101440429688 39.8498039245605
38.6540336608887 38.7914237976074 38.6939582824707 38.8318672180176 38.8645248413086 38.913257598877 38.9051818847656 38.8563041687012 38.9784927368164 38.9619903564453 39.059455871582 39.1081886291504 39.0184669494629 39.0350875854492 39.0184669494629 39.2056541442871 39.2857131958008 39.2128295898438 39.3274841308594 39.3410835266113 39.5043716430664 39.4249496459961 39.4005851745605 39.376220703125 39.3274841308594 39.2857131958008 39.4071922302246 39.413761138916 39.3168601989746 39.2926368713379 39.3410873413086 39.413761138916 39.4622116088867 39.4379844665527 39.4314880371094 39.3895378112793 39.4622116088867 39.4622116088867 39.5591087341309 39.613525390625 39.5953750610352 39.523120880127 39.5169067382812 39.523120880127 39.4026985168457 39.5652160644531 39.5953750610352 39.5773315429688 39.5293006896973 39.5293006896973 39.5114936828613 39.5533142089844 39.5533142089844 39.5533142089844 39.6493759155273 39.6733932495117 39.7880554199219 39.7342987060547 39.8255805969238 39.7584533691406
38.6297378540039 38.6540336608887 38.7183265686035 38.7096786499023 38.7829895019531 38.807430267334 38.7745094299316 38.807430267334 38.9784927368164 39.0107231140137 39.0838203430176 39.1081886291504 39.1156463623047 39.1569213867188 39.1081886291504 39.2056541442871 39.2056541442871 39.1569213867188 39.2056541442871 39.3762168884277 39.4249496459961 39.4557800292969 39.3828964233398 39.3518524169922 39.3762168884277 39.3828964233398 39.3274841308594 39.2926368713379 39.3653106689453 39.2684135437012 39.3653106689453 39.4622077941895 39.5106582641602 39.413761138916 39.4314880371094 39.389533996582 39.5772590637207 39.4622077941895 39.4379844665527 39.5106582641602 39.5472068786621 39.6194610595703 39.523120880127 39.5893707275391 39.5410614013672 39.5712928771973 39.5410614013672 39.5652160644531 39.5953750610352 39.523120880127 39.3371772766113 39.4749526977539 39.4990348815918 39.5472068786621 39.613525390625 39.6859893798828 39.8309173583984 39.8792266845703 39.8067626953125 39.8067626953125
38.5811462402344 38.5477600097656 38.596492767334 38.6852378845215 38.6852378845215 38.7096786499023 38.807430267334 38.8807411193848 38.8645248413086 38.9619903564453 38.9619903564453 39.0184631347656 39.1230621337891 39.1156463623047 39.0913505554199 39.1812858581543 39.1325531005859 39.1325531005859 39.2300186157227 39.3274841308594 39.2857131958008 39.4493179321289 39.4557838439941 39.4980506896973 39.5224151611328 39.3762168884277 39.3031196594238 39.3031196594238 39.3410835266113 39.3168601989746 39.4071922302246 39.413761138916 39.3410835266113 39.3100090026855 39.4005851745605 39.3100090026855 39.4314880371094 39.4864349365234 39.3653106689453 39.4622077941895 39.5591087341309 39.5410614013672 39.6135292053223 39.5953750610352 39.5472068786621 39.523120880127 39.4026985168457 39.5410614013672 39.5169067382812 39.5410614013672 39.5169067382812 39.5652160644531 39.4267807006836 39.4990386962891 39.613525390625 39.6859893798828 39.7771301269531 39.8013572692871 39.7286796569824 39.7529067993164
