Demos/Rbased/CrashCourse/data/climate_processing/PresentLayers/Shortia_galacifolia/bio_8.asc
NCOLS 212 
NROWS 170 
XLLCORNER -83.691666666421 
YLLCORNER 34.5083333333333 
CELLSIZE 0.00833333333316012 
NODATA_value -9999 
[rows 0 to 20 of 170, columns 48 to 95 of 212]
-9999 -9999 -9999 -9999 -9999 -9999 -9999 -9999 -9999 -9999 -9999 -9999 -9999 -9999 -9999 -9999 -9999 -9999 -9999 -9999 -9999 -9999 -9999 -9999 -9999 -9999 -9999 -9999 -9999 -9999 -9999 -9999 -9999 -9999 -9999 -9999 -9999 -9999 -9999 -9999 -9999 -9999 -9999 -9999 -9999 -9999 -9999 -9999
-9999 -9999 -9999 -9999 -9999 -9999 -9999 -9999 -9999 -9999 -9999 -9999 -9999 -9999 -9999 -9999 -9999 -9999 -9999 -9999 -9999 -9999 -9999 -9999 -9999 -9999 -9999 -9999 -9999 -9999 -9999 -9999 -9999 -9999 -9999 -9999 -9999 -9999 -9999 -9999 -9999 -9999 -9999 -9999 -9999 -9999 -9999 -9999
-9999 -9999 -9999 -9999 -9999 -9999 -9999 -9999 -9999 -9999 -9999 -9999 -9999 -9999 -9999 -9999 -9999 -9999 -9999 -9999 -9999 -9999 -9999 -9999 -9999 -9999 -9999 -9999 -9999 -9999 -9999 -9999 -9999 -9999 -9999 -9999 -9999 -9999 -9999 -9999 -9999 -9999 -9999 -9999 -9999 -9999 -9999 -9999
-9999 -9999 -9999 -9999 -9999 -9999 -9999 -9999 -9999 -9999 -9999 -9999 -9999 -9999 -9999 -9999 -9999 -9999 -9999 -9999 -9999 -9999 -9999 -9999 -9999 -9999 -9999 -9999 -9999 -9999 -9999 -9999 -9999 -9999 -9999 -9999 -9999 -9999 -9999 -9999 -9999 -9999 -9999 -9999 -9999 -9999 -9999 -9999
-9999 -9999 -9999 -9999 -9999 -9999 -9999 -9999 -9999 -9999 -9999 -9999 -9999 -9999 -9999 -9999 -9999 -9999 -9999 -9999 -9999 -9999 -9999 -9999 -9999 -9999 -9999 -9999 -9999 -9999 -9999 -9999 -9999 -9999 -9999 -9999 -9999 -9999 -9999 -9999 -9999 -9999 -9999 -9999 -9999 -9999 -9999 -9999
-9999 -9999 -9999 -9999 -9999 -9999 -9999 -9999 -9999 -9999 -9999 -9999 -9999 -9999 -9999 -9999 -9999 -9999 -9999 -9999 -9999 -9999 -9999 -9999 -9999 -9999 -9999 -9999 -9999 -9999 -9999 -9999 -9999 -9999 -9999 -9999 -9999 -9999 -9999 -9999 -9999 -9999 -9999 -9999 -9999 -9999 -9999 -9999
-9999 -9999 -9999 -9999 -9999 -9999 -9999 -9999 -9999 -9999 -9999 -9999 -9999 -9999 -9999 -9999 -9999 -9999 -9999 -9999 -9999 -9999 -9999 -9999 -9999 -9999 -9999 -9999 -9999 -9999 -9999 -9999 -9999 -9999 -9999 -9999 -9999 -9999 -9999 -9999 -9999 -9999 11 11.5666666030884 11.1000003814697 11.2333335876465 11.4166669845581 11.5833339691162
-9999 -9999 -9999 -9999 -9999 -9999 -9999 -9999 -9999 -9999 -9999 -9999 -9999 -9999 -9999 -9999 -9999 -9999 -9999 -9999 -9999 -9999 -9999 -9999 -9999 -9999 -9999 -9999 -9999 -9999 20.1333332061768 20.216667175293 20.0833320617676 20.1333332061768 20.3999996185303 20.3333339691162 20.1333332061768 12 11.3000001907349 10.6999998092651 10.9499998092651 10.6166667938232 10.5500001907349 11.1333332061768 10.9333333969116 11.1000003814697 11.3166666030884 11.4166669845581
-9999 -9999 -9999 -9999 -9999 -9999 -9999 -9999 -9999 -9999 -9999 -9999 -9999 -9999 -9999 -9999 -9999 11.5166664123535 11.8000001907349 19.75 19.8666667938232 20 12.5333337783813 12.4499998092651 12.2333335876465 11.8666667938232 11.75 11.9166669845581 12.0666666030884 12.0666666030884 12.0333337783813 12.2333335876465 20.0666656494141 20.033332824707 19.9833335876465 20.1166667938232 12.1999998092651 11.75 11.0333337783813 10.2999992370605 10.3666667938232 10.0833330154419 10.5166664123535 10.8500003814697 10.4333333969116 10.5999994277954 10.5 10.6666669845581
-9999 -9999 -9999 21.0499992370605 20.9166660308838 20.8333339691162 20.9166660308838 21.033332824707 21.1666660308838 21 20.9500007629395 20.8999996185303 21.1333332061768 21 20.4500007629395 12.1333332061768 11.6499996185303 19.75 20.0166664123535 20.1499996185303 12.3999996185303 12.3500003814697 12.4499998092651 12.4499998092651 12.3166666030884 12.2166662216187 12.1833333969116 11.9166669845581 11.4499998092651 11.6666669845581 12 12.1000003814697 12.2666664123535 12.1999998092651 12.0500001907349 12.1000003814697 12.0166673660278 11.5833339691162 10.7166662216187 9.91666698455811 10.0500001907349 10.033332824707 10.1666669845581 10.3833332061768 9.63333320617676 9.61666679382324 9.51666641235352 10.2833337783813
20.8833332061768 20.8166656494141 20.7999992370605 20.7333335876465 20.8333339691162 20.7999992370605 21.0166664123535 21.0666656494141 21.0499992370605 20.8666667938232 20.9833335876465 21 20.8999996185303 21.033332824707 20.25 11.8500003814697 11.7666664123535 12.3833332061768 12.7166662216187 12.7666664123535 20.2000007629395 20.033332824707 12.1666669845581 12.3333330154419 12.1999998092651 11.8999996185303 11.8000001907349 11.8500003814697 11.6166667938232 11.6999998092651 11.8999996185303 11.8999996185303 12 11.9833335876465 11.8166666030884 11.8000001907349 11.6666660308838 11.4166669845581 11.0333337783813 10.5666666030884 10.5666666030884 10.0500001907349 9.53333377838135 9.83333396911621 9.56666660308838 9.38333320617676 9.56666660308838 10.2833337783813
20.966667175293 20.8166656494141 20.7000007629395 20.7999992370605 20.9500007629395 20.9833335876465 20.8666667938232 20.6833343505859 20.7000007629395 20.716667175293 20.6166667938232 20.216667175293 20.283332824707 20.7333335876465 12.2166662216187 12.033332824707 12.2333335876465 12.7166662216187 20.533332824707 20.5 20.3833332061768 12.3166666030884 12.2166662216187 12.2666664123535 12.0666666030884 11.6166667938232 11.6999998092651 11.8666667938232 11.8666667938232 11.6166667938232 11.4666662216187 11.3333330154419 11.5 11.8000001907349 11.5 10.9833335876465 10.5833330154419 10.5 10.466667175293 10.716667175293 10.4000005722046 10.1666669845581 9.85000038146973 10.0166664123535 10.1166667938232 10.25 10.3666667938232 10.7166662216187
20.6666679382324 20.533332824707 20.7333335876465 20.7666664123535 20.9333343505859 20.9500007629395 20.3833332061768 19.7999992370605 19.8833332061768 19.8500003814697 19.7000007629395 19.8166656494141 20.3999996185303 20.6666660308838 12.4333333969116 12.8000001907349 20.7666664123535 20.8500003814697 13.0500001907349 20.533332824707 12.6000003814697 12.3833332061768 12.1000003814697 12.1333332061768 12.1333332061768 11.9833335876465 11.8000001907349 11.5166664123535 11.6999998092651 11.7666664123535 11.3666667938232 10.6666669845581 10.7666664123535 11.0166664123535 10.7333335876465 10.0833330154419 9.63333320617676 9.61666679382324 10.0666666030884 10.4833335876465 9.88333320617676 9.51666641235352 10.0333337783813 10.533332824707 10.716667175293 10.9333333969116 11.216667175293 11.3333330154419
20.7666664123535 20.6166667938232 20.6166667938232 20.716667175293 20.7333335876465 20.7999992370605 19.966667175293 19.7000007629395 19.966667175293 19.75 11.9833335876465 12.1166667938232 20 20.6666660308838 20.6833343505859 20.5666656494141 12.6000003814697 20.716667175293 12.7166662216187 12.3833332061768 12.3166666030884 12.0666666030884 12.0166664123535 12.1166667938232 12.1333332061768 12.033332824707 11.8833332061768 11.6666669845581 11.1333332061768 11.1833333969116 11.5166664123535 11.25 11.1000003814697 10.75 10.5500001907349 10.4500007629395 10.1166667938232 9.71666622161865 10.0166664123535 10.0666666030884 9.55000019073486 9.73333358764648 10.0833339691162 9.98333358764648 10.0833339691162 10.5999994277954 11.1833333969116 11.5500001907349
20.5499992370605 20.5 20.6166667938232 20.4333343505859 20.6000003814697 20.7000007629395 20.5 20.5 20.5499992370605 20.3666667938232 12.5666666030884 12.6999998092651 12.8500003814697 12.8000001907349 12.5999994277954 12.4000005722046 12.4666662216187 12.5333337783813 12.8333330154419 12.6166667938232 12.3500003814697 11.75 11.6000003814697 11.8500003814697 11.9000005722046 11.7833337783813 11.6999998092651 11.5333337783813 11 10.7333335876465 11.0666666030884 11.3000001907349 10.9666662216187 10.9666662216187 10.8000001907349 10.5833330154419 10.1000003814697 9.78333377838135 9.76666641235352 9.5 9.31666660308838 9.38333320617676 9.51666641235352 10.0666666030884 10.4333333969116 10.9499998092651 11.0500001907349 10.8666667938232
20.4333343505859 20.533332824707 20.4333343505859 20.3666667938232 20.533332824707 20.4333343505859 20.6166667938232 20.4500007629395 12.6499996185303 20.3833332061768 20.3333339691162 12.6833333969116 12.6999998092651 12.5166664123535 12.4833335876465 12.2666664123535 12.0666666030884 12.216667175293 12.3666667938232 12.75 12.6999998092651 12.6000003814697 12.1333332061768 11.8500003814697 11.5333337783813 11.1666669845581 11.033332824707 10.8500003814697 10.5 10.466667175293 10.7666664123535 11.0166664123535 10.9166669845581 10.9499998092651 10.8000001907349 10.6666669845581 10.3333330154419 10.0333337783813 9.75 9.28333377838135 9.18333339691162 9.53333282470703 9.83333301544189 10.1166667938232 10.4166669845581 10.8500003814697 11.0500001907349 10.6000003814697
20.283332824707 20.3500003814697 20.1833324432373 20.0833339691162 20.3500003814697 12.6333332061768 20.3333339691162 12.716667175293 12.533332824707 12.5499992370605 12.5166664123535 12.4333333969116 12.2833337783813 12.0499992370605 11.7333335876465 11.5166664123535 11.7333335876465 11.9333333969116 12.25 12.3166666030884 12.5 12.7333326339722 12.3500003814697 12.0666666030884 11.3500003814697 10.8833332061768 10.5 10.2833337783813 10.0166664123535 9.94999980926514 10.2666664123535 10.6666669845581 10.9499998092651 10.6999998092651 10.5833330154419 10.4499998092651 10.0833339691162 9.63333320617676 9.48333358764648 9.44999980926514 9.5 9.78333377838135 9.86666679382324 10.0166664123535 10.4333333969116 10.5833330154419 10.9666662216187 10.8500003814697
20.2000007629395 20.0166664123535 20 20.1166667938232 20.1666660308838 12.5666666030884 12.4833326339722 12.3999996185303 12.3999996185303 12.4333333969116 12.3000001907349 12.1666669845581 11.8666667938232 11.5 11.25 10.9333333969116 10.5833330154419 11.0500001907349 11.6333332061768 12.0666666030884 12.2833337783813 12.5 12.6499996185303 12.2666664123535 11.8000001907349 11.5833330154419 11.1833333969116 10.7666664123535 10.2666664123535 10.2833337783813 10.5500001907349 10.9833335876465 10.7833337783813 10.4166669845581 10.2333335876465 10.2666664123535 9.81666660308838 9.58333301544189 9.91666603088379 9.80000019073486 9.80000019073486 9.86666679382324 9.96666622161865 10.1999998092651 10.3166666030884 10.4166669845581 10.8833332061768 10.7166662216187
20.0166664123535 19.9333343505859 19.966667175293 19.8999996185303 19.783332824707 12.216667175293 12.0500001907349 11.466667175293 11.8833332061768 12.1666669845581 12.0166664123535 11.8166666030884 11.3500003814697 10.9499998092651 10.5833330154419 10.1666660308838 10.1999998092651 10.8166666030884 11.2833337783813 11.3833332061768 11.5999994277954 12.1666669845581 12.4499998092651 12.4166669845581 12.4833335876465 12.1166667938232 11.3166666030884 11.0500001907349 10.5666666030884 10.8166666030884 11.1666669845581 11.2666664123535 10.9166669845581 10.5 10.0833330154419 10.2333335876465 10.2333335876465 10.1333332061768 10.4833335876465 10.3000001907349 9.68333339691162 9.68333339691162 9.66666603088379 9.96666622161865 10.3000001907349 10.6666669845581 10.6833333969116 10.9333333969116
19.5166664123535 19.6000003814697 19.533332824707 19.2333335876465 11.4166669845581 11.2333335876465 11.3000001907349 11.1499996185303 11.6000003814697 11.8166666030884 11.6166667938232 11.3500003814697 10.8833332061768 10.1333332061768 9.68333339691162 9.09999942779541 9.69999980926514 10.25 10.8000001907349 11.3000001907349 11.5999994277954 12.1333332061768 12.4833335876465 12.25 12.0833330154419 12.2833337783813 11.9833335876465 11.5166664123535 11.283332824707 11.3000001907349 11.6999998092651 11.5166664123535 10.8500003814697 10.5500001907349 10.3166666030884 10.716667175293 10.8499994277954 10.8499994277954 10.6000003814697 9.91666698455811 9.39999961853027 9.5 9.96666622161865 10.3666667938232 10.4666662216187 10.3500003814697 10.3666667938232 10.6833333969116
19.1166667938232 19.1333332061768 18.8833332061768 10.9166669845581 10.8000001907349 10.6333332061768 10.3833332061768 10.716667175293 11.1499996185303 11.3333339691162 11.3833332061768 10.8833332061768 10.3666667938232 10.0500001907349 9.26666641235352 8.89999961853027 9.48333358764648 10.1000003814697 10.5666666030884 10.9166669845581 11.4166669845581 12.0499992370605 12.0833330154419 11.9166660308838 12.0333337783813 11.8333339691162 12.3166666030884 12.0500001907349 12.0833330154419 12.0166664123535 12.0333337783813 11.75 11.1499996185303 10.7666664123535 11.0166664123535 11.0666666030884 10.8499994277954 10.5500001907349 10.1166667938232 9.61666679382324 9.51666641235352 9.73333358764648 10.1166667938232 10.3000001907349 9.86666679382324 9.76666641235352 9.85000038146973 10.283332824707
