Demos/Rbased/CrashCourse/data/climate_processing/PresentLayers/Shortia_galacifolia/bio_15.asc
NCOLS 523 
NROWS 122 
XLLCORNER -83.2916666667633 
YLLCORNER 34.9749999999364 
CELLSIZE 0.00833333333316142 
NODATA_value -9999 
[rows 52 to 77 of 122, columns 60 to 119 of 523]
-9999 -9999 -9999 -9999 -9999 -9999 -9999 -9999 -9999 -9999 -9999 -9999 -9999 -9999 -9999 -9999 -9999 -9999 -9999 -9999 -9999 -9999 -9999 -9999 -9999 -9999 -9999 -9999 -9999 -9999 -9999 -9999 -9999 -9999 11.8153772354126 11.5594911575317 11.6642370223999 11.6686067581177 11.4929676055908 11.1497182846069 9.84130001068115 9.80734920501709 10.0527935028076 10.0063524246216 10.3720102310181 10.2100524902344 10.5569896697998 9.78314304351807 9.83584880828857 10.329909324646 9.99234008789062 9.60544586181641 9.70593070983887 9.76079845428467 9.70593070983887 9.73121547698975 10.0068664550781 9.96162414550781 9.53950023651123 9.69540023803711
-9999 -9999 -9999 -9999 -9999 -9999 -9999 -9999 -9999 -9999 -9999 -9999 -9999 -9999 -9999 -9999 -9999 -9999 -9999 -9999 -9999 -9999 -9999 -9999 -9999 -9999 -9999 -9999 -9999 -9999 -9999 -9999 11.9240159988403 11.8787899017334 11.7453517913818 11.305061340332 11.5238285064697 11.5553197860718 11.4515161514282 11.1475315093994 10.7759647369385 10.9211158752441 11.0217742919922 10.8015594482422 10.5813140869141 10.9042539596558 10.9008646011353 10.6060523986816 10.6919040679932 10.6506671905518 10.4492855072021 10.576024055481 10.4320316314697 10.2276496887207 10.1933307647705 9.87750053405762 9.66324615478516 10.0704822540283 9.92333793640137 9.68607139587402
-9999 -9999 -9999 -9999 -9999 -9999 -9999 -9999 -9999 -9999 -9999 -9999 -9999 -9999 -9999 -9999 -9999 -9999 -9999 -9999 -9999 -9999 -9999 -9999 -9999 -9999 -9999 -9999 -9999 -9999 -9999 11.7752075195312 11.8897018432617 11.7772693634033 11.415581703186 10.5799627304077 11.305061340332 11.2018184661865 10.5370197296143 10.3068132400513 10.2804746627808 10.9130220413208 11.0943155288696 11.0958433151245 10.9211158752441 11.0715494155884 10.9986820220947 10.8790998458862 10.7774429321289 10.5322675704956 10.429723739624 10.4239587783813 10.3186388015747 10.2127351760864 9.87750053405762 10.0704822540283 10.0704822540283 10.0286712646484 9.97808361053467 9.62431240081787
-9999 -9999 -9999 -9999 -9999 -9999 -9999 -9999 -9999 -9999 -9999 -9999 -9999 -9999 -9999 -9999 -9999 -9999 -9999 -9999 -9999 -9999 -9999 -9999 -9999 -9999 -9999 -9999 -9999 11.8787899017334 11.8870363235474 11.7879962921143 11.5252799987793 11.3749132156372 10.3001880645752 9.92319679260254 10.5697183609009 10.3054828643799 9.65197467803955 10.0833377838135 11.079568862915 10.8236780166626 10.8494396209717 11.0731582641602 10.8488082885742 11.043848991394 10.9494886398315 10.6803483963013 10.8738613128662 10.5645046234131 10.6064758300781 10.5834760665894 10.2174835205078 9.86692428588867 9.8910083770752 10.1134014129639 10.1203651428223 10.072772026062 10.0412969589233 9.92629241943359
-9999 -9999 -9999 -9999 -9999 -9999 -9999 -9999 -9999 -9999 -9999 -9999 -9999 -9999 -9999 -9999 -9999 -9999 -9999 -9999 -9999 -9999 -9999 -9999 -9999 -9999 -9999 11.9612464904785 11.7917518615723 11.8952341079712 11.777606010437 11.632194519043 11.5078544616699 10.9276256561279 9.92974853515625 10.5130167007446 9.86044883728027 10.5370197296143 10.4651231765747 10.1219701766968 10.7749900817871 11.1932735443115 11.1241474151611 11.0226345062256 11.1769075393677 10.9494886398315 10.9494886398315 10.7774429321289 10.970495223999 10.5645046234131 10.4749794006348 10.5332651138306 10.4050168991089 10.2699708938599 9.80081176757812 9.69735240936279 9.26741695404053 9.91698551177979 10.0631942749023 9.9993724822998
-9999 -9999 -9999 -9999 -9999 -9999 -9999 -9999 -9999 -9999 -9999 -9999 -9999 -9999 -9999 -9999 -9999 -9999 -9999 -9999 -9999 -9999 -9999 -9999 -9999 -9999 11.7482509613037 11.8717803955078 11.692910194397 11.7810878753662 11.6389083862305 11.632194519043 11.4583835601807 11.2711906433105 10.4851264953613 11.0029249191284 10.3757877349854 10.4527196884155 10.9339170455933 10.7305173873901 10.6914806365967 11.136287689209 11.1932735443115 11.1769075393677 10.8500986099243 10.9970016479492 10.7538728713989 10.7329883575439 10.7774429321289 10.7329883575439 10.6847429275513 10.5288105010986 10.1522817611694 9.86718940734863 9.61770248413086 9.61770248413086 9.39351177215576 9.29536151885986 9.61136531829834 10.0617837905884
-9999 -9999 -9999 -9999 -9999 -9999 -9999 -9999 -9999 -9999 -9999 -9999 -9999 -9999 -9999 -9999 -9999 -9999 -9999 -9999 -9999 -9999 -9999 -9999 11.7918767929077 11.8758420944214 11.7682580947876 11.9458017349243 11.9458017349243 11.6106786727905 11.632194519043 11.4923524856567 11.5704078674316 11.0918006896973 10.64146900177 11.2463912963867 10.3092937469482 10.3284749984741 10.846489906311 10.64146900177 10.8049077987671 11.043848991394 10.9009857177734 11.0108871459961 10.8523073196411 10.8523073196411 10.7953548431396 10.657735824585 10.657735824585 10.6569271087646 10.7250957489014 10.4988803863525 9.9795503616333 9.09458637237549 9.01623916625977 9.09148597717285 9.11167430877686 9.07356071472168 9.64797115325928 9.97527408599854
-9999 -9999 -9999 -9999 -9999 -9999 -9999 -9999 -9999 -9999 -9999 -9999 -9999 -9999 -9999 -9999 -9999 -9999 -9999 -9999 -9999 -9999 -9999 11.5451097488403 11.9145183563232 11.7631769180298 11.6184968948364 11.6667575836182 11.2658948898315 11.3726234436035 11.5254888534546 11.2658948898315 11.4783763885498 11.0097770690918 10.8969736099243 11.1523637771606 10.7152318954468 10.9696741104126 11.0614557266235 10.7096405029297 11.0475187301636 10.9848442077637 11.1090717315674 11.0879487991333 10.9293184280396 10.9445514678955 10.7529373168945 10.6564979553223 10.2982215881348 10.5263156890869 10.4216146469116 10.2687721252441 9.86681365966797 9.19660377502441 9.12254905700684 9.09148597717285 9.23830604553223 9.38606262207031 9.26992130279541 9.81429195404053
-9999 -9999 -9999 -9999 -9999 -9999 -9999 -9999 -9999 -9999 -9999 -9999 -9999 -9999 -9999 -9999 -9999 -9999 -9999 -9999 -9999 11.5648107528687 11.3324298858643 11.4223222732544 11.5418462753296 11.9235868453979 11.6389083862305 11.7841701507568 11.6106786727905 11.6236972808838 11.5704078674316 11.4825401306152 11.5254888534546 10.5349388122559 10.833607673645 11.291784286499 11.1205406188965 11.3946008682251 10.9870538711548 11.1205406188965 11.1022653579712 11.1085691452026 11.033278465271 10.9514465332031 10.8513984680176 10.8784217834473 10.8018159866333 10.7913913726807 10.2979440689087 9.85352230072021 9.41292667388916 9.44914817810059 9.59556007385254 9.52035808563232 9.25172424316406 9.44914817810059 9.6334981918335 9.42719841003418 9.54966163635254 9.82583999633789
-9999 -9999 -9999 -9999 -9999 -9999 -9999 -9999 -9999 -9999 -9999 -9999 -9999 -9999 -9999 -9999 -9999 -9999 -9999 11.3026323318481 10.9454936981201 10.5618677139282 10.6534442901611 11.3179292678833 11.5227632522583 11.6294898986816 11.6294898986816 11.6184968948364 11.6389083862305 11.7103910446167 11.7103910446167 11.4335508346558 11.4783763885498 10.6038208007812 10.9219589233398 11.1679248809814 11.4187698364258 11.2931127548218 11.1287059783936 10.914909362793 10.914909362793 11.1085691452026 11.0318326950073 10.9376430511475 10.5849885940552 10.5176162719727 10.5636968612671 10.5488815307617 10.4968719482422 9.65902042388916 9.10497760772705 9.36686611175537 9.63568019866943 9.85113143920898 9.68116283416748 9.40202331542969 9.65354347229004 9.79842185974121 9.85632514953613 10.0926971435547
-9999 -9999 -9999 -9999 -9999 -9999 -9999 -9999 -9999 -9999 -9999 -9999 -9999 -9999 -9999 -9999 -9999 -9999 10.7964763641357 10.2895584106445 10.1636228561401 10.7368631362915 10.9495496749878 10.3478841781616 11.0473136901855 11.5214757919312 11.4507551193237 11.6152153015137 11.4788808822632 11.7103910446167 11.5222692489624 11.3452606201172 11.415581703186 11.2858123779297 10.968544960022 11.1679248809814 11.3329162597656 11.1974077224731 11.2069578170776 10.9917659759521 11.2492170333862 10.9970016479492 10.9172391891479 10.4379281997681 10.3586225509644 9.87292957305908 9.91049194335938 9.72467041015625 9.53451919555664 9.68421173095703 9.16599082946777 9.23432731628418 9.3076639175415 9.37370586395264 9.80593490600586 10.040283203125 9.71636962890625 9.82262706756592 10.0223073959351 10.1424760818481
-9999 -9999 -9999 -9999 -9999 -9999 -9999 -9999 -9999 -9999 -9999 -9999 -9999 -9999 -9999 -9999 10.0713500976562 10.2775373458862 9.7126350402832 10.1275587081909 10.7596168518066 10.8701133728027 11.3164091110229 11.0826244354248 11.2853555679321 11.2392234802246 11.3346338272095 11.5112962722778 11.4946708679199 11.4235610961914 11.4155187606812 11.415581703186 11.2590808868408 11.2858123779297 11.122745513916 11.0432186126709 11.2858123779297 11.2069578170776 11.2069578170776 11.0416259765625 10.9383316040039 10.1522817611694 9.92295169830322 10.4302434921265 10.5570201873779 10.4889678955078 10.2943687438965 9.53247547149658 9.01096630096436 8.79752254486084 8.84677314758301 8.83537197113037 8.80521774291992 8.96558284759521 9.1842041015625 9.36058235168457 9.93166542053223 10.2372932434082 10.2008790969849 10.0673599243164
-9999 -9999 -9999 -9999 -9999 -9999 -9999 -9999 -9999 -9999 -9999 -9999 -9999 -9999 -9999 9.20111274719238 9.26812076568604 9.08719635009766 9.63836288452148 10.6916513442993 10.8533630371094 11.0008888244629 11.1004447937012 11.2853555679321 11.1565351486206 11.5215749740601 11.5451097488403 11.4336948394775 11.4946708679199 11.4946708679199 11.415581703186 11.4102554321289 11.0735836029053 11.2975292205811 11.2646884918213 11.2858123779297 11.0998268127441 11.1428518295288 11.2537250518799 10.5495929718018 10.3474912643433 10.6425409317017 10.6483926773071 10.8714447021484 10.6709232330322 10.1060705184937 9.82893848419189 9.84130001068115 9.35068607330322 8.90448951721191 8.97351741790771 8.96558284759521 9.0449161529541 9.2150354385376 9.34966087341309 9.403639793396 9.76984977722168 9.85770130157471 10.0778636932373 9.9061861038208
-9999 -9999 -9999 -9999 -9999 -9999 -9999 -9999 -9999 -9999 -9999 -9999 -9999 9.37676429748535 9.65375423431396 9.47986125946045 9.65730857849121 9.09122467041016 9.09212779998779 9.98443412780762 9.9788932800293 10.1723537445068 10.7460689544678 10.9279870986938 10.5102529525757 10.8315057754517 11.4763641357422 11.4463567733765 11.49072265625 11.4292297363281 11.4250545501709 11.1747121810913 11.2520170211792 11.204197883606 11.0157642364502 11.2646884918213 11.0125026702881 11.1428518295288 10.6425409317017 10.1929016113281 10.7351293563843 10.9547929763794 10.8410701751709 10.6303806304932 10.1731119155884 10.3942918777466 9.82893848419189 9.3886547088623 9.32606983184814 9.16353511810303 9.49358177185059 9.30997467041016 9.09661960601807 9.47825527191162 9.66025352478027 9.53712844848633 9.70882034301758 9.96824073791504 10.0298929214478 10.054310798645
-9999 -9999 -9999 -9999 -9999 -9999 -9999 -9999 -9999 -9999 -9999 9.432053565979 9.84169769287109 9.43789005279541 9.51744270324707 10.0529851913452 9.86640071868896 9.51854228973389 9.40989875793457 9.60243225097656 9.27383899688721 9.73869705200195 10.6449241638184 10.3578805923462 9.85582447052002 11.1700630187988 11.306697845459 11.3148975372314 11.3590135574341 11.5389432907104 11.5516004562378 11.2249450683594 11.278244972229 11.197732925415 11.2975292205811 11.0929946899414 11.0256586074829 11.2308807373047 11.0681943893433 10.9517297744751 10.9076519012451 10.8410701751709 10.8410701751709 10.7222280502319 9.86455631256104 9.27092552185059 9.07836627960205 9.05532073974609 9.16353511810303 9.23315620422363 9.70051193237305 9.76818943023682 9.50646591186523 9.72727203369141 9.96030426025391 9.92510986328125 9.90599918365479 9.76710987091064 10.0298929214478 9.91453266143799
-9999 -9999 -9999 -9999 -9999 -9999 -9999 -9999 -9999 -9999 9.03425598144531 9.58086681365967 9.70182609558105 9.70182609558105 9.85368061065674 9.73514461517334 10.1196060180664 9.6189603805542 9.75549793243408 9.67326736450195 9.71369171142578 10.0735301971436 10.4750967025757 10.4251623153687 10.3578805923462 11.0696582794189 11.1659317016602 11.1267013549805 11.3410224914551 11.3410224914551 11.1975612640381 11.278244972229 11.278244972229 11.2545328140259 11.2469959259033 11.2308807373047 10.9549169540405 11.0803050994873 10.9517297744751 11.0471038818359 10.822883605957 10.6972427368164 10.3912754058838 10.2108249664307 10.0949268341064 9.3749361038208 9.32845687866211 9.16532707214355 9.32845687866211 9.77612018585205 9.82533740997314 10.2990102767944 10.099814414978 10.0669088363647 10.0669088363647 9.91882610321045 9.91882610321045 10.0050258636475 10.0263261795044 9.9665412902832
-9999 -9999 -9999 -9999 -9999 -9999 -9999 -9999 8.95829391479492 9.27753257751465 9.38325500488281 9.48306560516357 9.48306560516357 9.90923595428467 9.72103881835938 9.99967479705811 10.1811418533325 9.93017482757568 9.78290843963623 10.0178775787354 9.92395305633545 10.1604890823364 10.0006952285767 10.6900968551636 10.8314914703369 10.9008646011353 11.1025924682617 11.1399450302124 11.3447351455688 11.1702079772949 11.0806179046631 11.2335262298584 11.1590747833252 11.0391693115234 11.0135135650635 11.028130531311 10.8866424560547 10.7458791732788 10.869158744812 10.6273574829102 10.6235847473145 10.3286476135254 9.3749361038208 9.19272232055664 9.84168815612793 10.0318756103516 10.0768451690674 9.47366523742676 9.43267440795898 9.7360782623291 10.1047773361206 10.1929006576538 10.0325632095337 10.0386142730713 10.1294651031494 10.0098791122437 9.83448600769043 9.98915100097656 9.8560676574707 9.94226360321045
-9999 -9999 -9999 -9999 -9999 -9999 8.50707244873047 8.55890846252441 8.70565891265869 8.77620983123779 8.81234741210938 8.98943138122559 9.22260093688965 9.24073314666748 9.24073314666748 10.0198945999146 10.1297779083252 10.2206020355225 9.6321268081665 10.4497938156128 10.1005048751831 10.17591381073 10.4039831161499 10.6536149978638 10.2423028945923 10.8121433258057 10.8033905029297 11.0124702453613 11.0689668655396 11.0331687927246 10.9394760131836 10.9394760131836 10.9945039749146 10.9840393066406 10.8940982818604 11.0362033843994 10.9697790145874 10.4788036346436 10.2454061508179 9.50955772399902 9.3926362991333 9.28924751281738 9.22743892669678 9.35726261138916 9.53501510620117 10.1188459396362 10.0173025131226 10.1125135421753 10.0790996551514 10.0944566726685 10.2758512496948 10.0386142730713 10.1640186309814 9.92713165283203 9.94644737243652 9.88566398620605 10.2524652481079 9.8676929473877 9.51961708068848 9.79159736633301
-9999 -9999 -9999 -9999 -9999 8.4809398651123 8.45812702178955 8.5175085067749 8.51638889312744 8.52660179138184 8.55788803100586 8.67236328125 8.65760135650635 8.79841899871826 9.34259033203125 9.79235553741455 9.75671863555908 10.13733959198 10.2618770599365 10.3498592376709 10.2308759689331 9.83603954315186 10.1551961898804 10.5436210632324 10.5626707077026 10.7422761917114 10.9530324935913 10.9616994857788 10.9301319122314 10.9220190048218 10.9211158752441 10.8410701751709 10.7941751480103 10.8856019973755 10.7468338012695 10.754674911499 10.8139991760254 10.3679580688477 10.4034385681152 9.53523921966553 9.25264453887939 9.42704391479492 9.07864475250244 9.07864475250244 9.75500583648682 10.2084913253784 10.2383337020874 10.2057027816772 10.4002447128296 10.3672580718994 10.2376174926758 10.1871395111084 10.1176748275757 9.91567420959473 9.85797119140625 10.0165033340454 9.88130378723145 9.88392734527588 9.5434045791626 9.57329559326172
-9999 -9999 -9999 8.42645835876465 8.48241519927979 8.5916633605957 8.45065975189209 8.44195461273193 8.54975605010986 8.66798782348633 8.72025966644287 8.69004917144775 8.50892066955566 8.6521053314209 8.77250099182129 8.98636245727539 9.20448684692383 9.67957973480225 9.77286434173584 10.0659694671631 10.3210763931274 10.3210763931274 10.3644876480103 10.5891799926758 10.5634641647339 10.6627988815308 10.6032953262329 10.7652444839478 10.8570556640625 10.9219589233398 10.8838310241699 10.8838310241699 10.8838310241699 10.8653106689453 10.7505121231079 10.6667194366455 10.7705268859863 10.6667194366455 10.3382034301758 9.84529972076416 9.47404289245605 9.93031311035156 9.80297756195068 10.0446119308472 9.8229923248291 9.87755680084229 10.3702726364136 10.2272748947144 10.2272748947144 10.2825593948364 10.1871395111084 10.0258760452271 10.0108709335327 9.8920841217041 10.0295963287354 10.0295963287354 9.80837154388428 9.52604866027832 9.5434045791626 9.34966087341309
-9999 8.42559051513672 8.56089305877686 8.54498195648193 8.52485847473145 8.65089225769043 8.65089225769043 8.62440013885498 8.71600341796875 8.58499431610107 8.74901485443115 8.77312660217285 8.87031936645508 8.74403476715088 8.59108448028564 8.98636245727539 9.44456100463867 9.24309730529785 9.59462356567383 9.81603145599365 10.1451597213745 10.2700262069702 10.2076416015625 10.1410121917725 10.2613945007324 10.4448671340942 10.6201877593994 10.5569944381714 10.6881303787231 10.6876192092896 10.6665658950806 10.7508144378662 10.7430744171143 10.7874383926392 10.7527170181274 10.6557941436768 10.6628932952881 10.6412162780762 10.3824787139893 10.424861907959 10.3231639862061 10.2243356704712 9.70001888275146 10.3667783737183 10.3513565063477 10.4401321411133 10.3617916107178 10.4368181228638 10.3936710357666 10.3374586105347 10.1944856643677 10.057936668396 10.1137342453003 9.9633960723877 9.84677982330322 10.0010290145874 9.57538604736328 9.24848747253418 9.32322311401367 9.31103706359863
8.39593315124512 8.49702262878418 8.54498195648193 8.47445297241211 8.79820156097412 8.69959354400635 8.69959354400635 8.46804523468018 8.45713710784912 8.55822563171387 8.52941989898682 8.60148048400879 8.7085485458374 8.98101425170898 8.72179508209229 9.02350330352783 9.36575889587402 9.65252590179443 9.68287086486816 9.72814083099365 9.97872257232666 10.0790996551514 9.89743328094482 10.1423482894897 10.1732501983643 10.4178342819214 10.3642253875732 10.3572225570679 10.4636764526367 10.4738483428955 10.4992637634277 10.5472717285156 10.5547752380371 10.5014781951904 10.6583948135376 10.5768785476685 10.6732664108276 10.5416469573975 10.5134544372559 10.536337852478 10.2504692077637 10.1759099960327 10.3935918807983 10.2094736099243 10.4423303604126 10.3702726364136 10.2759580612183 10.2841596603394 10.1915740966797 10.1915740966797 10.0207672119141 9.97209358215332 10.099814414978 9.91882610321045 9.94821739196777 9.73274612426758 9.4697904586792 9.22359657287598 9.24260902404785 9.16861820220947
8.39389419555664 8.5735387802124 8.61829853057861 8.58458042144775 8.67477321624756 8.66770935058594 8.56262016296387 8.3964958190918 8.26793098449707 8.38630867004395 8.35363578796387 8.33752346038818 8.58065891265869 9.09371662139893 9.23428916931152 9.11860656738281 8.84455299377441 9.4701566696167 9.80965042114258 9.91151428222656 9.6779203414917 9.61652183532715 9.73945808410645 10.0272989273071 10.1551561355591 10.1579074859619 10.3111324310303 10.4972772598267 10.4251623153687 10.4010543823242 10.4010543823242 10.5241594314575 10.3144617080688 10.2693519592285 10.3578805923462 10.5955505371094 10.381947517395 10.5415258407593 10.5176086425781 10.4456377029419 10.3220243453979 10.3189964294434 10.2813844680786 10.3801527023315 10.5808362960815 10.2813844680786 10.1879415512085 10.1048984527588 9.8620777130127 10.0011749267578 10.1888799667358 9.94159698486328 9.92641258239746 9.7846508026123 9.84502220153809 9.74745464324951 9.28940963745117 9.23840618133545 9.29959678649902 9.11637401580811
8.48720359802246 8.61600780487061 8.69010925292969 8.58399295806885 8.58399295806885 8.45725345611572 8.46804523468018 8.40143203735352 8.30034160614014 8.29317665100098 8.39651870727539 8.3524055480957 8.58493900299072 8.74005889892578 8.95084190368652 9.29145526885986 9.02784442901611 9.14484405517578 9.59851169586182 8.96317768096924 8.52393245697021 9.2124605178833 9.96647071838379 9.93368816375732 10.0689134597778 10.0774021148682 10.1979684829712 10.2227506637573 10.3354187011719 10.3023366928101 10.4119110107422 10.4119110107422 10.1929016113281 10.3497447967529 10.2277145385742 10.2406349182129 10.3890380859375 10.362021446228 10.3469142913818 10.4891223907471 10.3036937713623 10.3054828643799 10.3732004165649 10.2986307144165 10.369815826416 10.2004461288452 10.1169881820679 10.0263547897339 9.99595165252686 10.1046113967896 10.0373258590698 9.98818111419678 9.93006992340088 9.92156028747559 9.91315650939941 9.55288410186768 9.41611671447754 9.41840744018555 9.25394248962402 9.46150779724121
8.45233058929443 8.61743545532227 8.61999225616455 8.31362247467041 8.30388736724854 8.39718437194824 8.52911281585693 8.37770652770996 8.29317665100098 8.43704700469971 8.41755294799805 8.26613235473633 8.51802635192871 8.59602355957031 8.83963203430176 8.9129581451416 9.13468456268311 9.36974716186523 9.29299068450928 8.8486499786377 9.39746379852295 9.63463497161865 9.87220096588135 9.78951454162598 9.91284084320068 9.91124629974365 9.99687194824219 9.98049926757812 10.0139694213867 10.1676368713379 10.0923843383789 10.1202592849731 9.97728824615479 10.0649166107178 10.1423482894897 10.2268896102905 9.53837108612061 10.3009328842163 10.5018672943115 10.2758169174194 10.3254022598267 10.3436889648438 10.2937746047974 10.2674226760864 10.2818737030029 10.3641290664673 10.0454607009888 10.0700378417969 10.0700378417969 10.0050888061523 9.92360305786133 9.90448093414307 9.64831733703613 9.87374305725098 9.88471221923828 9.58143043518066 9.06197834014893 9.38468933105469 9.49771499633789 9.33737373352051
8.51503467559814 8.49726963043213 8.44143104553223 8.35177135467529 8.20417022705078 8.26122760772705 8.32830619812012 8.41733264923096 8.37198925018311 8.26458168029785 8.53227043151855 8.66813659667969 8.5628080368042 8.49572849273682 8.84202098846436 8.9672737121582 8.87385368347168 8.63731670379639 8.71565628051758 9.33416557312012 9.71481990814209 9.74645614624023 9.70805072784424 9.67919731140137 9.85817241668701 9.8185453414917 9.94733619689941 10.007908821106 10.0532646179199 10.0815315246582 10.0265741348267 9.86490631103516 9.52766895294189 9.19762802124023 9.847580909729 10.1286354064941 10.0457639694214 10.2139291763306 10.3791160583496 10.3727884292603 10.395712852478 10.3854827880859 10.2253761291504 10.1361675262451 10.0114850997925 10.0114850997925 10.1790781021118 10.0798921585083 10.0050888061523 9.75980567932129 9.79699420928955 9.79921054840088 9.76328563690186 9.85838794708252 9.73603248596191 9.38086891174316 9.30480766296387 9.38086891174316 9.37943077087402 9.11832523345947
