Demos/Rbased/CrashCourse/data/climate_processing/PresentLayers/Shortia_galacifolia/bio_8.asc
NCOLS 523 
NROWS 122 
XLLCORNER -83.2916666667633 
YLLCORNER 34.9749999999364 
CELLSIZE 0.00833333333316142 
NODATA_value -9999 
[rows 54 to 80 of 122, columns 183 to 243 of 523]
13.7666664123535 13.8000001907349 21.5833339691162 13.7666664123535 13.8166666030884 13.8000001907349 21.4500007629395 21.5833339691162 21.4500007629395 21.2999992370605 21.4500007629395 13.533332824707 21.2333335876465 21.5 21.4500007629395 21.5833339691162 21.5666675567627 21.6166667938232 21.716667175293 21.6666660308838 21.716667175293 21.6833343505859 21.6333332061768 21.6333332061768 21.716667175293 21.8333320617676 21.966667175293 22.033332824707 21.9833335876465 21.9833335876465 21.9833335876465 22.0166664123535 22.033332824707 21.9833335876465 21.9833335876465 22.0666675567627 22.1000003814697 22.1666660308838 22.1666660308838 22.1666660308838 22.1000003814697 22.1166667938232 22.1833343505859 22.2000007629395 22.2666664123535 22.216667175293 22.216667175293 22.216667175293 22.283332824707 22.3166656494141 22.3333339691162 22.3333339691162 22.3500003814697 22.3999996185303 22.466667175293 22.3999996185303 22.3999996185303 22.5 22.4500007629395 22.3500003814697 22.3999996185303
21.5666656494141 21.6833324432373 21.75 21.6666660308838 21.7333335876465 21.6666660308838 21.6000003814697 21.716667175293 21.6666660308838 21.6166667938232 21.5 21.3500003814697 21.533332824707 21.6666660308838 21.6166667938232 21.6666660308838 21.716667175293 21.783332824707 21.7333335876465 21.8166656494141 21.8333339691162 21.7666664123535 21.7666664123535 21.6666660308838 21.6833324432373 21.7666664123535 21.9166660308838 22.0666675567627 22.0500011444092 22.0666675567627 22.0166664123535 22.0666675567627 22.033332824707 22.033332824707 21.9833335876465 22.0666675567627 22.0833339691162 22.1666660308838 22.216667175293 22.1833343505859 22.1166667938232 22.1833343505859 22.2000007629395 22.2000007629395 22.2333335876465 22.2999992370605 22.216667175293 22.2666664123535 22.3166656494141 22.3166656494141 22.3833332061768 22.3500003814697 22.3500003814697 22.4333343505859 22.4833335876465 22.5 22.5 22.5 22.5 22.4500007629395 22.3999996185303
14.033332824707 21.7999992370605 21.7666664123535 21.8333339691162 21.8166675567627 21.8500003814697 21.7666664123535 21.783332824707 21.7333335876465 21.6166667938232 21.7333335876465 21.716667175293 21.716667175293 21.75 21.7666664123535 21.716667175293 21.8666667938232 21.8833332061768 21.8166656494141 21.8666667938232 21.9166660308838 21.8999996185303 21.9333343505859 21.8833332061768 21.8999996185303 21.8999996185303 21.966667175293 22.1000003814697 22.1499996185303 22.1333332061768 22.0833339691162 22.1166667938232 22.1333332061768 22.0666675567627 22.0833339691162 22.0833339691162 22.0833339691162 22.1666660308838 22.1666660308838 22.2666664123535 22.1666660308838 22.1499996185303 22.25 22.216667175293 22.2333335876465 22.3166656494141 22.2999992370605 22.25 22.283332824707 22.3500003814697 22.3500003814697 22.4166660308838 22.3833332061768 22.3500003814697 22.4333343505859 22.4500007629395 22.5 22.533332824707 22.5166664123535 22.4500007629395 22.4333343505859
21.8166675567627 21.75 21.6833324432373 21.6333332061768 21.75 21.783332824707 21.8999996185303 21.9333324432373 21.7999992370605 21.7333335876465 21.8166675567627 21.8500003814697 21.783332824707 21.7999992370605 21.9166660308838 21.9500007629395 21.8833332061768 21.8333339691162 21.8999996185303 21.9333343505859 22.0166664123535 22.033332824707 22.033332824707 21.966667175293 22.0499992370605 22.0666675567627 22.0666675567627 22.1166667938232 22.1666660308838 22.1000003814697 22.1000003814697 22.1833324432373 22.1333332061768 22.1166667938232 22.1333332061768 22.1666660308838 22.1000003814697 22.1666660308838 22.1833343505859 22.2666664123535 22.2666664123535 22.2666664123535 22.2666664123535 22.25 22.2333335876465 22.3166656494141 22.3500003814697 22.3166656494141 22.283332824707 22.3500003814697 22.4166660308838 22.4833335876465 22.4833335876465 22.4333343505859 22.4166660308838 22.4500007629395 22.4500007629395 22.5499992370605 22.5833339691162 22.5166664123535 22.466667175293
21.7000007629395 13.8833332061768 13.6499996185303 13.6166667938232 21.6833343505859 21.783332824707 21.8500003814697 21.9333324432373 21.9166660308838 21.8999996185303 21.8999996185303 21.8666667938232 21.8666667938232 21.9166660308838 22.033332824707 21.966667175293 21.9166660308838 21.9166660308838 21.9500007629395 21.9833335876465 22.0499992370605 22.1166667938232 22.033332824707 21.9833335876465 22.0500011444092 22.1333332061768 22.1833324432373 22.1666660308838 22.1000003814697 22.0833339691162 22.1333332061768 22.2000007629395 22.216667175293 22.1666660308838 22.1666660308838 22.1666660308838 22.1666660308838 22.1499996185303 22.2000007629395 22.25 22.25 22.216667175293 22.2666664123535 22.2999992370605 22.25 22.3166656494141 22.3333339691162 22.3833332061768 22.4166660308838 22.4333343505859 22.4500007629395 22.4500007629395 22.5166664123535 22.5166664123535 22.4500007629395 22.5166664123535 22.466667175293 22.5166664123535 22.5833339691162 22.5666656494141 22.5166664123535
21.5499992370605 13.8833332061768 21.7333335876465 21.716667175293 13.8666667938232 13.8666667938232 21.8333339691162 21.9166660308838 21.9500007629395 22 22.0166664123535 22.0166664123535 21.966667175293 22.033332824707 22.0499992370605 21.9333343505859 21.9833335876465 22.0166664123535 22.0166664123535 22.033332824707 22.1166667938232 22.1666660308838 22.1499996185303 22.1166667938232 22.0666675567627 22.1333332061768 22.2000007629395 22.216667175293 22.1166667938232 22.1000003814697 22.1833324432373 22.216667175293 22.2666664123535 22.216667175293 22.216667175293 22.25 22.2333335876465 22.1666660308838 22.1833343505859 22.216667175293 22.216667175293 22.216667175293 22.216667175293 22.3500003814697 22.283332824707 22.3166656494141 22.3333339691162 22.3500003814697 22.3166656494141 22.4166660308838 22.4500007629395 22.5 22.533332824707 22.533332824707 22.5666656494141 22.5499992370605 22.5499992370605 22.5499992370605 22.6166667938232 22.5833339691162 22.6000003814697
21.7333335876465 21.783332824707 21.7999992370605 21.8666667938232 21.783332824707 21.4500007629395 21.6166667938232 21.783332824707 21.8666667938232 21.9333324432373 22.0833339691162 21.966667175293 21.966667175293 22.0499992370605 21.9833335876465 21.9333343505859 21.9833335876465 22.0166664123535 22.1000003814697 22.1166667938232 22.1166667938232 22.1833343505859 22.216667175293 22.216667175293 22.2000007629395 22.216667175293 22.2333335876465 22.1833324432373 22.1666660308838 22.1333332061768 22.1999988555908 22.25 22.216667175293 22.216667175293 22.283332824707 22.2999992370605 22.2666664123535 22.2333335876465 22.216667175293 22.25 22.2666664123535 22.25 22.2333335876465 22.2999992370605 22.3333339691162 22.283332824707 22.25 22.283332824707 22.283332824707 22.3666667938232 22.4333343505859 22.4500007629395 22.4500007629395 22.4500007629395 22.4833335876465 6.46666669845581 22.5499992370605 22.6166667938232 6.58333349227905 6.56666660308838 6.59999990463257
21.8166675567627 21.8833332061768 21.8999996185303 21.9166660308838 21.8500003814697 21.75 21.7333335876465 21.8833332061768 21.9166660308838 21.966667175293 22.1000003814697 22.033332824707 22.0833339691162 22.0499992370605 21.9833335876465 22 22.0166664123535 22.0499992370605 22.1166667938232 22.1666660308838 22.1499996185303 22.216667175293 22.283332824707 22.2666664123535 22.2333335876465 22.2999992370605 22.2000007629395 22.1833324432373 22.1833324432373 22.1666660308838 22.2333335876465 22.2666664123535 22.3333339691162 22.3166656494141 22.3166656494141 22.2666664123535 22.2666664123535 22.2666664123535 22.216667175293 22.2666664123535 22.2999992370605 22.3166656494141 22.3166656494141 22.2666664123535 22.3333339691162 22.2666664123535 22.25 22.283332824707 22.2999992370605 22.283332824707 22.3500003814697 22.3833332061768 22.3999996185303 22.4166660308838 22.4833335876465 6.53333330154419 22.5666656494141 22.5666656494141 6.61666679382324 6.63333368301392 6.65000009536743
13.7333335876465 21.7000007629395 21.9333324432373 21.9166660308838 21.9333324432373 21.9333324432373 22.0166664123535 22.0166664123535 22.0166664123535 22.0666656494141 22.1000003814697 22.1166667938232 22.1166667938232 22 22.0666656494141 22.0666656494141 22.1000003814697 22.1000003814697 22.1166667938232 22.2000007629395 22.1833343505859 22.1833324432373 22.216667175293 22.283332824707 22.2999992370605 22.2999992370605 22.2333335876465 22.1833324432373 22.1666660308838 22.216667175293 22.25 22.216667175293 22.3166656494141 22.3500003814697 22.2999992370605 22.2666664123535 22.3166656494141 22.2999992370605 22.25 22.216667175293 22.283332824707 22.2999992370605 22.3166656494141 22.3666667938232 22.3666667938232 22.3166656494141 22.25 22.283332824707 22.3666667938232 22.3666667938232 6.43333339691162 6.43333339691162 22.3999996185303 22.466667175293 6.48333311080933 6.55000019073486 6.5 6.56666660308838 6.65000009536743 6.66666698455811 6.63333368301392
13.5500001907349 13.8166666030884 21.7333335876465 21.7666664123535 21.8833332061768 22.0166664123535 22 22.0166664123535 22.0166664123535 22.033332824707 22.1000003814697 22.0666656494141 22.1333332061768 22.1166667938232 22.1833343505859 22.1333332061768 22.1333332061768 22.2000007629395 22.1833343505859 22.216667175293 22.2999992370605 22.283332824707 22.1833324432373 22.25 22.3166656494141 22.216667175293 22.1666660308838 22.1499996185303 22.1999988555908 22.2333335876465 22.25 22.216667175293 22.3333339691162 22.3166656494141 22.2666664123535 22.2666664123535 22.3500003814697 22.3666667938232 22.283332824707 22.2333335876465 22.2333335876465 22.2333335876465 22.2666664123535 22.3166656494141 22.3999996185303 22.3333339691162 22.283332824707 22.25 22.283332824707 22.3500003814697 6.43333339691162 22.466667175293 22.4333324432373 22.4166660308838 22.4833335876465 6.5 6.51666641235352 6.59999990463257 6.63333368301392 6.70000028610229 6.73333358764648
13.5666666030884 13.6833333969116 21.6000003814697 21.7333335876465 21.783332824707 21.8833332061768 21.966667175293 22.0166664123535 21.966667175293 21.966667175293 22.0166664123535 22 22.1166667938232 22.1499996185303 22.25 22.25 22.2000007629395 22.216667175293 22.2666664123535 22.2666664123535 22.2999992370605 22.3333339691162 22.3166656494141 22.3166656494141 22.3166656494141 22.25 22.1833324432373 22.1833324432373 22.283332824707 22.283332824707 22.2666664123535 22.25 22.3333339691162 22.3500003814697 22.2999992370605 22.3333339691162 22.3666667938232 22.3833332061768 22.3166656494141 22.3166656494141 22.283332824707 22.2666664123535 22.2999992370605 22.3500003814697 22.4166679382324 22.4166679382324 6.43333339691162 22.3333339691162 22.2999992370605 22.3833332061768 6.44999980926514 22.466667175293 22.4833335876465 22.466667175293 22.4500007629395 22.4500007629395 6.56666660308838 6.59999990463257 6.63333320617676 6.71666669845581 6.73333358764648
13.9166669845581 13.8666667938232 21.6333332061768 6.08333349227905 21.7333335876465 21.8666667938232 21.966667175293 21.966667175293 21.966667175293 22 22.0666656494141 22.1499996185303 22.1666679382324 22.25 22.283332824707 22.2999992370605 22.3333339691162 22.3166656494141 22.3500003814697 22.3666667938232 22.3999996185303 22.3999996185303 22.3999996185303 22.3999996185303 22.3666667938232 22.3333339691162 22.2666664123535 22.283332824707 22.3166675567627 22.283332824707 22.25 22.283332824707 22.3333339691162 22.4333343505859 22.3666667938232 22.3500003814697 22.3999996185303 22.4333343505859 22.3666667938232 22.3666667938232 22.3166656494141 22.3166656494141 22.3166656494141 22.3500003814697 6.46666669845581 6.48333358764648 6.48333358764648 6.43333339691162 22.3500003814697 6.44999980926514 6.48333311080933 22.5 6.55000019073486 6.5 6.51666641235352 6.51666641235352 6.56666660308838 6.58333349227905 6.63333320617676 6.71666669845581 6.73333358764648
21.7333335876465 21.8333339691162 21.7666664123535 6.28333330154419 6.26666641235352 21.8166656494141 21.8500003814697 21.966667175293 22.0666656494141 22.0666656494141 22.1499996185303 22.25 22.25 22.2999992370605 22.25 22.2000007629395 22.2333335876465 22.283332824707 22.2999992370605 22.2999992370605 22.3999996185303 22.4166660308838 22.3999996185303 22.3999996185303 22.3999996185303 22.3666667938232 22.3666667938232 22.3500003814697 22.3333339691162 22.3166656494141 22.2999992370605 22.2999992370605 22.3333339691162 22.4166660308838 22.4166660308838 22.3999996185303 22.3999996185303 22.466667175293 22.3833332061768 22.4166679382324 22.3500003814697 6.40000009536743 22.3833332061768 22.3833332061768 22.4166660308838 22.4166660308838 6.53333330154419 6.46666669845581 6.46666669845581 6.44999980926514 6.5 6.56666660308838 6.56666660308838 6.54999971389771 6.58333349227905 6.58333349227905 6.59999990463257 -9999 -9999 -9999 -9999
6.20000028610229 21.8166656494141 21.8666667938232 21.9333343505859 21.9333343505859 6.23333358764648 21.8833332061768 22.033332824707 22.0666656494141 6.34999990463257 22.25 22.1833343505859 22.25 22.2000007629395 22.2000007629395 22.1666660308838 22.25 22.2999992370605 22.3166656494141 22.3500003814697 22.3666667938232 22.3666667938232 22.25 22.3666667938232 22.4500007629395 22.4333343505859 22.4333343505859 22.3333339691162 22.2999992370605 22.2999992370605 22.2999992370605 22.2999992370605 22.3166656494141 22.3666667938232 22.4166660308838 22.466667175293 22.4500007629395 22.466667175293 22.466667175293 6.44999980926514 6.44999980926514 22.3666667938232 22.3833332061768 6.5 6.51666688919067 6.51666688919067 6.56666660308838 6.56666660308838 6.55000019073486 6.5 6.51666641235352 6.53333330154419 6.58333349227905 -9999 -9999 -9999 -9999 -9999 -9999 -9999 -9999
6.15000009536743 6.15000009536743 6.16666650772095 21.7999992370605 6.26666688919067 21.9833335876465 22.033332824707 22.0499992370605 22.1666679382324 6.34999990463257 22.2000007629395 22.1333332061768 22.2000007629395 22.216667175293 22.1833324432373 22.2000007629395 22.25 22.2333335876465 22.283332824707 22.3166656494141 22.3166656494141 22.3666667938232 22.3500003814697 22.3999996185303 22.466667175293 22.4500007629395 22.3999996185303 22.3500003814697 22.3500003814697 22.3500003814697 22.3500003814697 22.3333339691162 22.3333339691162 22.3500003814697 22.4166660308838 22.5166664123535 22.4833335876465 22.4833335876465 22.466667175293 6.46666669845581 6.44999980926514 22.3999996185303 6.51666688919067 6.53333330154419 6.53333330154419 6.53333330154419 6.56666660308838 6.59999990463257 -9999 -9999 -9999 -9999 -9999 -9999 -9999 -9999 -9999 -9999 -9999 -9999 -9999
6.13333320617676 6.21666669845581 6.23333358764648 6.20000028610229 6.26666688919067 21.966667175293 6.30000019073486 6.33333301544189 6.30000019073486 22.1166667938232 22.1499996185303 22.2000007629395 22.216667175293 22.216667175293 22.2000007629395 22.2333335876465 6.31666660308838 22.283332824707 22.3500003814697 22.3666667938232 22.3666667938232 22.3666667938232 22.4166660308838 22.4500007629395 22.533332824707 22.3999996185303 22.3833332061768 22.3500003814697 22.3999996185303 22.4333343505859 22.4333343505859 22.3666667938232 6.46666669845581 6.46666669845581 6.5 22.5166664123535 22.5166664123535 22.5166664123535 6.5 6.46666669845581 6.44999980926514 6.46666669845581 6.51666688919067 6.5 -9999 -9999 -9999 -9999 -9999 -9999 -9999 -9999 -9999 -9999 -9999 -9999 -9999 -9999 -9999 -9999 -9999
6.23333358764648 6.38333320617676 22.0833339691162 22.0833339691162 6.30000019073486 6.30000019073486 6.34999990463257 6.30000019073486 6.30000019073486 22.1666679382324 22.2000007629395 22.25 22.2999992370605 6.38333320617676 22.2666664123535 6.33333349227905 6.33333349227905 22.3166656494141 22.3500003814697 22.4166660308838 6.48333358764648 6.44999980926514 22.4500007629395 22.4833335876465 22.5499992370605 22.5499992370605 22.466667175293 22.4500007629395 22.466667175293 22.466667175293 22.4333343505859 22.4166660308838 6.46666669845581 6.48333311080933 6.48333311080933 22.5166664123535 22.533332824707 6.53333330154419 6.51666641235352 6.48333311080933 -9999 -9999 -9999 -9999 -9999 -9999 -9999 -9999 -9999 -9999 -9999 -9999 -9999 -9999 -9999 -9999 -9999 -9999 -9999 -9999 -9999
6.38333320617676 22.1666679382324 22.1666679382324 22.2000007629395 22.1166667938232 22.1333332061768 22.1833343505859 6.38333320617676 6.36666631698608 22.2333335876465 22.2999992370605 22.2999992370605 6.38333320617676 6.43333339691162 6.41666650772095 6.38333320617676 6.39999961853027 6.39999961853027 22.3833332061768 22.3833332061768 22.3833332061768 6.48333311080933 6.48333311080933 22.466667175293 22.466667175293 22.5499992370605 6.56666660308838 22.5 22.4833335876465 22.4833335876465 22.466667175293 22.4166660308838 22.4166660308838 6.56666660308838 6.56666660308838 -9999 -9999 -9999 -9999 -9999 -9999 -9999 -9999 -9999 -9999 -9999 -9999 -9999 -9999 -9999 -9999 -9999 -9999 -9999 -9999 -9999 -9999 -9999 -9999 -9999 -9999
22.216667175293 22.2666664123535 22.1833343505859 6.43333339691162 6.45000028610229 22.3166675567627 6.45000028610229 6.41666650772095 22.216667175293 6.38333320617676 22.2666664123535 6.43333339691162 6.41666650772095 22.4333343505859 22.4500007629395 22.4500007629395 22.3999996185303 6.41666650772095 22.3833332061768 22.4166660308838 22.4166660308838 22.4166660308838 6.51666688919067 22.4833335876465 22.5499992370605 6.56666660308838 22.5666656494141 22.5 22.4833335876465 22.466667175293 6.53333330154419 -9999 -9999 -9999 -9999 -9999 -9999 -9999 -9999 -9999 -9999 -9999 -9999 -9999 -9999 -9999 -9999 -9999 -9999 -9999 -9999 -9999 -9999 -9999 -9999 -9999 -9999 -9999 -9999 -9999 -9999
22.2333335876465 22.2999992370605 6.45000028610229 6.45000028610229 6.45000028610229 22.3166675567627 22.3166675567627 22.3500003814697 6.41666650772095 6.41666650772095 22.2999992370605 6.46666669845581 6.48333358764648 22.4500007629395 22.5 6.51666688919067 22.466667175293 6.46666669845581 22.4166660308838 22.4500007629395 6.5 6.51666688919067 22.5166664123535 22.533332824707 6.58333349227905 6.56666660308838 22.6000003814697 -9999 -9999 -9999 -9999 -9999 -9999 -9999 -9999 -9999 -9999 -9999 -9999 -9999 -9999 -9999 -9999 -9999 -9999 -9999 -9999 -9999 -9999 -9999 -9999 -9999 -9999 -9999 -9999 -9999 -9999 -9999 -9999 -9999 -9999
22.2666664123535 22.2999992370605 6.48333358764648 6.48333358764648 6.45000028610229 22.3333339691162 22.3999996185303 22.3500003814697 22.3333339691162 22.3500003814697 6.43333339691162 6.48333358764648 6.46666669845581 6.48333358764648 22.466667175293 22.5666656494141 22.5499992370605 6.48333358764648 22.4500007629395 6.51666688919067 22.4333343505859 6.51666688919067 6.55000019073486 -9999 -9999 -9999 -9999 -9999 -9999 -9999 -9999 -9999 -9999 -9999 -9999 -9999 -9999 -9999 -9999 -9999 -9999 -9999 -9999 -9999 -9999 -9999 -9999 -9999 -9999 -9999 -9999 -9999 -9999 -9999 -9999 -9999 -9999 -9999 -9999 -9999 -9999
22.3166675567627 6.5 22.3833332061768 6.51666688919067 22.4166660308838 6.48333358764648 22.4333324432373 22.4166660308838 6.46666669845581 22.3999996185303 22.3833332061768 6.51666688919067 6.51666688919067 6.48333358764648 6.51666688919067 22.5666656494141 6.59999990463257 22.533332824707 6.55000019073486 -9999 -9999 -9999 -9999 -9999 -9999 -9999 -9999 -9999 -9999 -9999 -9999 -9999 -9999 -9999 -9999 -9999 -9999 -9999 -9999 -9999 -9999 -9999 -9999 -9999 -9999 -9999 -9999 -9999 -9999 -9999 -9999 -9999 -9999 -9999 -9999 -9999 -9999 -9999 -9999 -9999 -9999
6.51666688919067 6.55000019073486 22.4499988555908 6.55000019073486 6.58333301544189 6.51666688919067 22.5 22.466667175293 22.4500007629395 22.4500007629395 22.4166660308838 6.55000019073486 6.51666688919067 6.51666688919067 6.51666688919067 -9999 -9999 -9999 -9999 -9999 -9999 -9999 -9999 -9999 -9999 -9999 -9999 -9999 -9999 -9999 -9999 -9999 -9999 -9999 -9999 -9999 -9999 -9999 -9999 -9999 -9999 -9999 -9999 -9999 -9999 -9999 -9999 -9999 -9999 -9999 -9999 -9999 -9999 -9999 -9999 -9999 -9999 -9999 -9999 -9999 -9999
6.53333330154419 6.56666660308838 6.59999990463257 22.5499992370605 6.59999990463257 6.58333301544189 6.58333301544189 6.58333301544189 22.466667175293 6.56666660308838 6.56666660308838 -9999 -9999 -9999 -9999 -9999 -9999 -9999 -9999 -9999 -9999 -9999 -9999 -9999 -9999 -9999 -9999 -9999 -9999 -9999 -9999 -9999 -9999 -9999 -9999 -9999 -9999 -9999 -9999 -9999 -9999 -9999 -9999 -9999 -9999 -9999 -9999 -9999 -9999 -9999 -9999 -9999 -9999 -9999 -9999 -9999 -9999 -9999 -9999 -9999 -9999
6.51666688919067 6.55000019073486 6.58333301544189 6.58333301544189 22.6000003814697 22.6166667938232 6.65000009536743 -9999 -9999 -9999 -9999 -9999 -9999 -9999 -9999 -9999 -9999 -9999 -9999 -9999 -9999 -9999 -9999 -9999 -9999 -9999 -9999 -9999 -9999 -9999 -9999 -9999 -9999 -9999 -9999 -9999 -9999 -9999 -9999 -9999 -9999 -9999 -9999 -9999 -9999 -9999 -9999 -9999 -9999 -9999 -9999 -9999 -9999 -9999 -9999 -9999 -9999 -9999 -9999 -9999 -9999
6.53333330154419 6.55000019073486 6.56666660308838 -9999 -9999 -9999 -9999 -9999 -9999 -9999 -9999 -9999 -9999 -9999 -9999 -9999 -9999 -9999 -9999 -9999 -9999 -9999 -9999 -9999 -9999 -9999 -9999 -9999 -9999 -9999 -9999 -9999 -9999 -9999 -9999 -9999 -9999 -9999 -9999 -9999 -9999 -9999 -9999 -9999 -9999 -9999 -9999 -9999 -9999 -9999 -9999 -9999 -9999 -9999 -9999 -9999 -9999 -9999 -9999 -9999 -9999
-9999 -9999 -9999 -9999 -9999 -9999 -9999 -9999 -9999 -9999 -9999 -9999 -9999 -9999 -9999 -9999 -9999 -9999 -9999 -9999 -9999 -9999 -9999 -9999 -9999 -9999 -9999 -9999 -9999 -9999 -9999 -9999 -9999 -9999 -9999 -9999 -9999 -9999 -9999 -9999 -9999 -9999 -9999 -9999 -9999 -9999 -9999 -9999 -9999 -9999 -9999 -9999 -9999 -9999 -9999 -9999 -9999 -9999 -9999 -9999 -9999
