Demos/Rbased/CrashCourse/data/climate_processing/PresentLayers/Shortia_galacifolia/bio_15.asc
NCOLS 523 
NROWS 122 
XLLCORNER -83.2916666667633 
YLLCORNER 34.9749999999364 
CELLSIZE 0.00833333333316142 
NODATA_value -9999 
[rows 0 to 25 of 122, columns 180 to 239 of 523]
-9999 -9999 -9999 -9999 -9999 -9999 -9999 -9999 -9999 -9999 -9999 -9999 -9999 -9999 -9999 -9999 -9999 -9999 -9999 -9999 -9999 -9999 -9999 -9999 -9999 -9999 -9999 -9999 -9999 -9999 -9999 -9999 -9999 -9999 -9999 -9999 -9999 -9999 -9999 -9999 -9999 -9999 -9999 -9999 -9999 -9999 -9999 -9999 -9999 -9999 -9999 -9999 -9999 -9999 -9999 -9999 -9999 -9999 -9999 -9999
-9999 -9999 -9999 -9999 -9999 -9999 -9999 -9999 -9999 -9999 -9999 -9999 -9999 -9999 -9999 -9999 -9999 -9999 -9999 -9999 -9999 -9999 -9999 -9999 -9999 -9999 -9999 -9999 -9999 -9999 -9999 -9999 -9999 -9999 -9999 -9999 -9999 -9999 -9999 -9999 -9999 -9999 -9999 -9999 -9999 -9999 -9999 -9999 -9999 -9999 -9999 -9999 -9999 -9999 -9999 -9999 -9999 -9999 -9999 -9999
-9999 -9999 -9999 -9999 -9999 -9999 -9999 -9999 -9999 -9999 -9999 -9999 -9999 -9999 -9999 -9999 -9999 -9999 -9999 -9999 -9999 -9999 -9999 -9999 -9999 -9999 -9999 -9999 -9999 -9999 -9999 -9999 -9999 -9999 -9999 -9999 -9999 -9999 -9999 -9999 -9999 -9999 -9999 -9999 -9999 -9999 -9999 -9999 -9999 -9999 -9999 -9999 -9999 -9999 -9999 -9999 -9999 -9999 -9999 -9999
-9999 -9999 -9999 -9999 -9999 -9999 -9999 -9999 -9999 -9999 -9999 -9999 -9999 -9999 -9999 -9999 -9999 -9999 -9999 -9999 -9999 -9999 -9999 -9999 -9999 -9999 -9999 -9999 -9999 -9999 -9999 -9999 -9999 -9999 -9999 -9999 -9999 -9999 -9999 -9999 -9999 -9999 -9999 -9999 -9999 -9999 -9999 -9999 -9999 -9999 -9999 -9999 -9999 -9999 -9999 -9999 -9999 -9999 -9999 -9999
-9999 -9999 -9999 -9999 -9999 -9999 -9999 -9999 -9999 -9999 -9999 -9999 -9999 -9999 -9999 -9999 -9999 -9999 -9999 -9999 -9999 -9999 -9999 -9999 -9999 -9999 -9999 -9999 -9999 -9999 -9999 -9999 -9999 -9999 -9999 -9999 -9999 -9999 -9999 -9999 -9999 -9999 -9999 -9999 -9999 -9999 -9999 -9999 -9999 -9999 -9999 -9999 -9999 -9999 -9999 -9999 -9999 -9999 -9999 -9999
-9999 -9999 -9999 -9999 -9999 -9999 -9999 -9999 -9999 -9999 -9999 -9999 -9999 -9999 -9999 -9999 -9999 -9999 -9999 -9999 -9999 -9999 -9999 -9999 -9999 -9999 -9999 -9999 -9999 -9999 -9999 -9999 -9999 -9999 -9999 -9999 -9999 -9999 -9999 -9999 -9999 -9999 -9999 -9999 -9999 -9999 -9999 -9999 -9999 -9999 -9999 -9999 -9999 -9999 -9999 -9999 -9999 -9999 -9999 -9999
-9999 -9999 -9999 -9999 -9999 -9999 -9999 -9999 -9999 -9999 -9999 -9999 -9999 -9999 -9999 -9999 -9999 -9999 -9999 -9999 -9999 -9999 -9999 -9999 -9999 -9999 -9999 -9999 -9999 -9999 -9999 -9999 -9999 -9999 -9999 -9999 -9999 -9999 -9999 -9999 -9999 -9999 -9999 -9999 -9999 -9999 -9999 -9999 -9999 -9999 -9999 -9999 -9999 -9999 -9999 -9999 -9999 -9999 -9999 -9999
-9999 -9999 -9999 -9999 -9999 -9999 -9999 -9999 -9999 -9999 -9999 -9999 -9999 -9999 -9999 -9999 -9999 -9999 -9999 -9999 -9999 -9999 -9999 -9999 -9999 -9999 -9999 -9999 -9999 -9999 -9999 -9999 -9999 -9999 -9999 -9999 -9999 -9999 -9999 -9999 -9999 -9999 -9999 -9999 -9999 -9999 -9999 -9999 -9999 -9999 -9999 -9999 -9999 -9999 -9999 -9999 -9999 -9999 -9999 -9999
-9999 -9999 -9999 -9999 -9999 -9999 -9999 -9999 -9999 -9999 -9999 -9999 -9999 -9999 -9999 -9999 -9999 -9999 -9999 -9999 -9999 -9999 -9999 -9999 -9999 -9999 -9999 -9999 -9999 -9999 -9999 -9999 -9999 -9999 -9999 -9999 -9999 -9999 -9999 -9999 -9999 -9999 -9999 -9999 -9999 -9999 -9999 -9999 -9999 -9999 -9999 -9999 -9999 -9999 -9999 -9999 -9999 -9999 -9999 -9999
-9999 -9999 -9999 -9999 -9999 -9999 -9999 -9999 -9999 -9999 -9999 -9999 -9999 -9999 -9999 -9999 -9999 -9999 -9999 -9999 -9999 -9999 -9999 -9999 -9999 -9999 -9999 -9999 -9999 -9999 -9999 -9999 -9999 -9999 -9999 -9999 -9999 -9999 -9999 -9999 -9999 -9999 -9999 -9999 -9999 -9999 -9999 -9999 -9999 -9999 -9999 -9999 -9999 -9999 -9999 -9999 -9999 -9999 -9999 -9999
-9999 -9999 -9999 -9999 -9999 -9999 -9999 -9999 -9999 -9999 -9999 -9999 -9999 -9999 -9999 -9999 -9999 -9999 -9999 -9999 -9999 -9999 -9999 -9999 -9999 -9999 -9999 -9999 -9999 -9999 -9999 -9999 -9999 -9999 -9999 -9999 -9999 -9999 -9999 -9999 -9999 -9999 -9999 -9999 -9999 -9999 -9999 -9999 -9999 -9999 -9999 -9999 -9999 -9999 -9999 9.66098308563232 9.51586818695068 9.68691539764404 9.76315307617188 9.53894233703613
-9999 -9999 -9999 -9999 -9999 -9999 -9999 -9999 -9999 -9999 -9999 -9999 -9999 -9999 -9999 -9999 -9999 -9999 -9999 -9999 -9999 -9999 -9999 -9999 -9999 -9999 -9999 -9999 -9999 -9999 -9999 -9999 -9999 -9999 -9999 -9999 -9999 -9999 -9999 -9999 -9999 -9999 -9999 -9999 -9999 9.55394554138184 9.48799705505371 9.54873561859131 9.81288814544678 9.67949199676514 9.45191955566406 9.31658935546875 9.3998327255249 9.65137195587158 9.66098308563232 9.60630702972412 9.59170341491699 9.76315307617188 9.73639392852783 9.53894233703613
-9999 -9999 -9999 -9999 -9999 -9999 -9999 -9999 -9999 -9999 -9999 -9999 -9999 -9999 -9999 -9999 -9999 -9999 -9999 -9999 -9999 -9999 -9999 -9999 -9999 -9999 -9999 -9999 -9999 -9999 -9999 -9999 -9999 -9999 9.5023250579834 9.52340221405029 9.57314586639404 9.61017417907715 9.37784004211426 9.50969982147217 9.52840900421143 9.53632259368896 9.50733470916748 9.50733470916748 9.59850692749023 9.59850692749023 9.50727558135986 9.55394554138184 9.62343215942383 9.55394554138184 9.4901180267334 9.81288814544678 9.5157527923584 9.63608646392822 9.63499641418457 9.71185779571533 9.79190635681152 9.87391090393066 9.62211036682129 9.62211036682129
-9999 -9999 -9999 -9999 -9999 -9999 -9999 -9999 -9999 -9999 -9999 -9999 -9999 -9999 -9999 -9999 -9999 -9999 -9999 -9999 -9999 -9999 -9999 -9999 -9999 9.40924167633057 9.55480289459229 9.57812404632568 9.52141094207764 9.44207286834717 9.44937229156494 9.55142307281494 9.50727558135986 9.50727558135986 9.5023250579834 9.66164302825928 9.53958988189697 9.56872367858887 9.4788761138916 9.390700340271 9.4547290802002 9.20555877685547 9.53788280487061 9.50733470916748 9.53099727630615 9.50727558135986 9.73666191101074 9.72644138336182 9.72644138336182 9.72644138336182 9.69469928741455 9.66439056396484 9.66439056396484 9.687912940979 9.40987205505371 9.63570594787598 9.64959716796875 9.63584518432617 9.75982475280762 9.74492168426514
-9999 -9999 -9999 -9999 -9999 -9999 -9999 -9999 -9999 -9999 -9999 -9999 -9999 -9999 -9999 9.23616790771484 9.19010925292969 9.29223155975342 9.04791927337646 9.29223155975342 9.37007904052734 9.26240825653076 9.37007904052734 9.31875801086426 9.31875801086426 9.52846050262451 9.45600509643555 9.54974842071533 9.41469860076904 9.5180549621582 9.34242534637451 9.55900859832764 9.48911476135254 9.38694858551025 9.5027494430542 9.64102077484131 9.71707916259766 9.67790412902832 9.52423858642578 9.53658771514893 9.31548023223877 9.54788875579834 9.49233531951904 9.43292236328125 9.60369300842285 9.54480361938477 9.50727558135986 9.54834270477295 9.64347362518311 9.60497379302979 9.5983943939209 9.66439056396484 9.44207286834717 9.63871955871582 9.58056259155273 9.63707065582275 9.54400157928467 9.75166702270508 9.61598682403564 9.74492168426514
-9999 -9999 -9999 -9999 -9999 -9999 8.97163391113281 8.84428691864014 8.91952610015869 9.10779666900635 8.91952610015869 8.99653053283691 9.02102661132812 9.1298303604126 9.13491725921631 9.1298303604126 9.06015968322754 8.88197231292725 9.13584995269775 9.1627082824707 9.32246112823486 9.17913818359375 9.20131969451904 9.37202548980713 9.37202548980713 9.38508415222168 9.2193489074707 9.30479526519775 9.35240745544434 9.38236331939697 9.39244079589844 9.52455139160156 9.48911476135254 9.40775680541992 9.52223968505859 9.52223968505859 9.49862575531006 9.56336116790771 9.68450355529785 9.61855125427246 9.61855125427246 9.44656276702881 9.59578227996826 9.58824253082275 9.57388401031494 9.57388401031494 9.57388401031494 9.64797019958496 9.66439056396484 9.71207046508789 9.57596206665039 9.57013130187988 9.57013130187988 9.54617404937744 9.58447074890137 9.63570594787598 9.63401031494141 9.75469875335693 9.65037536621094 9.67943000793457
9.0211238861084 8.87638187408447 8.80664539337158 8.97163391113281 8.83553218841553 8.83553218841553 8.97163391113281 8.97163391113281 8.85746479034424 8.86019325256348 8.86019325256348 8.95602893829346 8.98015403747559 9.057785987854 8.98015403747559 9.12158966064453 9.08288478851318 9.18495082855225 9.04615688323975 9.17707252502441 9.20131969451904 9.20131969451904 9.33407211303711 9.23520088195801 9.20177268981934 9.30484199523926 9.35117721557617 9.29746627807617 9.44691848754883 9.1781587600708 9.1781587600708 9.40603256225586 9.53312110900879 9.46573829650879 9.58243846893311 9.45949459075928 9.60042858123779 9.57438468933105 9.5027494430542 9.5027494430542 9.5027494430542 9.57362174987793 9.57362174987793 9.66672611236572 9.66672611236572 9.61901187896729 9.64797019958496 9.61901187896729 9.80449962615967 9.71207046508789 9.72452449798584 9.72452449798584 9.88934230804443 9.54617404937744 9.54617404937744 9.63401031494141 9.65037536621094 9.50634384155273 9.50634384155273 9.63285160064697
8.92697048187256 8.89917182922363 8.8538990020752 8.90889644622803 8.97608947753906 8.89917182922363 8.90889644622803 8.92907428741455 8.92907428741455 8.92907428741455 9.01093673706055 8.92764186859131 9.01093673706055 8.91564750671387 9.12158966064453 8.86019325256348 8.87150001525879 9.12158966064453 9.12158966064453 8.99026203155518 9.21775817871094 9.21775817871094 9.14512157440186 9.19027423858643 9.25913429260254 9.28352928161621 9.19469738006592 9.29746627807617 9.41857528686523 9.28421688079834 9.28421688079834 9.6138858795166 9.42809009552002 9.45525932312012 9.45525932312012 9.45525932312012 9.45525932312012 9.52022075653076 9.53095054626465 9.60042858123779 9.53095054626465 9.50390815734863 9.54834270477295 9.47856616973877 9.66672611236572 9.4901180267334 9.73400974273682 9.65207481384277 9.7208776473999 9.80044555664062 9.63285160064697 9.58328151702881 9.70784854888916 9.53278923034668 9.69348049163818 9.60497379302979 9.50634384155273 9.50634384155273 9.71818161010742 9.72801303863525
8.81995868682861 8.87150001525879 8.84490394592285 8.89073848724365 8.84490394592285 8.9342622756958 8.92764186859131 8.92764186859131 8.85746479034424 8.99417495727539 8.96526050567627 8.96526050567627 9.11255073547363 9.11255073547363 8.86336135864258 8.86019325256348 8.86019325256348 9.12158966064453 8.9342622756958 9.17028999328613 9.14512157440186 9.17028999328613 9.1862268447876 9.2643871307373 9.20202827453613 9.22982215881348 9.33589363098145 9.39837551116943 9.35748100280762 9.22982215881348 9.23114776611328 9.31789493560791 9.38610553741455 9.55394554138184 9.45525932312012 9.37546825408936 9.49193954467773 9.49193954467773 9.49193954467773 9.56348896026611 9.53095054626465 9.57362174987793 9.66672611236572 9.71735095977783 9.74516773223877 9.4619722366333 9.4619722366333 9.5453519821167 9.77166652679443 9.53750514984131 9.70014667510986 9.53278923034668 9.81472396850586 9.88327693939209 9.69915962219238 9.67463111877441 9.67463111877441 9.69680881500244 9.6730432510376 9.72801303863525
8.87150001525879 8.8538990020752 8.84490394592285 8.87150001525879 8.8898868560791 8.98740386962891 8.86326694488525 8.95365810394287 8.86326694488525 8.79695796966553 9.05693817138672 9.06692790985107 8.85998153686523 8.80220985412598 9.102707862854 8.92311668395996 8.97977256774902 9.0313720703125 9.13116455078125 9.13116455078125 8.99473762512207 9.12158966064453 9.06921291351318 9.14775466918945 9.11434459686279 9.045823097229 9.19303417205811 9.2797679901123 9.23866748809814 9.36509990692139 9.27814960479736 9.3785514831543 9.42814350128174 9.29298210144043 9.26627731323242 9.52022075653076 9.52022075653076 9.52022075653076 9.70702457427979 9.53965282440186 9.63198280334473 9.66672611236572 9.55266189575195 9.67157173156738 9.53015041351318 9.78329753875732 9.5476245880127 9.52223968505859 9.72554779052734 9.60908222198486 9.76624584197998 9.76624584197998 9.55022430419922 9.79589366912842 9.67463111877441 9.7711877822876 9.7711877822876 9.6730432510376 9.77018547058105 9.68422794342041
8.72303771972656 8.68479537963867 8.82578468322754 8.78422069549561 8.65451717376709 8.86019325256348 8.86968612670898 8.85274219512939 8.70722961425781 8.75456523895264 8.97331809997559 9.01607608795166 8.90043926239014 8.72871589660645 8.90043926239014 8.91034889221191 8.97331809997559 8.97977256774902 9.00137424468994 9.02045059204102 9.04120254516602 9.03294467926025 9.14223861694336 9.06921291351318 9.03507900238037 9.211012840271 9.211012840271 9.13595390319824 9.18609428405762 9.20742225646973 9.23866748809814 9.20742225646973 9.30479526519775 9.433349609375 9.52022075653076 9.59282398223877 9.62636661529541 9.59282398223877 9.59282398223877 9.41590690612793 9.55266189575195 9.55266189575195 9.67157173156738 9.75439453125 9.75439453125 9.70014667510986 9.70014667510986 9.70014667510986 9.51266384124756 9.71110057830811 9.70014667510986 9.69680881500244 9.8201150894165 9.84058856964111 9.82618141174316 9.82618141174316 9.75362586975098 9.77018547058105 9.81437492370605 9.77018547058105
8.85897827148438 8.68479537963867 8.68479537963867 8.77621078491211 8.76972770690918 8.69373798370361 8.75967216491699 8.75967216491699 8.76551532745361 8.86361885070801 8.97543525695801 8.97331809997559 8.96584987640381 8.96584987640381 8.86326694488525 8.86326694488525 8.97331809997559 8.90097141265869 8.97163391113281 8.98230743408203 9.00099658966064 9.04120254516602 9.05562210083008 9.0302209854126 9.20364665985107 9.045823097229 9.11434459686279 9.20364665985107 9.31369972229004 9.25683212280273 9.27500152587891 9.38425922393799 9.38425922393799 9.36327171325684 9.3939790725708 9.3939790725708 9.68382549285889 9.68382549285889 9.63871955871582 9.55474853515625 9.52022075653076 9.63570594787598 9.58227157592773 9.44956207275391 9.55399990081787 9.65425872802734 9.70014667510986 9.70014667510986 9.63285160064697 9.79190635681152 9.76757526397705 9.8201150894165 9.84058856964111 9.84058856964111 9.90560817718506 9.76524257659912 9.7711877822876 9.91411685943604 9.79184246063232 9.79184246063232
8.77372360229492 8.77372360229492 8.62028694152832 8.835036277771 8.76972770690918 8.835036277771 8.835036277771 8.73052597045898 8.75623035430908 8.73052597045898 8.86361885070801 8.77788925170898 8.86212635040283 8.90043926239014 8.86326694488525 8.86326694488525 8.86326694488525 8.86326694488525 8.97623348236084 9.06921291351318 8.98230743408203 9.06847858428955 9.0302209854126 9.0302209854126 9.11434459686279 9.14775466918945 9.20364665985107 9.12165355682373 9.13973808288574 9.2803955078125 9.43285369873047 9.45707225799561 9.28396224975586 9.3430757522583 9.47055912017822 9.47055912017822 9.61679553985596 9.41587924957275 9.50884914398193 9.3893461227417 9.61297988891602 9.49779987335205 9.52014350891113 9.64303970336914 9.65425872802734 9.71653079986572 9.75166702270508 9.75166702270508 9.92456245422363 9.98527526855469 9.84058856964111 9.98527526855469 9.75362586975098 9.63627624511719 9.97859764099121 9.85644721984863 9.86627388000488 9.6980152130127 9.71181297302246 9.81886100769043
8.87013721466064 8.77980136871338 8.76093006134033 8.81964015960693 8.71162605285645 8.81319522857666 8.73161792755127 8.7976131439209 8.67226314544678 8.86019325256348 8.7976131439209 8.79794406890869 8.66814613342285 8.88732528686523 8.79794406890869 9.01924133300781 8.86326694488525 8.86326694488525 8.79794406890869 8.86326694488525 8.86326694488525 8.87296104431152 9.09205341339111 9.13491725921631 9.17336177825928 9.11434459686279 9.18181800842285 9.12165355682373 9.29223155975342 9.23739051818848 9.18511390686035 9.43683242797852 9.36243724822998 9.47759342193604 9.39963436126709 9.37263202667236 9.55703449249268 9.49779987335205 9.49605941772461 9.47055912017822 9.43357276916504 9.58309841156006 9.60817623138428 9.64959716796875 9.64303970336914 9.71653079986572 9.70548629760742 9.70548629760742 9.78879165649414 9.64221096038818 9.64221096038818 9.84058856964111 9.86627388000488 9.89566326141357 9.6980152130127 9.6980152130127 9.6980152130127 9.81886100769043 9.77348136901855 9.81886100769043
8.84937572479248 8.835036277771 8.72379398345947 8.79360389709473 8.69046401977539 8.73890495300293 8.76551532745361 8.86295986175537 8.76551532745361 8.69310665130615 8.83067226409912 8.62670803070068 8.93245601654053 8.93245601654053 8.93245601654053 8.93245601654053 8.76964664459229 8.93504333496094 9.04377746582031 9.04377746582031 9.11723709106445 9.04615688323975 9.15079593658447 9.05693817138672 9.102707862854 9.102707862854 9.25710868835449 9.102707862854 9.19356346130371 9.19356346130371 9.16600036621094 9.22895622253418 9.36375999450684 9.50471973419189 9.35381412506104 9.43124389648438 9.53042793273926 9.53042793273926 9.53042793273926 9.62059879302979 9.60453987121582 9.71653079986572 9.60663890838623 9.71735095977783 9.68543815612793 9.71653079986572 9.9343147277832 9.91777610778809 9.9343147277832 9.64221096038818 9.94418811798096 9.94418811798096 9.94418811798096 9.86627388000488 9.73900985717773 9.73900985717773 9.73900985717773 9.73900985717773 9.81886100769043 9.84767627716064
8.66779232025146 8.80716514587402 8.68671894073486 8.76724910736084 8.76724910736084 8.7783031463623 8.77938652038574 8.61881637573242 8.76972770690918 8.62670803070068 8.93842315673828 8.93842315673828 8.62670803070068 8.96912288665771 8.70326328277588 8.93245601654053 8.90704822540283 9.04061508178711 8.93504333496094 8.95887660980225 8.99289798736572 9.04615688323975 9.04615688323975 9.04615688323975 9.09205341339111 9.26092052459717 9.3550329208374 9.15560626983643 9.19537258148193 9.39112854003906 9.41685581207275 9.41685581207275 9.31601619720459 9.215576171875 9.43474674224854 9.48335933685303 9.51484203338623 9.60453987121582 9.62059879302979 9.58328151702881 9.58328151702881 9.60453987121582 9.62412166595459 9.67943000793457 9.7770881652832 9.74580192565918 9.84459400177002 9.66890430450439 9.80044555664062 10.0113086700439 9.99240970611572 9.83054161071777 9.89566326141357 9.9849681854248 9.9849681854248 9.91777610778809 9.9849681854248 9.83738708496094 9.91777610778809 9.66201972961426
