Demos/Rbased/CrashCourse/data/climate_processing/PresentLayers/Shortia_galacifolia/bio_3.asc
NCOLS 603 
NROWS 190 
XLLCORNER -83.7416666666667 
YLLCORNER 34.6416666666666 
CELLSIZE 0.00833333333333332 
NODATA_value -9999 
[rows 84 to 104 of 190, columns 49 to 97 of 603]
42.6829261779785 43.0010070800781 43.3830833435059 43.5594863891602 43.3481712341309 43.2492599487305 43.298713684082 42.2018356323242 41.3032188415527 41.1458320617676 39.9785614013672 38.5209693908691 39.0163955688477 39.2349739074707 38.3221855163574 37.6133766174316 37.6984100341797 37.9251708984375 36.9212951660156 36.8466911315918 38.1399307250977 39.5695343017578 39.277774810791 40.2777786254883 41.2673034667969 41.4814834594727 41.5069236755371 41.8501052856445 42.0323944091797 42.3416404724121 41.4814796447754 41.4012756347656 42.1354141235352 42.335391998291 42.4079742431641 42.2801628112793 42.2034759521484 41.8988647460938 41.3291778564453 42 42.2492408752441 42.297981262207 42.2205429077148 42.1969718933105 42.0959587097168 42.0719375610352 41.7176361083984 41.8181838989258 41.6666641235352
42.2051277160645 42.5128211975098 42.9002990722656 43.7009811401367 43.5103225708008 42.4747467041016 42.1267890930176 41.922290802002 40.74658203125 40.4837036132812 40.2910041809082 39.087947845459 40.1175193786621 39.5562744140625 38.7693176269531 38.6111106872559 37.6836128234863 36.0035209655762 36.3074226379395 37.1660842895508 37.6149444580078 38.982105255127 40.4451675415039 40.6926383972168 40.4723129272461 39.3176727294922 40.522876739502 42.1630096435547 41.8769721984863 41.8506851196289 42.3416404724121 42.3654251098633 42.2118377685547 41.6142578125 40.5144691467285 40.6581726074219 41.0601234436035 40.7936515808105 41.6666679382324 41.6666679382324 42.0489311218262 42.1212120056152 42.1969718933105 42.1701927185059 41.9444465637207 41.8946304321289 41.6411056518555 41.5137634277344 41.4621696472168
41.7189140319824 42.6291809082031 43.4275817871094 43.5349044799805 43.5103225708008 42.5505065917969 41.3020858764648 41.0677070617676 41.1231880187988 41.3846130371094 40.4048385620117 39.8771362304688 40.9613380432129 39.7042999267578 39.4335517883301 39.0710411071777 38.0790977478027 36.9827575683594 37.8839569091797 38.4572067260742 37.8735656738281 38.6363639831543 39.3687705993652 37.7011489868164 37.7450981140137 39.5348854064941 41.3471794128418 41.0503730773926 40.8333358764648 40.8602142333984 41.8243942260742 41.0809364318848 40.665584564209 39.4939498901367 38.4960708618164 38.7402458190918 39.3715858459473 39.6103897094727 39.9785652160645 41.1458320617676 42.0223579406738 42.1969718933105 42.1701927185059 42.0707092285156 42.0443115234375 41.9939575195312 41.843433380127 41.4373092651367 41.1522636413574
42.230770111084 43.3133735656738 43.7254905700684 43.4911231994629 43.1387214660645 41.6923866271973 41.7948722839355 42.0489273071289 41.896728515625 42.0223579406738 41.0973091125488 41.4860687255859 40.3703689575195 39.3790855407715 40.0857429504395 38.732006072998 38.732006072998 39.6786460876465 39.705883026123 39.5214538574219 38.4009017944336 38.4920654296875 37.3263893127441 36.4657211303711 38.6054420471191 40.4411773681641 40.9115447998047 38.4132423400879 38.3959045410156 38.6158218383789 39.6799125671387 38.7668914794922 38.3786849975586 38.2653045654297 38.0102043151855 38.2319831848145 39.793701171875 40.8465614318848 41.1964454650879 41.8200416564941 42.0959625244141 42.2205429077148 42.1464653015137 42.0707092285156 42.1464653015137 41.9444465637207 41.8953247070312 41.3312683105469 40.1898727416992
42.9545440673828 43.644905090332 43.5239486694336 43.2338333129883 42.5478324890137 41.7948722839355 42.0731735229492 42.6204833984375 42.5925941467285 42.4447784423828 42.2474746704102 41.3551406860352 39.2508125305176 40 41.011531829834 39.9731178283691 41.0620422363281 41.6405410766602 40.5715827941895 39.238410949707 38.5241279602051 38.0952377319336 36.9463844299316 36.160717010498 39.2140464782715 40.044002532959 40.1864051818848 38.3390197753906 37.1637420654297 36.8498802185059 37.8604393005371 38.8513488769531 40.0819664001465 40.8036689758301 40.5645179748535 40.010856628418 40.9501075744629 41.8981475830078 42.1253814697266 42.1717185974121 42.2222213745117 42.0707092285156 41.9706192016602 41.8946304321289 41.9959487915039 41.5388565063477 41.5380668640137 40.3217277526855 39.0250549316406
43.5157775878906 43.6519622802734 43.2089576721191 42.9391212463379 42.7208862304688 42.5451812744141 42.9601974487305 42.9563484191895 42.4974822998047 42.1717185974121 42.617618560791 41.9469909667969 40.9635391235352 42.0245399475098 42.2034759521484 42.1296272277832 41.8988647460938 41.4054336547852 40.2419357299805 39.5081977844238 39.3014297485352 38.4572067260742 37.4855842590332 36.2202377319336 38.2936515808105 37.9885063171387 38.7950477600098 37.5868072509766 35.9712257385254 35.1343116760254 37.1772308349609 38.4070281982422 39.5348815917969 40.7227630615234 41.4820671081543 41.1919822692871 41.6666679382324 42.2801628112793 42.3526420593262 42.3252296447754 42.0212745666504 42.0959587097168 41.8686866760254 41.8445129394531 41.9959487915039 41.5641021728516 40.6677169799805 39.9305572509766 40.2866249084473
43.6029396057129 43.5539207458496 43.5784301757812 43.529411315918 43.3088226318359 43.3088226318359 43.1459579467773 43.0966453552246 43.0966453552246 42.9980278015137 43.0555572509766 42.5953826904297 42.5981864929199 42.4772033691406 42.2999000549316 41.8730659484863 41.2211761474609 40.0537643432617 40.575080871582 40.3763427734375 39.5285110473633 38.1355934143066 37.0175437927246 35.3939399719238 37.1345024108887 35.9112701416016 36.7021255493164 35.2727279663086 35.6582107543945 36.9552421569824 37.558277130127 38.4527854919434 40.0715065002441 41.2685775756836 42.03125 42.261905670166 42.1553497314453 42.0769233703613 42.0744132995605 42.301830291748 41.9207305908203 41.8953247070312 41.7431182861328 41.5899810791016 41.6411819458008 41.6411056518555 41.1703224182129 40.6381874084473 41.2239608764648
43.3728981018066 43.4313735961914 43.49951171875 43.436580657959 43.1661758422852 43.125617980957 43.2445755004883 42.9277954101562 42.6616897583008 42.7644691467285 42.5478324890137 42.8178176879883 42.1508636474609 41.1441993713379 41.7964706420898 40.5218315124512 40.5181617736816 40.4113235473633 38.8981170654297 39.0088577270508 39.0088577270508 37.471263885498 35.5436058044434 34.5018463134766 34.6248474121094 35.2189788818359 34.5105323791504 35.4545478820801 37.2668991088867 38.9639663696289 39.8394241333008 40.773811340332 41.2673072814941 41.8512649536133 42.0572891235352 42.0062675476074 42.1310615539551 42.2820510864258 42.2546005249023 42.0489311218262 41.8456039428711 41.3846130371094 40.8854141235352 39.6367530822754 39.4623641967773 39.9305572509766 38.6212615966797 38.6489486694336 40.2510681152344
43.4470825195312 43.1998023986816 43.3528823852539 43.3040084838867 43.3088226318359 43.2598037719727 43.1415939331055 42.789421081543 42.0234451293945 41.5123443603516 42.1523513793945 41.4860687255859 40.6349220275879 40.1709403991699 40.7436714172363 39.9676361083984 38.461540222168 38.8150596618652 37.9943504333496 36.5676002502441 36.6608772277832 35.9134063720703 35.198558807373 36.4436645507812 36.6081886291504 37.2241554260254 36.0714302062988 37.1080131530762 37.9851608276367 39.1778526306152 40.9654808044434 41.5601692199707 41.7714881896973 42.1875 42.2378005981445 42.1599197387695 42.0560760498047 41.7964706420898 41.484375 41.9487190246582 41.5634689331055 40.9895820617676 40.6970634460449 39.4552307128906 37.9222984313965 37.8531074523926 37.9222984313965 39.4188575744629 40.4380340576172
43.4313735961914 43.3284454345703 43.3823509216309 43.3823509216309 43.3578414916992 43.1907577514648 42.9772491455078 41.8705406188965 40.9874610900879 40.069221496582 40.3397026062012 40.1709403991699 39.2156867980957 38.5761604309082 39.0539054870605 38.9713973999023 37.2866897583008 36.2573089599609 35.924617767334 35.638298034668 35.676155090332 35.7651252746582 36.2190818786621 38.1593704223633 38.552188873291 37.7986373901367 38.0830497741699 39.2580299377441 39.6523170471191 39.5971298217773 40.618278503418 41.5084381103516 41.7985229492188 41.3481941223145 41.3492050170898 41.3747329711914 40.6989250183105 39.9726791381836 41.0846557617188 41.7956657409668 41.404613494873 40.1393356323242 39.6440124511719 38.9624710083008 37.6564254760742 38.5241317749023 39.5214538574219 39.7203941345215 40.476188659668
43.3823509216309 43.3333320617676 43.2645034790039 43.1661758422852 43.1617660522461 42.8892211914062 41.9469947814941 41.6152267456055 40.641429901123 40.0159721374512 39.9517669677734 39.0795211791992 39.0350875854492 39.1803283691406 38.0190811157227 37.0402297973633 37.5423698425293 37.6271171569824 37.1993141174316 37.6970710754395 38.4444427490234 38.338924407959 37.1107292175293 38.8427467346191 39.9621200561523 38.9072875976562 40.322582244873 40.9523811340332 40.7614479064941 41.0256385803223 41.1624221801758 41.0010643005371 40.2233123779297 39.4039726257324 39.7350997924805 39.2976608276367 39.1583061218262 40.5070114135742 41.5878028869629 41.3512115478516 40.3269004821777 40.0432891845703 38.75 37.4137954711914 38.0385513305664 39.4867553710938 40.3637351989746 41.2379417419434 41.5348091125488
43.3088226318359 43.2598037719727 43.3088226318359 43.2645034790039 43.1213035583496 42.8892211914062 42.1717147827148 41.1993751525879 40.1175193786621 41.2253379821777 40.0641021728516 39.6774215698242 39.7909965515137 38.3888893127441 38.199104309082 38.7238731384277 39.4136810302734 39.8118286132812 39.0163917541504 39.8058242797852 40.5291023254395 39.6170425415039 38.5105209350586 39.6645011901855 40.7936515808105 40.548454284668 41.1425552368164 41.6666641235352 41.640625 41.2986335754395 40.8704872131348 39.8087425231934 38.0952377319336 37.1345024108887 37.1503486633301 37.2974548339844 38.9821014404297 40.218578338623 41.2140579223633 40.702033996582 39.4591598510742 38.7766532897949 37.6585922241211 35.9412460327148 37.2377624511719 38.6337890625 39.3456382751465 40.6045761108398 41.7197456359863
43.2598037719727 43.1862754821777 43.2107849121094 42.9449348449707 42.9563484191895 42.667667388916 41.8456039428711 40.2645492553711 41.0397071838379 41.8200416564941 40.8780250549316 41.5628242492676 40.0857429504395 38.0156059265137 39.4480514526367 41.2225723266602 41.4330215454102 41.4322891235352 41.1979179382324 41.6666679382324 41.9478492736816 40.5854415893555 40.5326995849609 41.1474571228027 41.5109024047852 41.0677108764648 41.9230766296387 41.4849433898926 41.5104179382324 40.9831771850586 40.300106048584 38.8704299926758 37.2549018859863 35.851318359375 36.4952697753906 37.7011489868164 39.2337799072266 39.8454742431641 41.1057662963867 40.7766990661621 39.6456260681152 38.8418083190918 37.5725898742676 35.9299507141113 36.4320106506348 38.5559349060059 39.8888893127441 40.9586067199707 41.5594863891602
43.0840682983398 43.2399215698242 43.0473365783691 43.0267066955566 42.7860717773438 42.7145729064941 42.2256088256836 40.9329147338867 42.2998962402344 42.4012145996094 42.2256088256836 42.0256423950195 40.308837890625 40.1175193786621 41.3802070617676 42.2764205932617 42.6485404968262 42.1747970581055 42.4949798583984 42.3989906311035 42.4494972229004 42.2492408752441 42.1732521057129 41.6923866271973 41.3302268981934 41.9734153747559 41.9724769592285 41.5634651184082 41.2486953735352 40.491455078125 39.1914215087891 37.4856796264648 37.2260665893555 37.1951217651367 35.9112701416016 37.1345024108887 39.2817039489746 40.2686424255371 40.8279228210449 40.8576049804688 40.746753692627 39.7563667297363 38.7940826416016 37.426383972168 36.4320106506348 37.5586853027344 39.1069412231445 41.1525955200195 42.0660285949707
43.2645034790039 43.1372528076172 43.2153396606445 43.1661758422852 43.1415939331055 43.1212997436523 42.6988945007324 42.3780479431152 42.9104461669922 42.6485404968262 42.1747970581055 41.2225685119629 40.5290985107422 41.8461532592773 42.4471282958984 42.7177200317383 42.789421081543 42.6926918029785 42.7331352233887 42.8393211364746 42.661693572998 42.4974822998047 42.5505065917969 42.0985794067383 42.1985816955566 42.2002029418945 41.9230766296387 41.2197685241699 41.0883293151855 40.491455078125 39.978214263916 39.2303428649902 39.1388893127441 38.0422401428223 36.2989311218262 37.441722869873 39.1133575439453 39.6944465637207 38.8135604858398 39.75 39.8178787231445 39.5763664245605 37.8919868469238 36.4208641052246 37.7053985595703 39.6252822875977 40.4525375366211 41.6397857666016 41.7202568054199
43.3035697937012 43.2245292663574 43.2739868164062 43.2492599487305 43.0924263000488 43.125617980957 42.8892211914062 43.059700012207 43.0059509277344 42.2256088256836 41.4849433898926 41.4322891235352 41.8974380493164 42.5226593017578 42.7860679626465 42.9067459106445 42.9315490722656 42.9353218078613 42.7363166809082 42.7710838317871 42.5200805664062 42.424243927002 42.1747970581055 42.5304870605469 42.3547401428223 41.9246635437012 41.5360527038574 40.3804931640625 39.705883026123 40.1833877563477 40.1737251281738 38.9261741638184 37.8710060119629 37.2241592407227 36.3095245361328 36.6666641235352 37.9469413757324 37.9597702026367 37.9757766723633 39.2536468505859 38.6415519714355 39.3581085205078 37.2359161376953 35.5616607666016 38.037166595459 39.7993316650391 40.792350769043 41.7467918395996 40.5191268920898
42.6545066833496 42.9679679870605 43.1795616149902 43.2539672851562 43.1706123352051 43.1008911132812 43.1547622680664 43.1750755310059 42.9601974487305 42.942943572998 42.4265441894531 42.7744216918945 42.6426429748535 42.789421081543 42.7761344909668 42.7268257141113 42.639720916748 42.6896209716797 42.8642730712891 42.4747467041016 42.1508674621582 42.3547401428223 42.2801628112793 42.1025619506836 41.7964668273926 41.1392402648926 40.2688179016113 39.528507232666 38.3164405822754 39.431568145752 40.0273246765137 39.1583023071289 38.7288131713867 37.8604393005371 37.1052627563477 36.5773811340332 36.1311683654785 36.7141151428223 37.6748275756836 37.4561386108398 37.1158409118652 38.0046119689941 35.7575759887695 35.5166053771973 37.4413146972656 38.8605461120605 40.7103843688965 41.1509208679199 39.5693511962891
42.3589744567871 43.022087097168 43.0010070800781 43.0389213562012 43.1795616149902 43.2089538574219 43.1299591064453 43.2291679382324 43.1795654296875 43.059700012207 43.013973236084 42.885570526123 42.9030647277832 42.7021675109863 42.8783378601074 42.7299690246582 42.6091270446777 42.7363166809082 42.5200805664062 42.2018356323242 41.2486953735352 41.7695465087891 41.640625 41.3531875610352 41.0582008361816 40.7880744934082 39.9837112426758 38.1235809326172 37.0920753479004 38.597972869873 39.1944465637207 38.8888893127441 39.0852966308594 38.6234359741211 37.7162628173828 36.4695320129395 35.7664222717285 35.9696960449219 35.5006103515625 35.5231170654297 35.9299507141113 35.9903373718262 34.7893447875977 35.6447677612305 37.4119720458984 39.1807899475098 40.3234634399414 41.1255416870117 39.3502807617188
42.3096694946289 42.925479888916 43.1017112731934 43.2385215759277 42.9679679870605 42.3802261352539 42.6988906860352 43.013973236084 43.0803565979004 43.0059547424316 43.0019798278809 42.9277954101562 42.8536109924316 42.6865653991699 42.6805152893066 42.5788955688477 42.6119384765625 42.4723052978516 42.3232345581055 42.3989906311035 42.0769233703613 41.5364570617676 41.2197685241699 40.8386764526367 40.2642936706543 39.3964576721191 39.631462097168 37.8579597473145 37.6724128723145 37.9310340881348 38.3847045898438 37.5725898742676 37.2359161376953 37.2202568054199 36.6188774108887 36.8452377319336 37.0567398071289 37.8787879943848 37.1024742126465 35.736011505127 34.2803039550781 33.9036750793457 34.9752159118652 36.4994010925293 38.3734245300293 39.7651023864746 40.4644813537598 40.9090919494629 40.62841796875
42.3333320617676 42.9369888305664 43.0973892211914 43.0513610839844 42.6829261779785 41.0883293151855 42.1039085388184 42.992992401123 43.013973236084 43.0348281860352 42.9277954101562 42.8178176879883 42.2999000549316 42.2727279663086 42.4424438476562 42.6091270446777 42.6147689819336 42.6147689819336 42.4723052978516 41.5376663208008 41.1703224182129 41.2997894287109 41.5104141235352 40.8730163574219 40.9235687255859 40.5070114135742 38.9353408813477 38.0952377319336 39.3487854003906 39.4518280029297 39.0659942626953 37.485481262207 37.3403015136719 37.8604393005371 37.6306610107422 37.8472213745117 37.9469413757324 38.917236328125 37.3391799926758 35.6143569946289 34.2731819152832 34.1224746704102 36.0205307006836 37.4417266845703 38.3447875976562 38.6986274719238 39.5134239196777 40.2365226745605 39.9444427490234
41.1341857910156 42.1842651367188 42.6410255432129 42.561351776123 42.1066246032715 40.5181617736816 42.1296272277832 42.4057083129883 42.5558929443359 42.9602012634277 42.9811515808105 42.8606986999512 42.6426429748535 42.7363166809082 42.6865653991699 42.5816040039062 42.6339302062988 42.5373115539551 42.297981262207 41.7179489135742 41.5628242492676 41.7443046569824 40.6283302307129 40.5181617736816 41.4576797485352 39.5833358764648 38.5135116577148 39.3964538574219 40.1143760681152 39.9509811401367 38.6261253356934 37.4274101257324 38.6542778015137 38.587574005127 38.5770988464355 37.9597702026367 39.784049987793 38.7950439453125 38.3561630249023 36.4472122192383 35.6582107543945 34.6654281616211 34.634449005127 35.3710479736328 35.8091773986816 37.4561424255371 39.6042366027832 38.4593353271484 38.3908042907715
