Demos/Rbased/CrashCourse/data/climate_processing/PresentLayers/Shortia_galacifolia/bio_15.asc
NCOLS 212 
NROWS 170 
XLLCORNER -83.691666666421 
YLLCORNER 34.5083333333333 
CELLSIZE 0.00833333333316012 
NODATA_value -9999 
[rows 147 to 167 of 170, columns 47 to 93 of 212]
10.1833734512329 10.2763195037842 10.5613536834717 10.9231557846069 10.645450592041 11.0025320053101 11.0215158462524 11.1503934860229 11.216157913208 11.2150659561157 11.0132579803467 11.2309284210205 11.0465621948242 11.1910781860352 11.1961145401001 11.2849721908569 11.4313764572144 11.4943761825562 11.2758331298828 11.3225183486938 11.1921405792236 11.2955799102783 11.2556266784668 11.2617053985596 11.3864288330078 11.5181751251221 11.2784566879272 11.4455871582031 11.4787511825562 11.5385150909424 11.5653610229492 11.5385150909424 11.5653610229492 11.6179580688477 11.7437238693237 11.551568031311 11.4811305999756 11.3491697311401 11.5633220672607 11.6762742996216 11.7072601318359 11.6474685668945 11.6520738601685 11.7435302734375 11.7723836898804 11.678542137146 11.9590663909912
10.5913553237915 10.542498588562 10.8235597610474 10.6848154067993 11.2687530517578 11.2318162918091 11.1897535324097 11.2753324508667 11.1286067962646 11.3389625549316 11.3389625549316 11.3203229904175 11.3069849014282 11.399188041687 11.1614599227905 11.1846714019775 11.176456451416 11.4206609725952 11.6253271102905 11.3662815093994 11.2366418838501 11.315055847168 11.3490324020386 11.2556266784668 11.4455871582031 11.6117553710938 11.5385150909424 11.5026330947876 11.4991807937622 11.5385150909424 11.6179580688477 11.6179580688477 11.6672658920288 11.82044506073 11.5966835021973 11.4645662307739 11.7044448852539 11.4645662307739 11.5488815307617 11.829665184021 11.5488815307617 11.5568256378174 11.6381988525391 11.6381988525391 11.7067203521729 11.8036794662476 11.674877166748
11.2183065414429 11.0714845657349 11.0965385437012 11.1811723709106 11.3808565139771 11.308741569519 11.3147392272949 11.2498540878296 11.1172914505005 11.2042226791382 11.4153079986572 11.5072431564331 11.5577640533447 11.3517980575562 11.2399778366089 11.5327205657959 11.5430564880371 11.6997184753418 11.6253271102905 11.4406909942627 11.4005270004272 11.2366418838501 11.3579168319702 11.4056367874146 11.3671169281006 11.4455871582031 11.6117553710938 11.5385150909424 11.5385150909424 11.5654125213623 11.7290000915527 11.5910520553589 11.6637964248657 11.8117847442627 11.7020416259766 11.6964445114136 11.6971282958984 11.5540857315063 11.6792306900024 11.8332262039185 11.5488815307617 11.547815322876 11.9089736938477 11.7470798492432 11.7297773361206 11.939829826355 11.939829826355
11.5979690551758 11.3757553100586 11.4411907196045 11.499979019165 11.3686828613281 11.3958463668823 11.308741569519 11.4111213684082 11.3060550689697 11.3248291015625 11.4153079986572 11.7073383331299 11.7212200164795 11.7187232971191 11.5849695205688 11.3069849014282 11.3229169845581 11.7521486282349 11.636775970459 11.6220865249634 11.5131978988647 11.4005270004272 11.3735837936401 11.4763288497925 11.4056367874146 11.5690050125122 11.5922908782959 11.5403299331665 11.4098072052002 11.523567199707 11.7290000915527 11.7437238693237 11.8133115768433 11.8133115768433 11.8117847442627 11.686372756958 11.5758466720581 11.686372756958 11.8250827789307 11.7487945556641 11.9013977050781 11.8036794662476 11.8036794662476 11.9590663909912 11.939829826355 12.0575246810913 12.2355785369873
11.5861015319824 11.6197242736816 11.8076019287109 11.5145998001099 11.497709274292 11.4310111999512 11.5037250518799 11.436224937439 11.436224937439 11.3304224014282 11.2972917556763 11.3248291015625 11.5072431564331 11.7073383331299 11.7489223480225 11.6006708145142 11.594822883606 11.8215866088867 11.6220865249634 11.3986892700195 11.3998250961304 11.3462295532227 11.4993047714233 11.5379467010498 11.4412117004395 11.5430564880371 11.4256658554077 11.4256658554077 11.6264715194702 11.6152267456055 11.7593154907227 11.9032125473022 11.9295301437378 12.0017890930176 11.795618057251 11.7267236709595 11.686372756958 11.818380355835 11.916729927063 11.818380355835 11.818380355835 12.0182275772095 12.0182275772095 11.9288377761841 12.0921659469604 12.14621925354 12.4076852798462
11.8375768661499 11.8375768661499 11.8076019287109 11.7495241165161 11.8959817886353 11.5281438827515 11.7219543457031 11.5918560028076 11.5988874435425 11.3990306854248 11.3248291015625 11.4153079986572 11.6112756729126 11.7242431640625 11.6287622451782 11.5849695205688 11.8215866088867 11.7455549240112 11.4497032165527 11.3364934921265 11.5017175674438 11.6702136993408 11.4969902038574 11.5062503814697 11.5062503814697 11.5922908782959 11.5922908782959 11.6220865249634 11.5209627151489 11.8319292068481 11.929780960083 12.0733776092529 11.9208745956421 11.83056640625 11.7862520217896 12.0240087509155 11.9863004684448 11.9863004684448 12.0185508728027 11.916729927063 12.0240087509155 11.9124374389648 12.0557689666748 12.2234077453613 12.1272478103638 12.2966661453247 12.4861106872559
11.7872791290283 11.9484748840332 12.0466146469116 11.9750185012817 11.886118888855 11.8959817886353 11.6281785964966 11.6395559310913 11.6155061721802 11.5179500579834 11.5247097015381 11.5544776916504 11.635892868042 11.7242431640625 11.723819732666 11.8472852706909 11.8929033279419 11.8096513748169 11.5766649246216 11.4466352462769 11.528694152832 11.4995594024658 11.857234954834 11.7048530578613 11.7948560714722 11.4247303009033 11.6002702713013 11.6945810317993 11.5987997055054 11.8929033279419 11.7112426757812 11.6943941116333 11.9135828018188 11.6891117095947 11.8026514053345 11.8826560974121 12.0240087509155 12.2307004928589 12.1196889877319 12.1662521362305 12.1662521362305 12.2092065811157 12.3391695022583 12.14621925354 12.3120632171631 12.4647626876831 12.713415145874
11.7942457199097 11.871301651001 11.9378604888916 11.8779230117798 11.9750185012817 11.9089736938477 11.886118888855 11.7219543457031 11.7219543457031 11.7219543457031 11.7219543457031 11.7419395446777 11.8172550201416 11.8326845169067 11.7242431640625 11.870267868042 11.7147359848022 11.5849695205688 11.6587619781494 11.6053085327148 11.6266860961914 11.7216625213623 11.8308591842651 11.7445268630981 11.9433317184448 11.7009429931641 11.7778596878052 11.6256532669067 11.7948560714722 11.7640419006348 11.7801237106323 11.6854658126831 11.6854658126831 11.7852573394775 11.7852573394775 11.8267593383789 11.9245681762695 12.0185508728027 12.0932683944702 12.1196889877319 12.1191101074219 12.2808837890625 12.3120632171631 12.3120632171631 12.35875415802 12.4579763412476 12.4861106872559
11.7078247070312 11.7716960906982 11.7756938934326 11.6658887863159 11.9750185012817 12.0597286224365 12.0597286224365 11.886118888855 11.9085779190063 11.822509765625 11.7402410507202 11.6345520019531 11.7293348312378 11.9346933364868 11.9346933364868 11.9399976730347 11.799976348877 11.7847471237183 11.4617252349854 11.7073383331299 11.8031044006348 11.8937978744507 11.9711589813232 11.8363580703735 11.8619222640991 11.8413228988647 11.8413228988647 11.7009429931641 11.6585578918457 11.6842851638794 11.7061262130737 11.7824716567993 11.7445268630981 11.6747779846191 11.8954277038574 11.7711305618286 11.9913949966431 12.0627641677856 11.9500217437744 12.2039575576782 12.3472490310669 12.3853273391724 12.4339551925659 12.2653207778931 12.2966661453247 12.3002700805664 12.2334146499634
12.0303497314453 11.8673362731934 12.0378580093384 11.9853658676147 11.9645433425903 12.0353116989136 12.0860624313354 11.9904823303223 11.6727685928345 11.886118888855 11.836407661438 11.822509765625 11.837532043457 11.8012847900391 11.9399976730347 11.9538288116455 12.0058174133301 11.7151651382446 11.5987815856934 11.7059373855591 11.6889915466309 11.7364482879639 11.723819732666 12.0046520233154 11.8619222640991 11.9292058944702 11.8340883255005 11.867091178894 11.7074537277222 11.6534032821655 11.6838350296021 11.7881278991699 11.8160743713379 11.9479398727417 11.9940767288208 12.0658645629883 12.0905485153198 12.1187362670898 12.2779150009155 12.3822059631348 12.488187789917 12.4536142349243 12.488187789917 12.4242172241211 12.4242172241211 12.4288349151611 12.5173473358154
11.7716960906982 11.757495880127 11.7526016235352 11.7773065567017 11.9173393249512 11.7756938934326 12.0353116989136 12.0928812026978 12.0737133026123 12.149076461792 11.9840145111084 11.960111618042 12.0837154388428 12.065580368042 11.9346933364868 12.1659173965454 12.2248296737671 12.0058174133301 11.7151651382446 11.7190427780151 11.7938947677612 11.7970352172852 11.8730344772339 12.118278503418 12.0835361480713 12.2146730422974 11.8117847442627 11.9658260345459 11.867091178894 11.9261493682861 11.6534032821655 11.5803937911987 11.7489223480225 11.9479398727417 11.9940767288208 11.9940767288208 12.0652885437012 12.2776575088501 12.2776575088501 12.3822059631348 12.5353670120239 12.5684833526611 12.6171436309814 12.6533966064453 12.6533966064453 12.4399213790894 12.584529876709
11.6775856018066 11.7716960906982 11.9317922592163 11.8673362731934 11.8730573654175 11.9871988296509 12.1495838165283 12.087664604187 12.0597286224365 12.0415992736816 11.7402410507202 11.9843978881836 12.3097877502441 12.159740447998 11.9399976730347 12.0552177429199 12.1925783157349 12.1659173965454 12.0992069244385 11.9997615814209 11.7554216384888 12.0058174133301 12.0231103897095 12.1177186965942 12.1409177780151 12.2961044311523 12.2107162475586 12.1133766174316 11.8475208282471 11.8475208282471 11.6786775588989 11.6321516036987 11.8199625015259 11.9503345489502 11.9503345489502 11.9903507232666 12.0652885437012 12.1938524246216 12.0891180038452 12.1910638809204 12.3819265365601 12.4879808425903 12.6481513977051 12.7380037307739 12.6851348876953 12.6046028137207 12.8492527008057
11.7621421813965 11.9091110229492 11.7716960906982 11.9317922592163 11.7716960906982 11.9656810760498 12.1362600326538 12.0634269714355 12.1495838165283 11.9440336227417 11.94873046875 12.0470628738403 11.9843978881836 11.9668836593628 11.9668836593628 12.1846942901611 12.0345191955566 12.0225515365601 12.1082134246826 11.9997615814209 12.0533056259155 12.0992069244385 12.1171884536743 12.2500371932983 12.2773809432983 12.0450620651245 11.9690141677856 11.9648809432983 11.8157768249512 11.9221057891846 11.8157768249512 12.001895904541 12.0245094299316 11.7437238693237 11.8779067993164 11.974081993103 12.0464754104614 12.1755495071411 12.064266204834 12.119818687439 12.2226009368896 12.3864994049072 12.6286649703979 12.5822601318359 12.5256433486938 12.8492527008057 12.6984281539917
11.6938371658325 11.782506942749 11.6068639755249 11.6775856018066 11.8490400314331 11.8673362731934 11.8426485061646 11.9656810760498 11.8673362731934 11.9481582641602 12.0483312606812 12.197603225708 12.1467618942261 12.1343679428101 12.2160806655884 12.1659173965454 12.3322925567627 12.3322925567627 12.1690540313721 11.9341611862183 12.1229486465454 11.8925228118896 12.1821022033691 12.2250366210938 12.2003145217896 12.0345191955566 12.1177186965942 11.9662094116211 12.1951093673706 12.1133766174316 11.9575319290161 12.0621213912964 11.9642868041992 12.0633554458618 12.1210165023804 12.179482460022 12.1397924423218 12.179482460022 12.2821187973022 12.2776575088501 12.3998937606812 12.5245904922485 12.4926691055298 12.418664932251 12.5086984634399 12.5061044692993 12.7469778060913
11.7935028076172 11.7615900039673 11.5305404663086 11.7494316101074 11.7476472854614 11.8490400314331 11.8490400314331 11.7773065567017 11.9451780319214 11.8368635177612 11.9983797073364 12.1603498458862 11.9340858459473 12.3097877502441 12.2686338424683 12.2614240646362 12.2614240646362 12.3091220855713 12.4239521026611 12.3458480834961 12.2645606994629 12.1324806213379 12.1082134246826 12.2347211837769 12.335376739502 12.3589897155762 11.986946105957 11.986946105957 12.3804988861084 12.1907405853271 12.0712356567383 12.1920070648193 11.9919986724854 12.0693054199219 12.1638135910034 12.1143760681152 12.1986417770386 12.1986417770386 12.3664274215698 12.2973108291626 12.3906354904175 12.482497215271 12.6321744918823 12.5544910430908 12.5775918960571 12.5061044692993 12.7350873947144
11.8100175857544 11.7602405548096 11.7655162811279 11.76429271698 11.782506942749 11.8824663162231 11.8824663162231 11.9451780319214 11.8730573654175 11.8730573654175 12.1334667205811 11.8368635177612 12.0470628738403 12.1467618942261 12.1415920257568 12.0837154388428 12.2409067153931 12.1846942901611 12.434473991394 12.3050222396851 12.434473991394 12.1177186965942 12.1324806213379 12.2347211837769 12.4373598098755 12.2077732086182 12.2837285995483 12.5127649307251 12.135721206665 12.1482553482056 12.2268123626709 12.119800567627 11.9919986724854 12.0711107254028 12.09153175354 12.2679376602173 12.0932683944702 12.1958255767822 12.5035133361816 12.4008417129517 12.4593954086304 12.543514251709 12.4129858016968 12.6521167755127 12.6635026931763 12.7408714294434 12.5908613204956
11.8714094161987 11.8100175857544 11.7206144332886 11.7621421813965 11.8750410079956 11.782506942749 11.8654842376709 11.8824663162231 11.9955043792725 12.0042123794556 11.9631547927856 12.0168037414551 11.9877586364746 12.1603498458862 12.1308841705322 11.9484729766846 12.0837154388428 12.2598104476929 12.376989364624 12.4497890472412 12.5241622924805 12.434473991394 12.3434839248657 12.4477958679199 12.5403747558594 12.3459825515747 12.2294435501099 12.4434051513672 12.3874616622925 12.2837285995483 12.1990489959717 12.1482553482056 12.2268123626709 12.3301639556885 12.3213052749634 12.4060010910034 12.1958255767822 12.2759952545166 12.5035133361816 12.5932559967041 12.6871147155762 12.6871147155762 12.6377391815186 12.6377391815186 12.822473526001 12.9631233215332 12.9631233215332
11.9042463302612 11.9042463302612 11.8541975021362 11.8312101364136 12.0608444213867 11.7823295593262 11.8654842376709 11.9309091567993 11.9618215560913 11.9877586364746 12.1005716323853 11.9877586364746 11.9877586364746 12.1878080368042 11.9965600967407 11.9484729766846 12.097882270813 12.3337154388428 12.4335708618164 12.4477958679199 12.4497890472412 12.3961601257324 12.3050222396851 12.38037109375 12.5669736862183 12.371750831604 12.5622806549072 12.3333759307861 12.2294435501099 12.1543111801147 12.0757932662964 12.3020401000977 12.3043603897095 12.3019218444824 12.3055324554443 12.4060010910034 12.4102602005005 12.5732269287109 12.6002740859985 12.6192846298218 12.7094459533691 12.7975969314575 12.6657047271729 12.7606334686279 12.8083667755127 12.8594541549683 12.9047975540161
12.0234565734863 11.8460130691528 11.9287338256836 11.9287338256836 11.9495439529419 12.026195526123 11.9558410644531 11.8654842376709 11.9309091567993 12.2786931991577 12.2916707992554 12.131609916687 12.191593170166 12.2001647949219 12.3014116287231 12.211049079895 12.3301725387573 12.3641548156738 12.3091011047363 12.3451690673828 12.3434839248657 12.4477958679199 12.545615196228 12.5538845062256 12.5403747558594 12.7799911499023 12.5691080093384 12.6099548339844 12.3303289413452 12.2837285995483 12.2805633544922 12.4184818267822 12.3874616622925 12.3280515670776 12.5459079742432 12.4065456390381 12.4929609298706 12.5167865753174 12.6002740859985 12.6092615127563 12.9530344009399 12.9631233215332 12.8376703262329 12.7593851089478 12.8695211410522 12.886155128479 12.9999399185181
12.2360486984253 12.0933303833008 12.0422534942627 12.0422534942627 12.0253877639771 11.9495439529419 12.0253877639771 12.0470247268677 12.2034177780151 12.2086620330811 12.1566410064697 12.1566410064697 12.2926979064941 12.2790794372559 12.3014116287231 12.479380607605 12.2790794372559 12.4011240005493 12.3641548156738 12.273344039917 12.3434839248657 12.5387172698975 12.5538845062256 12.6127424240112 12.5569849014282 12.664457321167 12.5691080093384 12.6113128662109 12.214485168457 12.214485168457 12.4031734466553 12.3071765899658 12.5269565582275 12.6339483261108 12.6511831283569 12.6002740859985 12.5167865753174 12.6652212142944 12.7446250915527 12.8286285400391 12.7814264297485 12.8428440093994 12.8188953399658 12.7964687347412 12.8515453338623 12.8817377090454 13.0067100524902
12.1674375534058 11.9529485702515 12.0422534942627 12.05885887146 12.1405572891235 12.1405572891235 12.1405572891235 12.313946723938 12.3176784515381 12.35009765625 12.1763648986816 12.4186143875122 12.3543968200684 12.5309762954712 12.4197387695312 12.5220127105713 12.5335311889648 12.5425605773926 12.667576789856 12.486759185791 12.5564203262329 12.7001399993896 12.6456575393677 12.8114242553711 12.5622806549072 12.664457321167 12.7832355499268 12.4872512817383 12.4557447433472 12.4888334274292 12.4557447433472 12.6113128662109 12.4294624328613 12.4294624328613 12.6471881866455 12.7564516067505 12.8940725326538 12.7820234298706 12.7814264297485 12.7814264297485 12.8622522354126 12.8937082290649 12.9047422409058 12.9498710632324 12.8708209991455 12.9641132354736 12.989351272583
