Demos/Rbased/CrashCourse/data/climate_processing/PresentLayers/Shortia_galacifolia/bio_9.asc
NCOLS 603 
NROWS 190 
XLLCORNER -83.7416666666667 
YLLCORNER 34.6416666666666 
CELLSIZE 0.00833333333333332 
NODATA_value -9999 
[rows 88 to 109 of 190, columns 490 to 538 of 603]
10.5833330154419 10.5999994277954 10.5999994277954 10.6166667938232 10.6333332061768 10.6333332061768 10.6166667938232 10.6166667938232 10.6333332061768 10.6666669845581 10.6333332061768 10.6333332061768 10.6666669845581 10.6666669845581 10.6666669845581 10.6999998092651 10.6999998092651 10.7333335876465 10.6999998092651 10.7166662216187 10.7666664123535 10.7833337783813 10.8000001907349 10.7666664123535 10.75 10.7666664123535 10.75 10.7333335876465 10.75 10.7333335876465 10.7333335876465 10.7333335876465 10.75 10.7333335876465 10.7333335876465 10.7333335876465 10.7333335876465 10.7833337783813 10.7333335876465 10.716667175293 10.716667175293 10.7333335876465 10.75 10.7333335876465 10.7333335876465 10.7333335876465 10.7833337783813 10.75 10.75
10.5666666030884 10.6166667938232 10.6166667938232 10.6166667938232 10.6166667938232 10.6166667938232 10.6166667938232 10.6333332061768 10.6499996185303 10.6499996185303 10.6666669845581 10.6999998092651 10.7166662216187 10.6666669845581 10.6833333969116 10.7166662216187 10.7666664123535 10.7666664123535 10.7666664123535 10.7333335876465 10.7833337783813 10.7833337783813 10.7666664123535 10.75 10.7333335876465 10.7166662216187 10.6999998092651 10.6999998092651 10.7333335876465 10.7333335876465 10.75 10.7333335876465 10.75 10.7333335876465 10.7333335876465 10.7333335876465 10.7666673660278 10.7666673660278 10.7333335876465 10.7333335876465 10.6999998092651 10.75 10.7833337783813 10.75 10.75 10.75 10.7666664123535 10.7833337783813 10.7666664123535
10.5833330154419 10.5833330154419 10.6166667938232 10.6333332061768 10.6166667938232 10.6000003814697 10.6333332061768 10.6499996185303 10.6333332061768 10.6499996185303 10.6999998092651 10.7166662216187 10.6999998092651 10.6999998092651 10.7333335876465 10.7333335876465 10.7333335876465 10.75 10.75 10.7833337783813 10.7666664123535 10.7666664123535 10.7333335876465 10.7166662216187 10.6999998092651 10.6666669845581 10.6999998092651 10.716667175293 10.716667175293 10.716667175293 10.7333335876465 10.7333335876465 10.75 10.716667175293 10.75 10.7666673660278 10.7333335876465 10.7333335876465 10.7333335876465 10.7666664123535 10.75 10.75 10.7666664123535 10.75 10.7666664123535 10.7666664123535 10.7666664123535 10.7666664123535 10.8000001907349
10.6333332061768 10.6333332061768 10.6499996185303 10.6499996185303 10.6333332061768 10.6166667938232 10.6333332061768 10.6499996185303 10.6666660308838 10.6999998092651 10.7333335876465 10.6666660308838 10.6499996185303 10.6999998092651 10.6999998092651 10.6999998092651 10.6999998092651 10.6999998092651 10.7333335876465 10.75 10.7666664123535 10.75 10.6999998092651 10.6999998092651 10.6999998092651 10.6833333969116 10.7333335876465 10.716667175293 10.716667175293 10.7333335876465 10.7333335876465 10.7333335876465 10.7333335876465 10.7333335876465 10.7333335876465 10.7333335876465 10.7333335876465 10.7333335876465 10.7333335876465 10.75 10.75 10.75 10.7666664123535 10.783332824707 10.783332824707 10.783332824707 10.8166666030884 10.8500003814697 10.8333330154419
10.6833333969116 10.6999998092651 10.6833333969116 10.6666660308838 10.6666660308838 10.6666660308838 10.6666660308838 10.6999998092651 10.7333335876465 10.75 10.7166662216187 10.6999998092651 10.6499996185303 10.6999998092651 10.6999998092651 10.6999998092651 10.6999998092651 10.6999998092651 10.6999998092651 10.7333335876465 10.75 10.6999998092651 10.6999998092651 10.6999998092651 10.6999998092651 10.75 10.7666664123535 10.7666664123535 10.7666664123535 10.7666673660278 10.7333335876465 10.716667175293 10.6999998092651 10.7333335876465 10.75 10.716667175293 10.7333335876465 10.8000001907349 10.7833337783813 10.7666664123535 10.7666664123535 10.783332824707 10.783332824707 10.783332824707 10.8000001907349 10.8000001907349 10.8333330154419 10.8666667938232 -9999
10.6666660308838 10.7166662216187 10.7166662216187 10.7166662216187 10.7166662216187 10.6833333969116 10.6833333969116 10.7166662216187 10.7333335876465 10.7166662216187 10.7333326339722 10.6999998092651 10.6833333969116 10.7333326339722 10.7333326339722 10.7333326339722 10.7333326339722 10.7166662216187 10.7166662216187 10.7166662216187 10.75 10.6999998092651 10.6666660308838 10.6999998092651 10.7333335876465 10.7666664123535 10.7666664123535 10.8000001907349 10.8166666030884 10.8000001907349 10.7333335876465 10.6999998092651 10.7333335876465 10.75 10.75 10.7666664123535 10.7666664123535 10.7666664123535 10.8166666030884 10.7666664123535 10.783332824707 10.783332824707 10.8000001907349 10.8000001907349 10.8166666030884 -9999 -9999 -9999 -9999
10.6666660308838 10.6666660308838 10.6833333969116 10.6833333969116 10.6999998092651 10.7166662216187 10.7166662216187 10.7333335876465 10.7166662216187 10.75 10.7166662216187 10.7166662216187 10.7166662216187 10.75 10.75 10.75 10.75 10.7333326339722 10.6833333969116 10.6833333969116 10.7166662216187 10.7166662216187 10.7166662216187 10.7333335876465 10.7666664123535 10.7666664123535 10.8000001907349 10.8166666030884 10.8166666030884 10.8000001907349 10.7666664123535 10.7666664123535 10.8166666030884 10.7666664123535 10.8166666030884 10.8166666030884 10.7833337783813 10.7666664123535 10.8000001907349 10.8333330154419 10.8000001907349 10.8166666030884 10.8166666030884 -9999 -9999 -9999 -9999 -9999 -9999
10.6666660308838 10.6666660308838 10.6666660308838 10.6833333969116 10.6833333969116 10.6999998092651 10.7333335876465 10.75 10.75 10.75 10.7166662216187 10.7166662216187 10.75 10.75 10.7666664123535 10.75 10.7333326339722 10.75 10.6999998092651 10.6833333969116 10.7166662216187 10.7166662216187 10.7333335876465 10.7666664123535 10.7666664123535 10.8166666030884 10.8166666030884 10.8000001907349 10.8166666030884 10.7666664123535 10.7666664123535 10.8000001907349 10.8333330154419 10.8333330154419 10.8000001907349 10.8166666030884 10.8000001907349 10.783332824707 10.8000001907349 10.8666667938232 -9999 -9999 -9999 -9999 -9999 -9999 -9999 -9999 -9999
10.6333332061768 10.6666660308838 10.6666660308838 10.6833333969116 10.6999998092651 10.6833333969116 10.6999998092651 10.7666664123535 10.75 10.7333326339722 10.7333326339722 10.7666664123535 10.783332824707 10.783332824707 10.783332824707 10.75 10.7333326339722 10.7166662216187 10.75 10.75 10.7166662216187 10.7333335876465 10.7666664123535 10.7666664123535 10.8000001907349 10.7833337783813 10.783332824707 10.8333330154419 10.8000001907349 10.783332824707 10.783332824707 10.8500003814697 10.8500003814697 10.8333330154419 10.8166666030884 10.8500003814697 10.8500003814697 -9999 -9999 -9999 -9999 -9999 -9999 -9999 -9999 -9999 -9999 -9999 -9999
10.6833333969116 10.6999998092651 10.7333335876465 10.6999998092651 10.6833333969116 10.6833333969116 10.75 10.7333326339722 10.7333326339722 10.7333326339722 10.7666664123535 10.8000001907349 10.783332824707 10.8000001907349 10.8000001907349 10.7666664123535 10.7333326339722 10.7333326339722 10.7666664123535 10.783332824707 10.7666664123535 10.7666664123535 10.7833337783813 10.8166666030884 10.8333330154419 10.783332824707 10.783332824707 10.8166666030884 10.8000001907349 10.8166666030884 10.8666667938232 10.8666667938232 10.8833332061768 10.8500003814697 10.8666667938232 -9999 -9999 -9999 -9999 -9999 -9999 -9999 -9999 -9999 -9999 -9999 -9999 -9999 -9999
10.7666664123535 10.7333326339722 10.7333326339722 10.7666664123535 10.7333326339722 10.7333326339722 10.7333326339722 10.7666664123535 10.75 10.7666664123535 10.8000001907349 10.8166666030884 10.7666664123535 10.7666664123535 10.8000001907349 10.7666664123535 10.7333326339722 10.7666664123535 10.783332824707 10.7666664123535 10.7666664123535 10.7666664123535 10.7833337783813 10.8000001907349 10.8000001907349 10.8166666030884 10.8166666030884 10.8666667938232 10.8333330154419 10.8500003814697 10.8500003814697 10.9000005722046 -9999 -9999 -9999 -9999 -9999 -9999 -9999 -9999 -9999 -9999 -9999 -9999 -9999 -9999 -9999 -9999 -9999
10.7333326339722 10.7333326339722 10.7333326339722 10.7666664123535 10.75 10.7333326339722 10.7666664123535 10.783332824707 10.7666664123535 10.783332824707 10.8333330154419 10.8333330154419 10.7666664123535 10.8166666030884 10.7666664123535 10.7333326339722 10.783332824707 10.783332824707 10.783332824707 10.8166666030884 10.8000001907349 10.7833337783813 10.8333330154419 10.8333330154419 10.8166666030884 10.8333330154419 10.8666667938232 10.8833332061768 10.9000005722046 10.9166669845581 -9999 -9999 -9999 -9999 -9999 -9999 -9999 -9999 -9999 -9999 -9999 -9999 -9999 -9999 -9999 -9999 -9999 -9999 -9999
10.7666664123535 10.7666664123535 10.783332824707 10.8000001907349 10.8000001907349 10.783332824707 10.783332824707 10.783332824707 10.783332824707 10.8666667938232 10.8666667938232 10.8666667938232 10.783332824707 10.783332824707 10.7666664123535 10.7333326339722 10.783332824707 10.8000001907349 10.8333330154419 10.8333330154419 10.8333330154419 10.8000001907349 10.8333330154419 10.8333330154419 10.8166666030884 10.8333330154419 10.9000005722046 -9999 -9999 -9999 -9999 -9999 -9999 -9999 -9999 -9999 -9999 -9999 -9999 -9999 -9999 -9999 -9999 -9999 -9999 -9999 -9999 -9999 -9999
10.783332824707 10.8333330154419 10.783332824707 10.8333330154419 10.8000001907349 10.8333330154419 10.8333330154419 10.8166666030884 10.8666667938232 10.8666667938232 10.8833332061768 10.8666667938232 10.8166666030884 10.8000001907349 10.8166666030884 10.783332824707 10.783332824707 10.8333330154419 10.8333330154419 10.8333330154419 10.8333330154419 10.8333330154419 10.8000001907349 10.8333330154419 10.8333330154419 -9999 -9999 -9999 -9999 -9999 -9999 -9999 -9999 -9999 -9999 -9999 -9999 -9999 -9999 -9999 -9999 -9999 -9999 -9999 -9999 -9999 -9999 -9999 -9999
10.8333330154419 10.8333330154419 10.7999992370605 10.8666667938232 10.8666667938232 10.8499994277954 10.8666667938232 10.8333330154419 10.8833332061768 10.8833332061768 10.9333333969116 10.8833332061768 10.8499994277954 10.8333330154419 10.8333330154419 10.8333330154419 10.8166666030884 10.8333330154419 10.8333330154419 10.8333330154419 10.8166666030884 10.8333330154419 -9999 -9999 -9999 -9999 -9999 -9999 -9999 -9999 -9999 -9999 -9999 -9999 -9999 -9999 -9999 -9999 -9999 -9999 -9999 -9999 -9999 -9999 -9999 -9999 -9999 -9999 -9999
10.8166666030884 10.8666667938232 10.8333330154419 10.8333330154419 10.8666667938232 10.8166666030884 10.8166666030884 10.8166666030884 10.8666667938232 10.8666667938232 10.9166669845581 10.8833332061768 10.8666667938232 10.8833332061768 10.8833332061768 10.8500003814697 10.8166666030884 10.8166666030884 10.8166666030884 10.8333330154419 -9999 -9999 -9999 -9999 -9999 -9999 -9999 -9999 -9999 -9999 -9999 -9999 -9999 -9999 -9999 -9999 -9999 -9999 -9999 -9999 -9999 -9999 -9999 -9999 -9999 -9999 -9999 -9999 -9999
10.8333330154419 10.8666667938232 10.8666667938232 10.8333330154419 10.8166666030884 10.8166666030884 10.8000001907349 10.8166666030884 10.8166666030884 10.8333330154419 10.8833332061768 10.8833332061768 10.8666667938232 10.8999996185303 10.8833332061768 10.8500003814697 10.8000001907349 -9999 -9999 -9999 -9999 -9999 -9999 -9999 -9999 -9999 -9999 -9999 -9999 -9999 -9999 -9999 -9999 -9999 -9999 -9999 -9999 -9999 -9999 -9999 -9999 -9999 -9999 -9999 -9999 -9999 -9999 -9999 -9999
10.8000001907349 10.8333330154419 10.8499994277954 10.8166666030884 10.8166666030884 10.7833337783813 10.7666673660278 10.7833337783813 10.8166666030884 10.8333330154419 10.8833332061768 10.8666667938232 10.9166669845581 10.8999996185303 10.8666667938232 -9999 -9999 -9999 -9999 -9999 -9999 -9999 -9999 -9999 -9999 -9999 -9999 -9999 -9999 -9999 -9999 -9999 -9999 -9999 -9999 -9999 -9999 -9999 -9999 -9999 -9999 -9999 -9999 -9999 -9999 -9999 -9999 -9999 -9999
10.8499994277954 10.8499994277954 10.8666667938232 10.8499994277954 10.8166666030884 10.8166666030884 10.8000001907349 10.8166666030884 10.8333330154419 10.8833332061768 10.9333333969116 10.9333333969116 10.9166669845581 -9999 -9999 -9999 -9999 -9999 -9999 -9999 -9999 -9999 -9999 -9999 -9999 -9999 -9999 -9999 -9999 -9999 -9999 -9999 -9999 -9999 -9999 -9999 -9999 -9999 -9999 -9999 -9999 -9999 -9999 -9999 -9999 -9999 -9999 -9999 -9999
10.8333330154419 10.8666667938232 10.8666667938232 10.8499994277954 10.8333330154419 10.8166666030884 10.8166666030884 10.8166666030884 10.8166666030884 10.8833332061768 -9999 -9999 -9999 -9999 -9999 -9999 -9999 -9999 -9999 -9999 -9999 -9999 -9999 -9999 -9999 -9999 -9999 -9999 -9999 -9999 -9999 -9999 -9999 -9999 -9999 -9999 -9999 -9999 -9999 -9999 -9999 -9999 -9999 -9999 -9999 -9999 -9999 -9999 -9999
10.8999996185303 10.8833332061768 10.9333333969116 10.8833332061768 10.8666667938232 10.8833332061768 10.8999996185303 10.9333333969116 -9999 -9999 -9999 -9999 -9999 -9999 -9999 -9999 -9999 -9999 -9999 -9999 -9999 -9999 -9999 -9999 -9999 -9999 -9999 -9999 -9999 -9999 -9999 -9999 -9999 -9999 -9999 -9999 -9999 -9999 -9999 -9999 -9999 -9999 -9999 -9999 -9999 -9999 -9999 -9999 -9999
10.8833332061768 10.8999996185303 10.8999996185303 10.8833332061768 10.8833332061768 -9999 -9999 -9999 -9999 -9999 -9999 -9999 -9999 -9999 -9999 -9999 -9999 -9999 -9999 -9999 -9999 -9999 -9999 -9999 -9999 -9999 -9999 -9999 -9999 -9999 -9999 -9999 -9999 -9999 -9999 -9999 -9999 -9999 -9999 -9999 -9999 -9999 -9999 -9999 -9999 -9999 -9999 -9999 -9999
