Demos/Rbased/CrashCourse/data/climate_processing/PresentLayers/Shortia_galacifolia/bio_7.asc
NCOLS 603 
NROWS 190 
XLLCORNER -83.7416666666667 
YLLCORNER 34.6416666666666 
CELLSIZE 0.00833333333333332 
NODATA_value -9999 
[rows 69 to 91 of 190, columns 104 to 155 of 603]
30 31 31.2999992370605 31.0999984741211 31.5999984741211 32.4000015258789 32.2999992370605 31.9000015258789 32 31.3999996185303 31.6000003814697 32.5 32.7000007629395 32.7000007629395 32.7999992370605 32.7999992370605 32.2999992370605 32.7999992370605 33 33.0999984741211 33.2000007629395 33.2000007629395 33.2999992370605 33.2999992370605 33.2999992370605 33.4000015258789 33.2999992370605 33.2999992370605 33.2000007629395 33.2000007629395 33.2000007629395 33.2000007629395 33.2000007629395 33.2000007629395 33.1000022888184 33.0999984741211 32.7000007629395 32.7000007629395 32.7999992370605 32.7000007629395 32.7000007629395 32.6000022888184 32.6000022888184 32.4000015258789 32.2000007629395 31.6000003814697 31.7999992370605 32.2000007629395 32.2999992370605 32 31.5999984741211 31.8999996185303
30.2999992370605 30.6000003814697 30.2000007629395 31 31.8999996185303 32.2999992370605 31.4000015258789 30.8999996185303 30.8999996185303 30.5 31.5999984741211 32.5 32.2000007629395 32.5 32.7000007629395 32.6000022888184 32.5999984741211 33 33 33.0999984741211 33.2000007629395 33.2000007629395 33.2000007629395 33.2999992370605 33.2000007629395 33.2000007629395 33.2999992370605 33.2999992370605 33.2999992370605 33.2000007629395 33.2000007629395 33.0999984741211 33.0999984741211 33.2000007629395 33.0999984741211 33.0999984741211 33 32.9000015258789 32.7999992370605 32.7999992370605 32.5999984741211 32.6000022888184 32.5 32.2000007629395 31.5 31.1000003814697 31.9000015258789 32.4000015258789 32.4000015258789 32.2000007629395 32 31.5999984741211
30.7999992370605 31.1000003814697 30.2000007629395 31.2000007629395 31.5999984741211 31.5999984741211 30.3999996185303 29.8999996185303 30.1000003814697 30.8999996185303 31.9000015258789 32.0999984741211 32 32.5999984741211 32.5999984741211 32.7000007629395 32.8999977111816 32.7999992370605 33 33.0999984741211 33.0999984741211 33.0999984741211 33.0999984741211 33.2000007629395 33.0999984741211 33.2000007629395 33.2000007629395 33.1000022888184 33.2000007629395 33.2000007629395 33.2000007629395 33.0999984741211 33.2000007629395 33.2000007629395 33.2000007629395 33.2000007629395 33 33 32.9000015258789 32.7000007629395 32.4000015258789 32.2000007629395 32.0999984741211 31.6000003814697 31.6000003814697 31.7000007629395 32 32.2999992370605 32.5 32.2999992370605 32.2000007629395 32.2000007629395
31.2999992370605 31.2999992370605 30.5 30.6000003814697 30 30.7000007629395 29.8999996185303 29.8000011444092 30.3999996185303 31.2999992370605 31.5 31.5 32.2999992370605 32.5 32.5 32.4000015258789 32.5999984741211 32.7999992370605 32.9000015258789 33.0999984741211 32.8999977111816 33 32.8999977111816 32.8999977111816 33.0999984741211 33.0999984741211 33.0999984741211 33 33.0999984741211 33.2000007629395 33.0999984741211 33.0999984741211 33.2000007629395 33.2000007629395 33.2000007629395 33.2999992370605 33.2000007629395 33 33 32.7999992370605 32.3999977111816 32.2000007629395 32.2999992370605 31.9000015258789 32.5 32.2000007629395 32 32.5 32.5 32.5999984741211 32.5999984741211 32.4000015258789
32 30.7999992370605 30.3999996185303 29.6000003814697 30 30.8999996185303 30.5 30.2999992370605 30.1000003814697 30.6999988555908 31.2000007629395 32.0999984741211 32.2999992370605 32.2999992370605 32.4000015258789 32.5999984741211 32.7999992370605 32.9000015258789 32.7999992370605 32.7999992370605 32.6000022888184 32.5 32.4000015258789 32.7000007629395 33 33 32.9000015258789 32.9000015258789 33 33.1000022888184 33.1000022888184 33 33.2000007629395 33.0999984741211 33.2000007629395 33.2000007629395 33.2000007629395 33.0999984741211 33 33 32.5999984741211 32.6000022888184 32.4000015258789 32.2000007629395 32.7000007629395 32.5 32.5 32.5999984741211 32.6000022888184 32.5999984741211 32.5999984741211 32.5999984741211
31.3999996185303 30.7999992370605 30.1000003814697 30 30.5 31.5999984741211 30.7999992370605 30.7999992370605 30.2000007629395 30.6999988555908 31.2000007629395 31.8999996185303 31.8000011444092 31.5 32.1000022888184 32.5 32.7999992370605 32.7000007629395 32.5 32.2999992370605 31.8999996185303 32.5 32.5999984741211 32.7999992370605 32.7999992370605 32.5999984741211 32.4000015258789 32.5 32.7999992370605 33 33 33.0999984741211 33.2000007629395 33.0999984741211 33.2000007629395 33.2999992370605 33.2000007629395 33.2000007629395 33.0999984741211 33 32.7000007629395 32.7999992370605 32.4000015258789 32.6000022888184 32.7999992370605 32.7000007629395 32.6000022888184 32.7000007629395 32.7000007629395 32.7000007629395 32.7000007629395 32.7999992370605
31.1000003814697 30.2999992370605 30.1000003814697 30.6000003814697 31.2000007629395 31.8000011444092 31.5 30.7999992370605 29.7999992370605 29.3999996185303 30.5 31.0999984741211 31 30.7999992370605 32.1000022888184 32.5 32.5999984741211 32.4000015258789 32.2999992370605 32 32.2999992370605 32.2999992370605 32.4000015258789 32.4000015258789 32.1000022888184 32.1000022888184 32.2999992370605 32.5999984741211 32.7999992370605 33 33.2000007629395 33.2000007629395 33.2000007629395 33.2000007629395 33.2999992370605 33.2999992370605 33.2999992370605 33.2000007629395 33.0999984741211 33 32.9000015258789 33 32.7000007629395 32.7999992370605 32.7999992370605 32.7000007629395 32.7000007629395 32.7000007629395 32.7999992370605 32.7999992370605 32.6000022888184 32.6000022888184
30.8999996185303 30.8999996185303 30.2999992370605 30.8999996185303 31.7000007629395 32.0999984741211 31.8000011444092 31.2000007629395 31.0999984741211 31.0999984741211 30.9000015258789 30 30.9000015258789 32 32.2999992370605 32.2999992370605 31.8999996185303 32.2000007629395 32.4000015258789 32.5999984741211 32.5999984741211 32.4000015258789 32.2999992370605 32.1000022888184 31.8999996185303 32.5999984741211 32.5 32.4000015258789 33 33.0999984741211 33.2000007629395 33.2000007629395 33.2999992370605 33.2000007629395 33.2999992370605 33.3999977111816 33.2999992370605 33.2999992370605 33.2000007629395 33 33 33 33 33 32.9000015258789 32.9000015258789 32.7999992370605 32.7999992370605 32.9000015258789 32.7999992370605 32.7000007629395 32.7000007629395
31.7999992370605 31.5 30.6000003814697 31.5999984741211 32.0999984741211 32.2999992370605 31.6000003814697 31.8000011444092 32 32 31.6000003814697 30.9000015258789 31.6000003814697 32 31.7000007629395 31.2000007629395 31.6000003814697 32.5 32.7000007629395 32.7000007629395 32.7000007629395 32.7000007629395 32.7000007629395 32.5999984741211 32.5 32.7000007629395 32.7999992370605 32.9000015258789 33 33.0999984741211 33.2000007629395 33.2000007629395 33.2000007629395 33.2000007629395 33.2999992370605 33.2999992370605 33.2999992370605 33.2999992370605 33.2000007629395 33.0999984741211 33.0999984741211 33.0999984741211 33.2000007629395 33.0999984741211 33 32.8999977111816 32.9000015258789 32.9000015258789 32.7999992370605 32.7999992370605 32.2000007629395 32.2000007629395
32.2000007629395 32.2000007629395 31.9000015258789 31.7000007629395 32.2000007629395 32.2999992370605 32 31.8000011444092 32.1000022888184 32 31.7000007629395 31.7999992370605 31.3000011444092 31 31.3999996185303 31.8999996185303 32.2000007629395 32.2999992370605 32.5 32.7999992370605 32.7999992370605 32.7999992370605 32.7999992370605 32.7999992370605 32.7999992370605 32.7000007629395 33 33 33.1000022888184 33.2000007629395 33.2000007629395 33.2000007629395 33.2999992370605 33.2999992370605 33.2999992370605 33.2999992370605 33.2999992370605 33.2999992370605 33.2999992370605 33.2999992370605 33.2000007629395 33.2000007629395 33.0999984741211 33.0999984741211 33 33 32.7999992370605 32.7000007629395 32.3999977111816 32.5 32.2000007629395 31.3999996185303
32.5 32.5999984741211 32.5 32.2999992370605 32.5 32.5 32 32.2000007629395 32.2999992370605 32.2000007629395 32 31.3000011444092 30.7999992370605 31.5 31.8999996185303 32.2999992370605 32.5 32.5 32.7000007629395 32.7000007629395 32.7999992370605 32.7999992370605 32.7999992370605 32.9000015258789 32.9000015258789 32.9000015258789 33 33.0999984741211 33.0999984741211 33.2000007629395 33.2999992370605 33.2999992370605 33.2000007629395 33.2000007629395 33.2999992370605 33.2000007629395 33.2999992370605 33.3999977111816 33.2999992370605 33.2999992370605 33.2999992370605 33.2999992370605 33.2000007629395 33.0999984741211 33 33 32.7999992370605 32.7000007629395 32.0999984741211 31.7999992370605 31.6999988555908 30.7000007629395
32.7000007629395 32.6000022888184 32.6000022888184 32.5 32.5 32.5 32.4000015258789 32.5 32.4000015258789 31.8999996185303 30.9000015258789 30.5999984741211 31.1000003814697 32 32.3999977111816 32.2000007629395 32.5 32.6000022888184 32.7000007629395 32.7999992370605 32.7000007629395 32.7999992370605 32.9000015258789 32.9000015258789 32.7999992370605 33 33.0999984741211 33.0999984741211 33.2000007629395 33.2000007629395 33.2999992370605 33.2999992370605 33.2999992370605 33.2999992370605 33.2999992370605 33.2000007629395 33.2000007629395 33.2000007629395 33.2999992370605 33.2999992370605 33.2999992370605 33.2999992370605 33.2000007629395 33.2000007629395 33 32.7999992370605 32.7999992370605 32.7999992370605 32.7000007629395 32.2999992370605 31.3999996185303 31.2000007629395
32.7000007629395 32.7000007629395 32.7000007629395 32.7000007629395 32.5 32.5 32.4000015258789 32.5 32.2999992370605 31.8999996185303 31.7000007629395 31.7999992370605 32 32.2999992370605 32.4000015258789 32.5 32.6000022888184 32.7000007629395 32.7000007629395 32.7999992370605 32.7999992370605 32.7999992370605 32.9000015258789 32.9000015258789 33 33.0999984741211 33.0999984741211 33.0999984741211 33.0999984741211 33.2000007629395 33.2999992370605 33.2000007629395 33.2000007629395 33.2000007629395 33.2000007629395 33.2000007629395 33.2000007629395 33.2000007629395 33.2000007629395 33.2000007629395 33.2999992370605 33.2000007629395 33.2000007629395 33.0999984741211 32.9000015258789 32.7000007629395 32.7000007629395 32.7000007629395 32.6000022888184 32.4000015258789 32 32.2000007629395
32.7999992370605 32.7000007629395 32.7000007629395 32.7000007629395 32.6000022888184 32.6000022888184 32.7000007629395 32.7000007629395 32.5999984741211 32.5999984741211 32.5 32.4000015258789 32.5 32.5 32.6000022888184 32.6000022888184 32.5999984741211 32.7000007629395 32.7999992370605 32.7999992370605 32.7999992370605 32.9000015258789 32.9000015258789 32.7999992370605 33 33 33.0999984741211 33 33 33.0999984741211 33.2000007629395 33.0999984741211 33.0999984741211 33.0999984741211 33.0999984741211 33.0999984741211 33.0999984741211 33.0999984741211 33.0999984741211 33.1000022888184 33.1000022888184 33.1000022888184 33.0999984741211 32.9000015258789 32.7000007629395 32.2000007629395 32.5 32.4000015258789 32 31.7000007629395 31.7999992370605 32
32.2999992370605 32.2999992370605 32.5999984741211 32.7999992370605 32.7000007629395 32.6000022888184 32.6000022888184 32.6000022888184 32.2999992370605 32.0999984741211 32.1000022888184 31.6000003814697 32 32.3999977111816 32.4000015258789 32.5999984741211 32.6000022888184 32.6000022888184 32.5 32.6000022888184 32.7999992370605 32.9000015258789 32.9000015258789 32.7999992370605 32.9000015258789 32.9000015258789 33 32.7999992370605 32.5 32.9000015258789 33 33 33 33 33 32.9000015258789 33 33.0999984741211 33.0999984741211 33 33.0999984741211 33 32.9000015258789 32.7000007629395 32.0999984741211 31.6000003814697 32.0999984741211 31.9000015258789 31.2999992370605 31.5999984741211 32.2999992370605 32.0999984741211
32.0999984741211 32.5 32.7000007629395 32.7999992370605 32.7000007629395 32.6000022888184 32.5 32.6000022888184 32.2999992370605 32.2000007629395 31.8999996185303 30.7000007629395 31.3000011444092 31.6000003814697 31.7999992370605 32.2999992370605 32.2999992370605 32.2999992370605 32.5 32.7000007629395 32.7999992370605 32.7999992370605 32.9000015258789 32.7999992370605 33 33 32.9000015258789 32.7000007629395 32.7999992370605 32.5999984741211 32.7999992370605 32.9000015258789 32.9000015258789 32.9000015258789 32.9000015258789 32.9000015258789 32.9000015258789 32.8999977111816 33 32.9000015258789 32.9000015258789 32.9000015258789 32.7999992370605 32.3999977111816 31.6999988555908 32.2000007629395 31.5999984741211 32 32 31.7000007629395 32.2000007629395 32.4000015258789
32.7999992370605 32.7000007629395 32.7999992370605 32.7999992370605 32.7999992370605 32.7000007629395 32.5 32.5 32.4000015258789 32.0999984741211 31.3999996185303 31 31.8999996185303 32.0999984741211 32.2000007629395 32.5 32.5 32.5999984741211 32.5 32.7000007629395 32.7999992370605 32.7999992370605 32.7999992370605 32.7999992370605 32.7999992370605 32.7000007629395 32.9000015258789 32.7999992370605 32.5999984741211 32.5 32.7999992370605 32.7999992370605 32.9000015258789 32.9000015258789 32.7999992370605 32.7999992370605 32.8999977111816 32.7999992370605 32.7999992370605 32.7999992370605 32.9000015258789 32.9000015258789 32.7000007629395 32.5 32 32.2999992370605 31.8999996185303 31.8999996185303 32.2999992370605 32.0999984741211 32.2000007629395 32.2999992370605
32.7000007629395 32.7999992370605 32.7999992370605 32.7000007629395 32.5999984741211 32.3999977111816 32.2000007629395 32 32.2999992370605 31.8999996185303 30.9000015258789 30.9000015258789 31.6000003814697 32.2000007629395 32.3999977111816 32.4000015258789 32.5999984741211 32.7000007629395 32.7000007629395 32.7999992370605 32.7999992370605 32.7000007629395 32.7999992370605 32.7000007629395 32.5 32.7000007629395 32.5999984741211 32.5 32.2000007629395 32.7000007629395 32.7999992370605 32.7999992370605 32.7999992370605 32.7999992370605 32.7000007629395 32.7000007629395 32.7000007629395 32.7999992370605 32.7999992370605 32.7000007629395 32.7999992370605 32.7999992370605 32.5999984741211 32.4000015258789 32.2000007629395 32.2999992370605 31.7999992370605 31.8000011444092 32.2000007629395 32.2000007629395 32.2000007629395 32.4000015258789
32.9000015258789 32.7000007629395 32.7000007629395 32.5999984741211 32.2000007629395 31.5 31.8000011444092 32 32.2999992370605 31.6000003814697 30.5 31.2000007629395 31.8999996185303 32.2000007629395 32.2000007629395 32.2000007629395 32.5 32.5 32.5 32.6000022888184 32.7000007629395 32.5 32.6000022888184 32.5 32.2999992370605 31.8999996185303 32 32.2000007629395 32.3999977111816 32.6000022888184 32.7999992370605 32.7999992370605 32.7999992370605 32.7000007629395 32.7999992370605 32.7000007629395 32.7000007629395 32.7000007629395 32.5999984741211 32.5999984741211 32.5999984741211 32.7000007629395 32.5999984741211 32.4000015258789 32.2999992370605 32.4000015258789 32.2000007629395 32.2999992370605 32.2999992370605 32.2000007629395 32.4000015258789 32.4000015258789
32.7000007629395 32.5999984741211 32.4000015258789 32.5 32.2000007629395 31.8000011444092 31 31.6000003814697 31.7999992370605 31 30.7000007629395 31.5 31.7999992370605 31.9000015258789 32.0999984741211 32.4000015258789 32.5 32.4000015258789 32.4000015258789 32.2000007629395 32 32.3999977111816 32.5999984741211 31.7999992370605 31.9000015258789 31.2999992370605 31.6999988555908 32.4000015258789 32.6000022888184 32.7000007629395 32.5999984741211 32.5999984741211 32.5 32.5 32.7000007629395 32.7000007629395 32.7000007629395 32.7999992370605 32.7999992370605 32.7000007629395 32.7999992370605 32.7000007629395 32.7000007629395 32.2000007629395 32.2999992370605 32.5 32.4000015258789 32.5 32.4000015258789 32.5 32.5 32.5
32.5 32.2000007629395 31.8999996185303 32 31.8999996185303 31.8999996185303 31 30.4000015258789 30.5999984741211 30.0999984741211 30.5999984741211 30.8000011444092 31.3999996185303 31.9000015258789 32.2000007629395 32.4000015258789 32.2999992370605 32 32.2999992370605 32.0999984741211 31.9000015258789 31.9000015258789 32.0999984741211 32.0999984741211 31.3999996185303 31.2999992370605 32 32.4000015258789 32.5999984741211 32.5 32.2999992370605 32.2000007629395 32.2000007629395 32.5 32.5999984741211 32.5999984741211 32.7000007629395 32.7000007629395 32.7999992370605 32.7000007629395 32.7999992370605 32.7000007629395 32.7000007629395 32.2999992370605 32.4000015258789 32.5 32.5999984741211 32.5999984741211 32.5 32.5 32.5999984741211 32.5999984741211
32.5 32.0999984741211 31.5 31.4000015258789 31 30.4000015258789 30.4000015258789 29.7999992370605 29.2999992370605 29.3999996185303 30.2000007629395 31.2000007629395 31.9000015258789 32.2000007629395 32.2999992370605 31.8999996185303 32.2000007629395 31.7000007629395 32.2000007629395 31.8999996185303 31.2999992370605 30.7999992370605 31.9000015258789 32 31.1999988555908 31.2999992370605 31.8999996185303 32.4000015258789 32.2999992370605 31.8999996185303 31.8999996185303 32.2999992370605 32.2999992370605 32.0999984741211 32.4000015258789 32.7000007629395 32.5999984741211 32.5999984741211 32.7999992370605 32.7000007629395 32.7000007629395 32.7000007629395 32.7000007629395 32.5999984741211 32.5 32.5999984741211 32.5999984741211 32.5999984741211 32.7000007629395 32.7000007629395 32.5999984741211 32.5999984741211
32.4000015258789 32.4000015258789 32.4000015258789 32.2999992370605 31.8999996185303 30.9000015258789 31.2000007629395 30.8999996185303 29.7999992370605 29.5 30.0999984741211 31 31.8999996185303 32 31.8000011444092 31.5 32 31.7999992370605 31.9000015258789 31.4000015258789 30.5 31 31.5999984741211 31.2999992370605 30.6000003814697 31.5999984741211 31.8000011444092 31.8999996185303 31.7000007629395 31.8999996185303 32.2000007629395 32.2999992370605 32.5 32.4000015258789 32.5 32.5999984741211 32.5999984741211 32.5999984741211 32.7000007629395 32.7999992370605 32.7000007629395 32.7000007629395 32.7000007629395 32.7000007629395 32.5999984741211 32.7000007629395 32.7000007629395 32.5999984741211 32.7000007629395 32.7000007629395 32.5999984741211 32.0999984741211
