Demos/Rbased/CrashCourse/data/climate_processing/PresentLayers/Shortia_galacifolia/bio_18.asc
NCOLS 523 
NROWS 122 
XLLCORNER -83.2916666667633 
YLLCORNER 34.9749999999364 
CELLSIZE 0.00833333333316142 
NODATA_value -9999 
[rows 36 to 71 of 122, columns 82 to 163 of 523]
-9999 -9999 -9999 -9999 -9999 -9999 -9999 -9999 -9999 -9999 -9999 -9999 -9999 -9999 -9999 -9999 -9999 -9999 -9999 -9999 -9999 -9999 -9999 -9999 -9999 -9999 -9999 -9999 -9999 -9999 -9999 -9999 -9999 -9999 -9999 -9999 -9999 420 409 390 376 382 382 373 367 353 349 352 341 339 346 358 361 348 346 354 356 359 350 341 334 332 330 331 330 329 328 330 332 332 332 332 332 333 333 333 336 337 333 332 330 330
-9999 -9999 -9999 -9999 -9999 -9999 -9999 -9999 -9999 -9999 -9999 -9999 -9999 -9999 -9999 -9999 -9999 -9999 -9999 -9999 -9999 -9999 -9999 -9999 -9999 -9999 -9999 -9999 -9999 -9999 -9999 -9999 -9999 -9999 -9999 388 409 422 413 386 362 362 362 362 356 362 351 339 338 338 343 360 368 354 339 338 347 342 336 333 331 330 332 329 329 331 331 332 332 333 334 332 332 331 333 333 333 335 334 332 331 331
-9999 -9999 -9999 -9999 -9999 -9999 -9999 -9999 -9999 -9999 -9999 -9999 -9999 -9999 -9999 -9999 -9999 -9999 -9999 -9999 -9999 -9999 -9999 -9999 -9999 -9999 -9999 -9999 -9999 -9999 -9999 -9999 -9999 -9999 369 391 404 398 398 385 361 347 353 347 356 347 345 344 341 337 337 349 354 343 342 336 333 333 331 330 330 330 329 330 333 332 333 332 333 332 334 334 337 334 331 331 333 332 333 331 334 331
-9999 -9999 -9999 -9999 -9999 -9999 -9999 -9999 -9999 -9999 -9999 -9999 -9999 -9999 -9999 -9999 -9999 -9999 -9999 -9999 -9999 -9999 -9999 -9999 -9999 -9999 -9999 -9999 -9999 -9999 -9999 -9999 348 360 379 396 385 372 379 376 361 347 341 341 347 341 339 347 340 338 334 338 341 339 334 333 333 333 331 330 330 332 332 332 331 334 333 333 334 334 334 334 336 341 337 333 331 331 333 331 331 331
-9999 -9999 -9999 -9999 -9999 -9999 -9999 -9999 -9999 -9999 -9999 -9999 -9999 -9999 -9999 -9999 -9999 -9999 -9999 -9999 -9999 -9999 -9999 -9999 -9999 -9999 -9999 -9999 -9999 -9999 -9999 349 347 359 378 381 374 361 379 369 354 345 341 336 337 339 339 339 344 344 337 334 334 334 333 333 332 331 332 332 332 332 333 334 334 334 333 333 334 334 334 334 338 340 339 333 332 331 332 334 331 330
-9999 -9999 -9999 -9999 -9999 -9999 -9999 -9999 -9999 -9999 -9999 -9999 -9999 -9999 -9999 -9999 -9999 -9999 -9999 -9999 -9999 -9999 -9999 -9999 -9999 -9999 -9999 -9999 -9999 353 340 346 349 362 374 359 356 358 375 372 355 354 342 342 339 336 339 335 338 335 338 337 334 332 332 333 333 333 331 331 332 333 335 334 335 334 336 334 334 334 332 333 336 335 334 337 335 334 331 331 331 331
-9999 -9999 -9999 -9999 -9999 -9999 -9999 -9999 -9999 -9999 -9999 -9999 -9999 -9999 -9999 -9999 -9999 -9999 -9999 -9999 -9999 -9999 -9999 -9999 -9999 -9999 -9999 -9999 359 344 341 352 346 353 356 349 361 364 378 378 367 356 348 344 339 336 335 335 335 334 335 334 332 331 331 331 331 331 333 333 335 335 335 336 336 336 336 336 336 337 334 332 333 334 333 335 338 333 331 331 331 334
-9999 -9999 -9999 -9999 -9999 -9999 -9999 -9999 -9999 -9999 -9999 -9999 -9999 -9999 -9999 -9999 -9999 -9999 -9999 -9999 -9999 -9999 -9999 -9999 -9999 -9999 373 365 348 340 343 359 345 346 346 346 349 356 367 360 363 353 347 347 346 343 340 337 335 335 332 332 332 334 333 333 333 333 335 334 335 335 335 335 336 336 336 336 336 336 338 334 333 332 333 333 333 332 333 335 332 336
-9999 -9999 -9999 -9999 -9999 -9999 -9999 -9999 -9999 -9999 -9999 -9999 -9999 -9999 -9999 -9999 -9999 -9999 -9999 -9999 -9999 -9999 -9999 -9999 -9999 369 356 344 341 338 341 345 347 343 345 345 347 350 350 353 355 359 358 353 343 339 336 335 333 333 332 332 334 334 336 334 335 335 335 335 335 337 337 336 336 336 338 341 341 338 335 334 334 334 332 333 331 333 338 347 340 339
-9999 -9999 -9999 -9999 -9999 -9999 -9999 -9999 -9999 -9999 -9999 -9999 -9999 -9999 -9999 -9999 -9999 -9999 -9999 -9999 -9999 -9999 -9999 340 343 343 340 340 338 338 341 341 342 342 343 348 359 359 354 359 360 357 353 347 338 335 334 334 336 339 335 335 334 335 334 336 339 335 334 335 335 335 337 340 340 342 337 336 338 338 336 334 334 334 333 333 333 333 343 345 345 345
-9999 -9999 -9999 -9999 -9999 -9999 -9999 -9999 -9999 -9999 -9999 -9999 -9999 -9999 -9999 -9999 -9999 -9999 -9999 -9999 -9999 333 336 335 336 336 337 337 338 340 340 342 342 343 345 348 361 370 366 369 370 367 356 347 343 336 337 339 343 341 337 335 335 336 336 336 336 336 335 335 337 337 339 340 344 342 340 338 336 336 337 337 337 334 334 333 333 335 340 342 347 342
-9999 -9999 -9999 -9999 -9999 -9999 -9999 -9999 -9999 -9999 -9999 -9999 -9999 -9999 -9999 -9999 -9999 -9999 -9999 -9999 335 335 338 338 336 340 341 351 346 346 356 350 347 351 352 352 355 368 379 366 361 361 353 344 339 341 349 349 339 337 335 335 334 336 337 336 336 334 335 339 344 346 346 344 337 334 334 338 336 336 335 336 337 337 335 334 334 337 338 339 342 338
-9999 -9999 -9999 -9999 -9999 -9999 -9999 -9999 -9999 -9999 -9999 -9999 -9999 -9999 -9999 -9999 -9999 -9999 333 334 336 336 341 354 348 365 355 367 359 364 382 364 360 367 371 372 369 376 375 373 372 358 349 347 352 350 342 341 336 335 335 334 334 334 335 334 336 336 336 339 344 349 349 345 342 337 334 334 334 336 335 335 335 335 335 334 337 342 340 340 340 339
-9999 -9999 -9999 -9999 -9999 -9999 -9999 -9999 -9999 -9999 -9999 -9999 -9999 -9999 -9999 -9999 -9999 333 351 351 351 340 349 366 370 390 389 391 389 395 406 386 382 398 389 377 375 369 371 368 363 356 351 352 356 347 338 336 336 335 335 335 338 338 337 337 339 344 349 349 349 349 344 346 342 338 334 334 335 334 336 336 336 335 335 334 337 338 338 340 338 336
-9999 -9999 -9999 -9999 -9999 -9999 -9999 -9999 -9999 -9999 -9999 -9999 -9999 -9999 -9999 336 349 343 350 376 376 351 358 384 390 401 412 409 406 403 404 406 406 397 383 375 366 364 364 358 361 358 352 345 342 340 338 336 336 338 336 338 338 338 337 339 343 353 368 359 355 352 347 341 337 334 333 336 338 335 336 337 337 337 341 337 334 336 336 339 336 335
-9999 -9999 -9999 -9999 -9999 -9999 -9999 -9999 -9999 -9999 -9999 -9999 -9999 331 334 338 359 368 368 396 384 371 380 390 376 394 404 398 393 393 398 404 398 386 375 370 372 371 364 359 358 364 372 362 355 344 341 339 341 338 338 338 340 338 338 342 353 365 363 352 350 347 344 342 338 332 334 336 340 341 338 337 337 343 341 336 334 334 336 336 338 336
-9999 -9999 -9999 -9999 -9999 -9999 -9999 -9999 -9999 -9999 -9999 -9999 333 336 334 335 339 348 379 381 371 373 363 370 358 378 378 365 368 381 381 381 381 375 370 367 383 380 375 372 358 357 364 368 361 348 352 351 350 344 342 345 346 341 345 353 357 356 356 346 340 339 336 340 338 336 341 340 342 342 340 340 341 340 337 337 334 334 334 336 338 336
-9999 -9999 -9999 -9999 -9999 -9999 -9999 -9999 -9999 -9999 331 333 336 343 340 337 341 348 356 351 348 349 357 349 349 356 350 352 360 357 357 362 362 370 381 365 370 375 370 371 366 353 358 361 361 358 360 357 352 347 357 360 359 352 359 365 353 346 343 339 338 335 335 334 332 336 340 341 342 346 344 346 342 339 337 337 336 334 334 338 338 338
-9999 -9999 -9999 -9999 -9999 -9999 -9999 -9999 -9999 335 333 336 343 361 343 346 362 370 367 357 345 348 351 344 345 346 346 352 357 359 357 365 370 365 365 362 365 376 377 362 363 353 355 358 358 367 378 364 350 347 354 354 351 349 357 360 352 348 346 337 335 336 335 334 333 335 339 345 350 352 353 348 341 337 337 335 336 334 337 337 339 342
-9999 -9999 -9999 -9999 -9999 -9999 -9999 333 334 335 339 344 367 379 362 366 384 373 349 354 348 344 347 347 344 349 351 349 352 356 360 376 373 365 364 359 359 363 370 362 359 356 353 353 356 367 358 353 352 352 347 344 340 344 354 352 343 340 339 339 338 336 334 334 335 336 340 350 353 352 345 346 342 338 335 335 333 339 339 336 341 347
-9999 -9999 -9999 -9999 -9999 332 333 334 335 338 341 354 378 358 375 362 361 370 353 344 343 346 346 344 344 346 348 349 355 353 356 363 372 376 387 371 358 358 355 356 353 356 352 355 368 375 358 352 349 349 352 343 335 344 352 349 341 335 334 334 336 335 334 335 337 337 340 345 352 341 341 338 337 338 333 332 332 334 336 337 342 345
-9999 -9999 -9999 -9999 332 333 335 335 337 338 341 347 363 352 365 363 352 355 354 346 344 346 347 344 347 347 346 347 349 355 366 378 379 379 391 392 376 359 353 349 349 351 351 367 385 380 362 361 353 352 346 338 334 337 343 342 340 335 336 336 334 335 335 335 335 337 339 339 343 337 336 336 334 336 335 334 332 332 334 336 340 341
-9999 -9999 334 336 335 336 336 338 338 338 339 349 355 347 368 365 352 355 354 346 345 344 344 344 347 353 353 348 349 354 370 401 412 405 400 400 380 357 353 349 350 356 354 367 378 377 372 363 358 353 346 339 339 339 336 335 334 334 334 334 336 334 334 334 336 341 343 345 339 337 335 334 334 334 335 335 334 332 332 335 337 334
-9999 341 337 337 337 338 344 346 343 344 342 351 353 347 357 351 349 357 347 345 346 345 345 345 347 350 357 357 357 359 375 397 403 405 392 388 387 372 352 349 349 359 362 364 375 382 379 364 355 352 342 339 347 349 341 340 337 335 335 335 337 336 334 336 343 346 343 338 337 335 336 335 334 334 334 336 335 335 333 333 335 332
345 343 337 337 337 336 338 339 339 340 343 358 355 344 347 344 348 347 346 344 344 342 346 347 348 352 362 373 386 386 377 382 389 386 378 380 378 371 352 349 356 377 379 373 373 371 369 361 352 348 339 339 354 353 346 338 336 335 335 335 335 336 335 336 341 339 336 336 335 335 335 335 334 334 334 336 336 335 333 333 333 332
361 346 342 339 339 337 337 339 339 339 342 356 353 346 344 344 347 344 344 344 343 345 352 360 355 352 356 380 403 387 374 369 375 390 376 368 364 360 349 352 372 380 385 386 374 353 346 345 343 342 337 349 357 346 339 336 336 337 336 335 335 335 334 336 336 336 336 336 336 336 336 334 334 334 335 336 334 335 334 333 333 335
356 365 353 342 342 341 337 339 339 342 342 345 349 346 345 345 344 344 343 344 350 358 363 374 371 376 382 380 395 393 390 389 373 363 371 364 355 349 347 357 374 380 383 392 390 359 348 340 337 336 337 347 347 345 339 340 338 337 335 333 335 334 334 336 336 334 337 338 336 335 336 336 335 333 334 337 336 334 333 335 334 335
348 351 345 342 342 343 339 339 341 342 344 345 346 346 345 344 344 343 347 366 372 361 358 358 365 379 398 406 403 415 414 406 395 381 361 353 350 350 345 354 376 384 385 377 372 366 357 348 338 335 334 339 339 338 339 339 339 337 337 334 333 335 337 336 335 334 336 336 336 335 335 336 337 335 335 335 335 336 334 335 335 333
349 345 345 344 342 340 339 339 342 344 349 347 345 345 345 345 345 359 361 356 353 353 353 363 375 378 390 401 398 406 402 390 382 385 370 368 354 345 345 353 371 377 378 358 347 347 355 360 344 335 338 338 337 337 337 337 337 338 338 333 333 337 338 335 336 335 334 334 336 336 335 336 337 336 337 335 334 335 335 336 336 334
359 350 362 354 343 341 342 341 344 346 345 345 345 345 345 345 356 364 356 349 349 353 364 364 375 386 391 391 384 390 397 380 375 377 366 365 351 346 350 347 344 345 349 354 346 339 340 340 340 335 338 340 338 339 337 337 337 337 336 334 336 337 336 335 337 337 334 334 336 336 335 335 336 336 336 335 335 335 334 335 336 336
361 364 374 348 345 343 342 343 343 344 345 345 347 345 345 346 348 348 348 349 349 353 374 393 398 396 391 389 377 371 379 375 365 367 361 364 351 345 351 369 362 349 343 339 337 336 336 336 336 335 337 336 335 339 339 343 344 339 335 334 336 337 336 335 335 337 337 335 334 336 337 335 335 335 335 337 335 335 335 336 336 337
358 362 364 351 346 345 344 344 344 345 345 346 345 346 346 348 348 349 351 354 362 363 367 389 390 394 390 373 372 361 364 362 362 364 364 358 351 356 352 373 385 375 376 349 340 337 339 337 336 335 335 336 335 335 336 339 339 336 334 334 335 336 335 334 337 337 337 337 335 336 336 336 336 336 337 338 335 335 335 336 336 336
373 357 354 350 348 347 347 346 346 347 347 347 347 347 348 351 354 357 355 362 389 398 375 372 368 382 385 373 360 357 359 359 361 364 364 356 364 356 359 378 388 377 363 350 342 347 350 344 340 337 338 335 335 335 335 334 334 334 334 334 336 336 334 334 335 337 337 337 336 335 335 336 336 336 336 337 338 336 335 335 336 335
361 359 368 356 353 350 349 349 347 347 348 348 350 350 352 362 368 382 388 389 391 388 380 366 370 363 365 367 357 359 361 367 362 361 357 359 377 364 369 382 398 394 363 348 345 350 346 341 339 339 338 338 340 339 338 338 337 336 337 334 337 334 334 336 338 337 335 337 335 334 334 336 336 336 336 336 338 338 336 336 335 335
370 358 358 356 353 353 352 352 350 350 350 351 354 357 360 363 363 384 393 384 392 392 379 367 362 363 360 360 358 360 362 365 362 360 357 361 375 375 374 385 411 399 371 362 365 353 342 339 341 339 339 341 340 340 338 338 338 338 337 335 335 335 336 338 339 338 335 336 335 335 334 334 336 336 337 338 338 338 338 336 336 336
360 360 357 357 354 354 353 353 353 353 353 353 353 358 356 358 366 377 386 374 374 372 377 375 361 359 359 360 360 361 363 364 362 362 366 378 375 380 385 396 398 390 372 359 353 350 344 342 342 341 341 340 340 339 338 338 340 340 337 337 335 334 335 338 339 338 336 338 338 337 334 335 337 339 339 339 338 338 337 338 337 336
