Demos/Rbased/CrashCourse/data/climate_processing/PresentLayers/Shortia_galacifolia/bio_8.asc
NCOLS 212 
NROWS 170 
XLLCORNER -83.691666666421 
YLLCORNER 34.5083333333333 
CELLSIZE 0.00833333333316012 
NODATA_value -9999 
[rows 126 to 146 of 170, columns 48 to 95 of 212]
5.93333339691162 5.91666650772095 5.98333358764648 6.15000009536743 6.21666669845581 6.19999980926514 6.19999980926514 6.09999990463257 6.04999971389771 5.90000009536743 5.86666679382324 5.90000009536743 5.98333358764648 6.13333320617676 6.16666650772095 6.23333358764648 6.23333358764648 6.23333358764648 6.33333349227905 6.34999990463257 6.40000009536743 6.34999990463257 6.31666660308838 6.34999990463257 6.59999990463257 6.73333358764648 6.83333349227905 7.03333330154419 7.03333330154419 7.06666660308838 7.09999990463257 7.09999990463257 7.16666698455811 7.16666698455811 7.20000028610229 7.16666650772095 7.20000028610229 7.20000028610229 7.20000028610229 7.26666688919067 7.34999990463257 7.36666631698608 7.43333292007446 7.53333330154419 7.56666660308838 7.68333339691162 7.84999990463257 7.94999980926514
6.18333339691162 6.04999971389771 6.01666641235352 6.11666679382324 6.18333339691162 6.28333330154419 6.18333339691162 6.13333320617676 6.08333349227905 5.90000009536743 5.91666698455811 6.15000009536743 6.13333320617676 6.16666650772095 6.26666688919067 6.31666660308838 6.30000019073486 6.38333368301392 6.41666698455811 6.38333320617676 6.36666679382324 6.41666698455811 6.41666698455811 6.43333339691162 6.54999971389771 6.94999980926514 7.03333330154419 7.05000019073486 7.05000019073486 7.05000019073486 7.05000019073486 7.05000019073486 7.09999990463257 7.15000009536743 7.20000028610229 7.21666669845581 7.21666669845581 7.23333358764648 7.25 7.30000019073486 7.34999990463257 7.44999980926514 7.53333330154419 7.63333320617676 7.65000009536743 7.80000019073486 7.94999980926514 8.08333301544189
6.25 6.23333311080933 6.18333339691162 6.18333339691162 6.26666641235352 6.18333339691162 6.26666641235352 6.26666641235352 6.21666669845581 6.11666679382324 6.11666679382324 6.21666669845581 6.23333358764648 6.23333358764648 6.25 6.31666660308838 6.41666698455811 6.44999980926514 6.43333339691162 6.41666698455811 6.43333339691162 6.51666641235352 6.53333330154419 6.63333320617676 6.71666669845581 6.90000009536743 7.05000019073486 7.08333349227905 7.09999990463257 7.09999990463257 7.09999990463257 7.09999990463257 7.16666698455811 7.16666698455811 7.21666669845581 7.21666669845581 7.26666641235352 7.31666660308838 7.30000019073486 7.34999990463257 7.40000009536743 7.48333311080933 7.63333320617676 7.68333339691162 7.80000019073486 7.94999980926514 8.10000038146973 8.21666717529297
6.25 6.30000019073486 6.36666679382324 6.36666679382324 6.36666679382324 6.18333339691162 6.11666679382324 6.21666669845581 6.21666669845581 6.28333330154419 6.30000019073486 6.25 6.23333358764648 6.26666688919067 6.31666660308838 6.34999990463257 6.44999980926514 6.43333339691162 6.43333339691162 6.48333311080933 6.53333330154419 6.53333330154419 6.65000009536743 6.81666660308838 6.94999980926514 7.05000019073486 7.08333349227905 7.15000009536743 7.11666679382324 7.15000009536743 7.16666698455811 7.16666698455811 7.23333311080933 7.23333311080933 7.25 7.31666660308838 7.33333349227905 7.31666660308838 7.34999990463257 7.43333292007446 7.5 7.55000019073486 7.68333339691162 7.76666641235352 7.90000009536743 8.05000019073486 8.21666717529297 8.35000038146973
6.13333320617676 6.21666669845581 6.44999980926514 6.33333349227905 6.21666669845581 6.11666679382324 6.01666641235352 6.13333320617676 6.11666679382324 6.23333358764648 6.31666660308838 6.31666660308838 6.30000019073486 6.34999990463257 6.44999980926514 6.44999980926514 6.46666669845581 6.44999980926514 6.5 6.54999971389771 6.58333301544189 6.56666660308838 6.59999990463257 6.91666650772095 7.09999990463257 7.09999990463257 7.09999990463257 7.11666679382324 7.09999990463257 7.16666698455811 7.16666698455811 7.19999980926514 7.23333311080933 7.25 7.21666669845581 7.31666660308838 7.33333349227905 7.41666650772095 7.44999980926514 7.48333311080933 7.63333320617676 7.66666650772095 7.75 7.80000019073486 7.91666650772095 8.13333320617676 8.35000038146973 8.48333358764648
6.34999990463257 6.40000009536743 6.41666650772095 6.28333330154419 6.21666669845581 6.18333339691162 6.11666679382324 6.09999990463257 6.11666679382324 6.21666669845581 6.25 6.33333349227905 6.41666698455811 6.46666669845581 6.46666669845581 6.44999980926514 6.48333311080933 6.54999971389771 6.54999971389771 6.59999990463257 6.61666631698608 6.61666631698608 6.70000028610229 6.89999961853027 7.05000019073486 7.01666688919067 7.08333349227905 7.09999990463257 7.11666679382324 7.13333368301392 7.16666698455811 7.16666698455811 7.20000028610229 7.21666669845581 7.21666669845581 7.29999971389771 7.31666660308838 7.38333320617676 7.5 7.55000019073486 7.58333349227905 7.68333339691162 7.78333330154419 7.81666660308838 8 8.21666717529297 8.36666679382324 8.51666641235352
6.54999971389771 6.5 6.44999980926514 6.38333320617676 6.33333349227905 6.25 6.21666669845581 6.21666669845581 6.16666650772095 6.26666688919067 6.33333349227905 6.40000009536743 6.58333301544189 6.54999971389771 6.46666669845581 6.46666669845581 6.48333311080933 6.51666641235352 6.56666660308838 6.56666660308838 6.61666631698608 6.70000028610229 6.76666688919067 6.86666631698608 6.96666669845581 7.11666679382324 7.13333368301392 7.16666698455811 7.18333339691162 7.18333339691162 7.20000028610229 7.21666669845581 7.23333311080933 7.21666669845581 7.21666669845581 7.25 7.29999971389771 7.36666679382324 7.46666669845581 7.55000019073486 7.59999990463257 7.76666641235352 7.83333349227905 7.93333339691162 8.01666641235352 8.11666679382324 8.28333377838135 8.39999961853027
6.43333339691162 6.31666660308838 6.30000019073486 6.25 6.21666669845581 6.30000019073486 6.23333358764648 6.21666669845581 6.31666660308838 6.34999990463257 6.45000028610229 6.61666631698608 6.61666631698608 6.56666660308838 6.51666641235352 6.51666641235352 6.51666641235352 6.53333330154419 6.58333301544189 6.61666631698608 6.73333358764648 6.81666660308838 7.08333349227905 7.05000019073486 7.03333330154419 7.09999990463257 7.18333339691162 7.23333311080933 7.21666669845581 7.25 7.20000028610229 7.25 7.30000019073486 7.28333330154419 7.29999971389771 7.28333330154419 7.30000019073486 7.36666679382324 7.46666622161865 7.53333330154419 7.65000009536743 7.73333311080933 7.83333349227905 7.93333339691162 8.01666641235352 8.08333301544189 8.19999980926514 8.28333377838135
6.44999980926514 6.34999990463257 6.30000019073486 6.28333330154419 6.23333358764648 6.30000019073486 6.16666650772095 6.34999990463257 6.41666698455811 6.48333311080933 6.61666631698608 6.70000028610229 6.61666631698608 6.61666631698608 6.59999990463257 6.59999990463257 6.59999990463257 6.58333301544189 6.66666650772095 6.75 6.94999980926514 7.05000019073486 7.16666650772095 7.20000028610229 7.13333320617676 7.16666650772095 7.20000028610229 7.25 7.25 7.26666641235352 7.30000019073486 7.28333330154419 7.31666660308838 7.29999971389771 7.33333349227905 7.34999990463257 7.36666679382324 7.40000009536743 7.48333311080933 7.58333301544189 7.69999980926514 7.78333330154419 7.83333349227905 7.93333339691162 8.01666641235352 8.05000019073486 8.10000038146973 8.13333320617676
6.38333320617676 6.34999990463257 6.33333349227905 6.34999990463257 6.34999990463257 6.34999990463257 6.34999990463257 6.41666698455811 6.51666641235352 6.68333339691162 6.76666688919067 6.71666669845581 6.63333320617676 6.63333320617676 6.65000009536743 6.65000009536743 6.73333358764648 6.70000028610229 6.81666660308838 6.93333292007446 7.05000019073486 7.20000028610229 7.21666669845581 7.25 7.23333311080933 7.25 7.25 7.26666641235352 7.26666641235352 7.28333330154419 7.33333349227905 7.34999990463257 7.34999990463257 7.34999990463257 7.36666631698608 7.40000009536743 7.44999980926514 7.44999980926514 7.53333330154419 7.61666631698608 7.73333311080933 7.83333349227905 7.95000028610229 7.98333358764648 7.98333358764648 8.01666641235352 7.96666669845581 8.03333282470703
6.44999980926514 6.38333320617676 6.40000009536743 6.44999980926514 6.36666679382324 6.38333320617676 6.41666698455811 6.51666641235352 6.66666650772095 6.83333349227905 6.73333358764648 6.66666650772095 6.73333358764648 6.73333358764648 6.81666660308838 6.86666679382324 6.84999990463257 6.90000009536743 7.05000019073486 7.05000019073486 7.20000028610229 7.21666669845581 7.26666641235352 7.26666641235352 7.26666641235352 7.26666641235352 7.28333330154419 7.33333349227905 7.28333330154419 7.28333330154419 7.28333330154419 7.28333330154419 7.38333320617676 7.38333320617676 7.38333320617676 7.41666650772095 7.48333311080933 7.53333330154419 7.61666631698608 7.66666650772095 7.78333330154419 7.91666650772095 7.96666669845581 7.98333358764648 7.98333358764648 7.95000028610229 7.86666679382324 7.90000009536743
6.5 6.5 6.5 6.46666669845581 6.41666698455811 6.44999980926514 6.51666641235352 6.71666669845581 6.81666660308838 6.73333358764648 6.75 6.69999980926514 6.83333349227905 6.88333368301392 6.96666669845581 6.90000009536743 6.88333368301392 6.93333339691162 7.06666660308838 7.18333339691162 7.21666669845581 7.23333358764648 7.26666641235352 7.26666641235352 7.31666660308838 7.28333330154419 7.33333349227905 7.33333349227905 7.34999990463257 7.31666660308838 7.34999990463257 7.34999990463257 7.38333320617676 7.43333339691162 7.39999961853027 7.44999980926514 7.51666641235352 7.58333349227905 7.71666669845581 7.73333311080933 7.83333349227905 7.91666650772095 8.01666641235352 8.01666641235352 7.96666669845581 7.90000009536743 7.84999990463257 7.86666679382324
6.46666669845581 6.5 6.5 6.5 6.51666641235352 6.59999990463257 6.75 6.88333368301392 6.76666688919067 6.90000009536743 6.94999980926514 6.83333349227905 7.03333330154419 6.98333311080933 6.90000009536743 6.80000019073486 6.80000019073486 6.86666679382324 6.93333339691162 7.15000009536743 7.23333358764648 7.26666641235352 7.26666641235352 7.26666641235352 7.26666641235352 7.30000019073486 7.30000019073486 7.34999990463257 7.36666679382324 7.38333320617676 7.38333320617676 7.38333320617676 7.38333320617676 7.48333311080933 7.46666669845581 7.48333311080933 7.56666660308838 7.61666631698608 7.76666641235352 7.78333330154419 7.84999990463257 7.94999980926514 8.05000019073486 8 7.94999980926514 7.86666631698608 7.90000009536743 7.95000028610229
6.54999971389771 6.54999971389771 6.5 6.58333301544189 6.59999990463257 6.76666688919067 6.86666679382324 6.88333368301392 6.98333311080933 6.98333311080933 7.06666660308838 7.15000009536743 7.15000009536743 7.18333339691162 7.01666641235352 6.86666679382324 6.96666669845581 6.94999980926514 7 7.15000009536743 7.23333358764648 7.29999971389771 7.29999971389771 7.28333330154419 7.29999971389771 7.28333330154419 7.28333330154419 7.29999971389771 7.29999971389771 7.36666679382324 7.38333320617676 7.40000009536743 7.46666669845581 7.5 7.51666641235352 7.56666660308838 7.63333320617676 7.68333339691162 7.75 7.84999990463257 7.86666631698608 7.98333358764648 8.03333282470703 8.01666641235352 7.91666650772095 7.88333320617676 7.91666650772095 7.95000028610229
6.54999971389771 6.54999971389771 6.63333320617676 6.78333330154419 6.86666679382324 6.78333330154419 6.75 6.80000019073486 6.91666698455811 6.91666698455811 7.16666650772095 7.31666660308838 7.31666660308838 7.20000028610229 7.11666679382324 6.83333349227905 7.09999990463257 7.23333358764648 7.21666669845581 7.23333358764648 7.29999971389771 7.33333349227905 7.29999971389771 7.29999971389771 7.31666660308838 7.34999990463257 7.29999971389771 7.34999990463257 7.38333320617676 7.40000009536743 7.40000009536743 7.40000009536743 7.5 7.51666641235352 7.56666660308838 7.63333320617676 7.66666650772095 7.73333311080933 7.81666660308838 7.88333320617676 7.94999980926514 8.01666641235352 8.05000019073486 8 7.98333311080933 7.91666650772095 7.91666650772095 7.98333358764648
6.64999961853027 6.64999961853027 6.80000019073486 6.93333339691162 6.88333368301392 6.76666688919067 6.88333368301392 6.83333349227905 7.01666641235352 7.18333339691162 7.21666669845581 7.23333311080933 7.31666660308838 7.33333301544189 7 7.01666641235352 7.28333330154419 7.26666688919067 7.26666688919067 7.26666688919067 7.31666660308838 7.31666660308838 7.29999971389771 7.29999971389771 7.29999971389771 7.36666679382324 7.29999971389771 7.36666679382324 7.40000009536743 7.44999980926514 7.40000009536743 7.41666650772095 7.51666641235352 7.61666679382324 7.66666650772095 7.69999980926514 7.78333330154419 7.83333349227905 7.83333349227905 7.86666631698608 7.98333358764648 8 8.05000019073486 8.01666641235352 7.96666669845581 7.91666650772095 7.90000009536743 7.86666679382324
6.80000019073486 6.93333339691162 7 6.83333349227905 6.91666698455811 6.91666698455811 6.91666698455811 7.03333330154419 7.21666669845581 7.25 7.33333349227905 7.31666660308838 7.28333330154419 7.33333301544189 7.20000028610229 7.20000028610229 7.28333330154419 7.31666660308838 7.31666660308838 7.31666660308838 7.31666660308838 7.36666679382324 7.31666660308838 7.31666660308838 7.34999990463257 7.38333320617676 7.29999971389771 7.40000009536743 7.40000009536743 7.48333311080933 7.41666650772095 7.41666650772095 7.44999980926514 7.53333330154419 7.59999990463257 7.76666641235352 7.78333330154419 7.88333368301392 7.90000009536743 7.86666631698608 7.91666650772095 7.96666669845581 8.03333282470703 8 7.94999980926514 7.91666650772095 7.84999990463257 7.88333320617676
7.06666660308838 6.93333339691162 6.91666698455811 6.91666698455811 7.03333330154419 7.01666641235352 7.15000009536743 7.15000009536743 7.09999990463257 7.15000009536743 7.30000019073486 7.36666679382324 7.30000019073486 7.41666650772095 7.34999990463257 7.34999990463257 7.29999971389771 7.36666679382324 7.31666660308838 7.31666660308838 7.31666660308838 7.38333320617676 7.34999990463257 7.38333320617676 7.38333320617676 7.40000009536743 7.36666679382324 7.40000009536743 7.48333311080933 7.46666669845581 7.41666650772095 7.43333339691162 7.51666641235352 7.56666660308838 7.63333320617676 7.68333339691162 7.76666641235352 7.83333349227905 7.88333368301392 7.88333320617676 7.93333339691162 7.96666669845581 8 7.96666669845581 7.90000009536743 7.90000009536743 7.86666679382324 7.84999990463257
6.96666669845581 6.88333368301392 6.83333349227905 6.91666698455811 7.19999980926514 7.34999990463257 7.25 7.15000009536743 7.23333358764648 7.28333330154419 7.34999990463257 7.36666679382324 7.33333301544189 7.40000009536743 7.40000009536743 7.33333301544189 7.33333301544189 7.36666679382324 7.36666679382324 7.33333301544189 7.33333301544189 7.34999990463257 7.36666679382324 7.40000009536743 7.40000009536743 7.40000009536743 7.40000009536743 7.41666650772095 7.48333311080933 7.44999980926514 7.44999980926514 7.44999980926514 7.53333330154419 7.61666679382324 7.61666679382324 7.66666698455811 7.76666641235352 7.83333349227905 7.84999990463257 7.88333368301392 7.91666698455811 7.93333339691162 7.94999980926514 7.90000009536743 7.81666660308838 7.84999990463257 7.86666679382324 7.78333330154419
7.06666660308838 6.96666669845581 6.86666679382324 7.06666660308838 7.31666660308838 7.48333358764648 7.44999980926514 7.26666688919067 7.26666688919067 7.28333330154419 7.36666679382324 7.36666679382324 7.38333320617676 7.40000009536743 7.43333339691162 7.38333320617676 7.38333320617676 7.41666650772095 7.41666650772095 7.33333301544189 7.33333301544189 7.33333301544189 7.34999990463257 7.34999990463257 7.40000009536743 7.43333339691162 7.41666650772095 7.41666650772095 7.44999980926514 7.48333311080933 7.43333339691162 7.44999980926514 7.53333330154419 7.58333349227905 7.63333320617676 7.66666650772095 7.68333339691162 7.78333330154419 7.85000038146973 7.86666679382324 7.88333368301392 7.88333368301392 7.90000009536743 7.78333330154419 7.75 7.73333311080933 7.75 7.69999980926514
7.06666660308838 6.96666669845581 7.06666660308838 7.09999990463257 7.21666669845581 7.39999961853027 7.54999971389771 7.44999980926514 7.34999990463257 7.34999990463257 7.41666650772095 7.36666679382324 7.41666650772095 7.44999980926514 7.44999980926514 7.44999980926514 7.44999980926514 7.40000009536743 7.38333320617676 7.33333301544189 7.34999990463257 7.36666679382324 7.36666679382324 7.40000009536743 7.38333320617676 7.41666650772095 7.41666650772095 7.44999980926514 7.44999980926514 7.5 7.44999980926514 7.5 7.53333330154419 7.61666679382324 7.63333368301392 7.68333339691162 7.68333339691162 7.78333330154419 7.78333330154419 7.81666660308838 7.80000019073486 7.78333330154419 7.78333330154419 7.76666688919067 7.76666688919067 7.75 7.75 7.78333330154419
