Demos/Rbased/CrashCourse/data/climate_processing/PresentLayers/Shortia_galacifolia/bio_15.asc
NCOLS 523 
NROWS 122 
XLLCORNER -83.2916666667633 
YLLCORNER 34.9749999999364 
CELLSIZE 0.00833333333316142 
NODATA_value -9999 
[rows 26 to 51 of 122, columns 300 to 359 of 523]
9.87453460693359 9.9571418762207 9.61561489105225 9.61561489105225 9.92567729949951 9.91583061218262 9.88639354705811 9.88639354705811 9.96407127380371 9.90083408355713 9.7933177947998 9.74757671356201 9.73117828369141 9.72742176055908 9.91326141357422 9.87811660766602 9.93284893035889 9.92713260650635 10.1321105957031 10.1285924911499 10.007043838501 10.1868591308594 10.0117082595825 9.81894207000732 10.0307292938232 9.90972805023193 9.90972805023193 9.90972805023193 9.95457363128662 10.0171556472778 10.0171556472778 10.0171556472778 9.80913734436035 9.70621109008789 9.56904697418213 9.88595867156982 9.56904697418213 9.64179420471191 9.64179420471191 9.63987350463867 9.57710456848145 9.67319488525391 9.71041870117188 9.71041870117188 9.75153541564941 9.35180282592773 9.42819023132324 9.48182678222656 9.31666088104248 9.31666088104248 9.379563331604 9.56059551239014 9.36465263366699 9.55016422271729 9.55016422271729 9.37536525726318 9.45996475219727 9.34232711791992 9.53369331359863 9.64128303527832
9.70548343658447 9.76969146728516 9.733078956604 9.72078514099121 9.72078514099121 9.72589302062988 9.88630199432373 9.96407127380371 9.96407127380371 9.96407127380371 9.94527149200439 9.94527149200439 9.99405288696289 9.88630199432373 9.88538074493408 9.93284893035889 9.87811660766602 9.97978782653809 10.0465316772461 10.0465316772461 10.0117082595825 10.0117082595825 10.0157041549683 10.0157041549683 9.87975406646729 9.87975406646729 9.90972805023193 9.95457363128662 9.87591743469238 9.74756240844727 9.6294002532959 9.89198398590088 9.56904697418213 9.66401958465576 9.66401958465576 9.80945587158203 9.736891746521 9.736891746521 9.64067077636719 9.76842308044434 9.64067077636719 9.47899913787842 9.4436674118042 9.63391399383545 9.40485286712646 9.31037616729736 9.5188159942627 9.57058715820312 9.57058715820312 9.50452518463135 9.50452518463135 9.47123432159424 9.34734630584717 9.55016422271729 9.55016422271729 9.3488712310791 9.3488712310791 9.58142471313477 9.53369331359863 9.58142471313477
9.76969146728516 9.65609073638916 9.733078956604 9.83538627624512 9.72078514099121 9.8621187210083 9.8621187210083 9.71721172332764 9.71721172332764 9.74363994598389 9.82653713226318 9.99405288696289 9.83402729034424 9.88538074493408 9.93284893035889 10.0465316772461 9.9319019317627 10.1028108596802 10.0117082595825 10.0117082595825 10.0117082595825 10.0117082595825 9.9319019317627 9.87975406646729 9.96979236602783 9.85357761383057 9.85357761383057 9.87023830413818 9.6294002532959 9.90225124359131 9.54697227478027 9.63708114624023 9.63708114624023 9.66401958465576 9.64179420471191 9.64179420471191 9.736891746521 9.736891746521 9.736891746521 9.62521839141846 9.56381225585938 9.76804161071777 9.47899913787842 9.56007480621338 9.56007480621338 9.56007480621338 9.57058715820312 9.40743064880371 9.57058715820312 9.4977388381958 9.5135326385498 9.5979118347168 9.52577209472656 9.3381462097168 9.32149219512939 9.36465263366699 9.46603584289551 9.44938468933105 9.47412586212158 9.54220485687256
9.73071956634521 9.73071956634521 9.87192726135254 9.89390563964844 9.89390563964844 9.8621187210083 9.71721172332764 9.71721172332764 9.76705646514893 9.84695339202881 9.88630199432373 9.78178882598877 9.84750556945801 9.82338428497314 9.84816551208496 9.9319019317627 9.9319019317627 9.87644004821777 9.78138256072998 10.0117082595825 9.92783546447754 9.82513046264648 9.87975406646729 9.88672065734863 9.88859939575195 9.86574840545654 9.76170349121094 9.76170349121094 9.90225124359131 9.76817226409912 9.94104862213135 9.94104862213135 9.62662315368652 9.66401958465576 9.66401958465576 9.66401958465576 9.58944225311279 9.58944225311279 9.66401958465576 9.62521839141846 9.56381225585938 9.69332313537598 9.69332313537598 9.50534152984619 9.56363487243652 9.56363487243652 9.49219512939453 9.5188159942627 9.57894039154053 9.57894039154053 9.47053241729736 9.48718357086182 9.52577209472656 9.42874622344971 9.3381462097168 9.48616218566895 9.46603584289551 9.44938468933105 9.58142471313477 9.79899120330811
9.87192726135254 9.89390563964844 9.87192726135254 9.89390563964844 9.74765396118164 9.71721172332764 9.7971830368042 9.7713623046875 9.7713623046875 9.91724300384521 9.78178882598877 9.83816146850586 9.95018196105957 9.88538074493408 9.88538074493408 9.82338428497314 9.88538074493408 9.72517013549805 9.7172794342041 9.92783546447754 9.92783546447754 9.83744812011719 9.83744812011719 9.88859939575195 9.88672065734863 9.76170349121094 9.90225124359131 9.81980991363525 9.68165397644043 9.94104862213135 9.76477336883545 9.77202892303467 9.7232551574707 9.71490478515625 9.7232551574707 9.736891746521 9.736891746521 9.66401958465576 9.66401958465576 9.66401958465576 9.45278453826904 9.45278453826904 9.45278453826904 9.56381225585938 9.58923149108887 9.58923149108887 9.58923149108887 9.49219512939453 9.50022888183594 9.47053241729736 9.47053241729736 9.48718357086182 9.5028190612793 9.5028190612793 9.46063041687012 9.48616218566895 9.48616218566895 9.46603584289551 9.47412586212158 9.79899120330811
9.83641529083252 9.79542446136475 9.66567802429199 9.79778385162354 9.79778385162354 9.79778385162354 9.94274044036865 9.76729583740234 9.65557289123535 9.96985340118408 9.96985340118408 9.96659469604492 9.6367130279541 9.63533020019531 9.95674419403076 9.95674419403076 9.90797805786133 10.0352802276611 9.9319019317627 9.92783546447754 9.83744812011719 9.79745864868164 9.88672065734863 9.88672065734863 9.93100929260254 9.93100929260254 9.75137901306152 9.75137901306152 9.84700202941895 9.86574840545654 9.73622417449951 9.79426860809326 9.71490478515625 9.85413646697998 9.68546962738037 9.54519939422607 9.66401958465576 9.49468231201172 9.49468231201172 9.66401958465576 9.66401958465576 9.49468231201172 9.69332313537598 9.38284683227539 9.65122413635254 9.58923149108887 9.49358940124512 9.47319316864014 9.58467674255371 9.56614208221436 9.60567283630371 9.58108806610107 9.58108806610107 9.52577209472656 9.64752769470215 9.79563045501709 9.60802268981934 9.56851100921631 9.69657230377197 9.79899120330811
9.71084117889404 9.71084117889404 9.87192726135254 9.87192726135254 9.83493518829346 9.79609775543213 9.65557289123535 9.84695339202881 9.76729583740234 9.65557289123535 9.96985340118408 9.96659469604492 9.95674419403076 9.95674419403076 9.90797805786133 9.90797805786133 9.90797805786133 9.82513046264648 9.75835990905762 9.75835990905762 9.75835990905762 9.88672065734863 9.88672065734863 9.90829658508301 9.90829658508301 9.72690868377686 9.89681529998779 9.71707439422607 9.86574840545654 9.84700202941895 9.66912651062012 9.68546962738037 9.85413646697998 9.68546962738037 9.68546962738037 9.61615371704102 9.49468231201172 9.49468231201172 9.49468231201172 9.49468231201172 9.66401958465576 9.49468231201172 9.69332313537598 9.48574066162109 9.47437477111816 9.48050308227539 9.66176605224609 9.47319316864014 9.56904697418213 9.69407272338867 9.57868385314941 9.55576515197754 9.65227222442627 9.77713680267334 9.77713680267334 9.79563045501709 9.76817226409912 9.71676635742188 9.80559062957764 9.74774837493896
9.86990737915039 9.75661659240723 9.91758251190186 9.8424711227417 9.80983257293701 9.88429832458496 9.87853622436523 9.6367130279541 9.80414867401123 9.96985340118408 9.97235679626465 9.83816146850586 9.84522438049316 9.73630714416504 9.73630714416504 9.72403812408447 9.72403812408447 9.75835990905762 9.92978954315186 10.0187845230103 9.84929656982422 9.88672065734863 9.90829658508301 9.87455940246582 9.81288814544678 9.72690868377686 9.65163421630859 9.71707439422607 9.65163421630859 9.66011810302734 9.76819133758545 9.68546962738037 9.68546962738037 9.77713680267334 9.64283847808838 9.76793098449707 9.76793098449707 9.76793098449707 9.60289478302002 9.70381927490234 9.59225082397461 9.61981105804443 9.61981105804443 9.62974548339844 9.70869541168213 9.58923149108887 9.58923149108887 9.68165397644043 9.69407272338867 9.84034156799316 9.67880058288574 9.67880058288574 9.5188159942627 9.53369331359863 9.69611930847168 9.79563045501709 10.0222187042236 9.66912651062012 9.75667762756348 9.69292831420898
9.78499126434326 9.75661659240723 9.72228527069092 9.72228527069092 9.72228527069092 9.72228527069092 9.88565921783447 9.80414867401123 9.80414867401123 9.80414867401123 9.80414867401123 9.97235679626465 9.84522438049316 9.73630714416504 9.73630714416504 9.91976356506348 10.1239547729492 10.0866918563843 10.0771455764771 9.9611873626709 9.9611873626709 9.90511512756348 9.87057590484619 9.81288814544678 9.64128303527832 9.71193408966064 9.64364242553711 9.8495454788208 9.8876314163208 9.65163421630859 9.76819133758545 9.61615371704102 9.77713680267334 9.74763107299805 9.52358436584473 9.52358436584473 9.60289478302002 9.60289478302002 9.5985107421875 9.5985107421875 9.62521839141846 9.48574066162109 9.62974548339844 9.70869541168213 9.55576515197754 9.53198432922363 9.62297630310059 9.65796279907227 9.67122554779053 9.67880058288574 9.77846050262451 9.5188159942627 9.68087768554688 9.68087768554688 9.53369331359863 9.97703838348389 9.97703838348389 9.78700828552246 9.71755790710449 9.78849315643311
9.67587852478027 9.82125854492188 9.818678855896 9.72228527069092 9.72228527069092 9.80305862426758 9.77754974365234 9.77754974365234 9.77754974365234 9.7861270904541 9.81138229370117 9.89803409576416 9.73630714416504 9.73630714416504 9.73630714416504 9.74774837493896 9.73756980895996 9.73756980895996 9.73756980895996 9.84929656982422 9.9611873626709 9.90829658508301 9.85556888580322 9.81288814544678 9.64128303527832 9.64364242553711 9.64364242553711 9.8495454788208 9.8495454788208 9.66011810302734 9.59157752990723 9.60841941833496 9.74763107299805 9.7575216293335 9.60289478302002 9.52358436584473 9.60581684112549 9.60581684112549 9.85125732421875 9.53939533233643 9.42828464508057 9.61981105804443 9.68039417266846 9.68039417266846 9.53198432922363 9.62297630310059 9.62297630310059 9.62297630310059 9.6288948059082 9.56511783599854 9.69292831420898 9.58176803588867 9.4951810836792 9.79426860809326 10.0722599029541 10.0722599029541 9.76807117462158 9.96743106842041 9.78849315643311 9.8495454788208
9.85436153411865 9.85436153411865 9.64725780487061 9.64725780487061 9.64725780487061 9.6972017288208 9.77754974365234 9.92565441131592 9.7861270904541 9.7861270904541 9.89803409576416 9.73630714416504 9.73630714416504 9.87528896331787 9.72403812408447 9.79186820983887 9.79186820983887 9.80721569061279 9.82935523986816 10.0942697525024 9.92703723907471 9.92703723907471 9.85556888580322 9.84929656982422 9.8495454788208 9.8495454788208 9.8495454788208 9.8495454788208 9.7207145690918 9.66011810302734 9.58467674255371 9.88141822814941 9.69332313537598 9.60289478302002 9.60289478302002 9.74251651763916 9.56909370422363 9.60581684112549 9.65105152130127 9.65105152130127 9.5985107421875 9.68039417266846 9.51311492919922 9.60083198547363 9.67122554779053 9.69407272338867 9.72648620605469 9.56363487243652 9.72707271575928 9.72707271575928 9.56511783599854 9.69292831420898 9.74289131164551 9.90064716339111 10.0722599029541 9.62294769287109 9.96743106842041 9.96743106842041 9.78849315643311 9.88529014587402
9.68094539642334 9.68094539642334 9.68094539642334 9.64725780487061 9.54290866851807 9.61674690246582 9.92565441131592 9.71396350860596 9.72110652923584 9.89803409576416 9.71732807159424 10.0461549758911 9.94182872772217 9.94182872772217 9.8049955368042 9.96903038024902 9.89968204498291 9.98889255523682 10.1557512283325 9.97976779937744 9.97976779937744 9.89763736724854 9.99886608123779 9.61016178131104 9.8495454788208 9.8495454788208 9.7207145690918 9.7373685836792 9.67050361633301 9.66468334197998 9.85950088500977 9.82020854949951 9.69332313537598 9.60289478302002 9.79227828979492 9.65105152130127 9.65105152130127 9.65105152130127 9.65711975097656 9.65105152130127 9.51497364044189 9.62194061279297 9.51311492919922 9.51311492919922 9.59026050567627 9.59018802642822 9.69407272338867 9.70564270019531 9.78532409667969 9.85950088500977 9.74289131164551 9.84991359710693 9.80880260467529 9.84623908996582 9.84623908996582 10.0572032928467 9.69709300994873 10.170238494873 9.74817562103271 10.1145353317261
9.72589302062988 9.81705665588379 9.88362312316895 9.95426845550537 9.88362312316895 9.74124050140381 9.71396350860596 9.71396350860596 9.77614593505859 9.77614593505859 9.7841796875 9.94182872772217 9.95746231079102 9.89984130859375 9.89984130859375 9.89984130859375 9.98889255523682 9.98889255523682 9.97976779937744 9.97976779937744 9.87851428985596 9.82935523986816 9.82935523986816 9.74645614624023 9.82879066467285 9.8495454788208 9.8481969833374 9.66468334197998 9.66468334197998 9.8336706161499 9.93880176544189 9.58511447906494 9.58511447906494 9.60289478302002 9.65711975097656 9.65711975097656 9.65711975097656 9.71508598327637 9.51497364044189 9.68281555175781 9.68281555175781 9.68039417266846 9.68039417266846 9.59026050567627 9.59018802642822 9.69407272338867 9.67122554779053 9.77201747894287 9.85357761383057 9.68546962738037 9.8336706161499 9.84991359710693 9.95716762542725 9.96891403198242 9.91988849639893 9.91988849639893 10.1338300704956 10.1338300704956 9.86906242370605 9.9872407913208
9.71379470825195 9.51639556884766 9.72589302062988 9.88639354705811 9.82653713226318 9.98431396484375 9.82653713226318 9.98431396484375 9.91583061218262 9.77614593505859 9.92783546447754 10.079779624939 9.88913631439209 9.95746231079102 9.89984130859375 9.89984130859375 9.98889255523682 9.97976779937744 9.97976779937744 10.05455493927 9.97976779937744 9.97976779937744 9.82935523986816 9.82879066467285 9.82879066467285 9.82879066467285 9.84623908996582 9.7852029800415 9.67050361633301 9.66468334197998 9.93880176544189 9.71287155151367 9.78917026519775 9.68292427062988 9.6909236907959 9.65711975097656 9.6909236907959 9.63233184814453 9.51497364044189 9.7361307144165 9.7361307144165 9.8264856338501 9.80289268493652 9.59026050567627 9.59018802642822 9.90108966827393 9.90108966827393 9.79426860809326 9.85357761383057 9.95716762542725 9.90420436859131 9.92660713195801 9.92660713195801 9.99468612670898 10.2255821228027 10.0789813995361 9.9391450881958 10.274206161499 10.3900985717773 10.2353010177612
9.818678855896 9.78216552734375 9.72691345214844 9.69252872467041 9.69711875915527 9.78024005889893 9.75762939453125 9.91583061218262 9.7841796875 9.67685031890869 9.67685031890869 9.76315784454346 10.079779624939 9.89984130859375 9.89984130859375 10.0143966674805 9.88913631439209 9.98889255523682 9.97976779937744 9.97976779937744 9.90917015075684 9.90917015075684 9.90917015075684 9.74433994293213 9.71094226837158 9.90763282775879 9.90763282775879 9.90987014770508 9.89409923553467 9.66468334197998 10.0238599777222 10.0238599777222 9.92296886444092 9.77840328216553 9.77840328216553 9.61029052734375 9.61029052734375 9.66333675384521 9.72244167327881 9.63233184814453 9.80289268493652 9.72530460357666 9.59026050567627 9.77846050262451 9.87591743469238 9.63480472564697 9.64512634277344 9.90972805023193 9.74817562103271 9.93887233734131 9.90420436859131 10.0513124465942 10.0789813995361 10.0789813995361 9.91988849639893 9.91988849639893 10.3707704544067 10.3900985717773 10.3900985717773 10.0760469436646
9.62633419036865 9.62633419036865 9.8348331451416 9.8348331451416 9.78024005889893 9.91583061218262 9.81600856781006 9.68071365356445 9.7841796875 9.7841796875 9.91791152954102 10.0143966674805 9.852126121521 9.74757671356201 9.82136154174805 9.82136154174805 9.96739864349365 10.0590982437134 9.64980220794678 10.0590982437134 10.0590982437134 9.74646854400635 9.74433994293213 9.74433994293213 9.90763282775879 9.90763282775879 9.84929656982422 9.8481969833374 9.75318813323975 10.1125659942627 10.0238599777222 10.0238599777222 9.80289268493652 9.80289268493652 9.80289268493652 9.70247650146484 9.77840328216553 9.80289268493652 9.77846050262451 9.77846050262451 9.77846050262451 9.70449447631836 9.87023830413818 9.69292831420898 9.96493816375732 9.86758899688721 9.86758899688721 9.74817562103271 9.90972805023193 9.90972805023193 9.90420436859131 9.86758899688721 9.86758899688721 10.0492191314697 10.0895614624023 10.1047954559326 10.0242586135864 10.0110416412354 10.0439538955688 10.501856803894
9.62633419036865 9.68088912963867 9.8348331451416 9.69711875915527 9.70593643188477 9.81600856781006 9.70593643188477 9.70593643188477 9.71721172332764 9.68071365356445 9.852126121521 9.99205207824707 9.82136154174805 9.82136154174805 9.7841796875 9.82136154174805 9.95501708984375 9.92783546447754 9.88529014587402 10.0590982437134 9.8991584777832 9.84337711334229 9.74433994293213 9.74433994293213 9.89867496490479 9.74774646759033 9.8481969833374 10.0213613510132 9.90108966827393 9.84390926361084 9.7373685836792 9.80289268493652 9.80289268493652 9.80289268493652 9.80289268493652 9.80289268493652 9.80289268493652 9.77846050262451 9.87023830413818 9.87591743469238 9.90108966827393 9.87023830413818 9.85357761383057 9.86758899688721 9.60961818695068 9.86758899688721 9.86758899688721 9.85939407348633 9.96719074249268 9.96979236602783 9.86758899688721 9.99464225769043 10.095046043396 9.99464225769043 10.2254371643066 10.2254371643066 10.2254371643066 10.3665418624878 10.3931980133057 10.4710826873779
9.68088912963867 9.68088912963867 9.8348331451416 9.74580955505371 9.74714946746826 9.70593643188477 9.78024005889893 9.77339458465576 9.89525127410889 9.93284893035889 9.75414848327637 9.83706855773926 9.67715072631836 9.7861270904541 9.82136154174805 9.91303634643555 9.92783546447754 9.75763893127441 10.0465316772461 10.0208902359009 9.8333854675293 9.95262241363525 9.8991584777832 9.89867496490479 9.99720001220703 10.0146818161011 10.0146818161011 10.0146818161011 9.82974243164062 10.0213613510132 9.95890998840332 9.95980644226074 9.95890998840332 9.88607597351074 10.0394134521484 9.86008167266846 9.85357761383057 9.87975406646729 9.85900974273682 9.85357761383057 9.90108966827393 9.82793235778809 9.86906242370605 9.60961818695068 9.87582969665527 9.86758899688721 9.86758899688721 9.9872407913208 10.0783023834229 9.99464225769043 9.98143768310547 10.1869106292725 10.1869106292725 10.1869106292725 -9999 -9999 -9999 -9999 -9999 -9999
9.77167987823486 9.80983257293701 9.63091468811035 9.71379470825195 9.78024005889893 9.78024005889893 9.75661659240723 9.77339458465576 9.67592239379883 9.93284893035889 10.0129384994507 9.66589736938477 9.7505578994751 9.76759433746338 9.91303634643555 9.92783546447754 9.80414867401123 9.96002292633057 10.0117082595825 9.79609775543213 9.91072368621826 10.1047954559326 9.97484970092773 9.88913631439209 9.7980432510376 9.98973369598389 10.0881881713867 10.1064710617065 9.92660713195801 10.1064710617065 9.90917015075684 9.90917015075684 9.92978954315186 9.74646854400635 9.74646854400635 9.74646854400635 9.74646854400635 9.84522438049316 9.82793235778809 9.88038539886475 9.95716762542725 9.92978954315186 9.93774890899658 9.82697868347168 10.0313262939453 9.97484970092773 10.097508430481 10.0783023834229 9.9872407913208 -9999 -9999 -9999 -9999 -9999 -9999 -9999 -9999 -9999 -9999 -9999
9.61740684509277 9.61740684509277 9.68088912963867 9.84041404724121 9.68711757659912 9.78024005889893 9.67592239379883 9.83641529083252 9.98207569122314 10.0038938522339 9.98431396484375 9.66589736938477 9.74363994598389 10.02268409729 9.99608898162842 9.96002292633057 9.69762229919434 9.96002292633057 9.6367130279541 9.79609775543213 10.0704479217529 9.91072368621826 9.91072368621826 9.91072368621826 9.91072368621826 9.78481864929199 9.8991584777832 10.1064710617065 10.1064710617065 10.0590982437134 9.74646854400635 9.90917015075684 9.74646854400635 9.84522438049316 9.84522438049316 9.84522438049316 9.84522438049316 10.0881881713867 10.0881881713867 10.0881881713867 9.90987014770508 9.84522438049316 9.97386360168457 -9999 -9999 -9999 -9999 -9999 -9999 -9999 -9999 -9999 -9999 -9999 -9999 -9999 -9999 -9999 -9999 -9999
9.6738452911377 9.73499774932861 9.6738452911377 9.68711757659912 9.68711757659912 9.92325401306152 9.75661659240723 9.83641529083252 9.98207569122314 9.84695339202881 9.74363994598389 9.73071956634521 9.74363994598389 9.95426845550537 9.9526424407959 9.82278442382812 9.82278442382812 9.82278442382812 9.6367130279541 9.9526424407959 9.88630199432373 9.7276725769043 10.1548261642456 10.1548261642456 10.1548261642456 9.88211727142334 10.0881881713867 10.2060670852661 9.98475074768066 9.83208179473877 9.83208179473877 9.99714660644531 9.84522438049316 10.0606822967529 10.0548181533813 9.83208179473877 9.84750556945801 9.90987014770508 -9999 -9999 -9999 -9999 -9999 -9999 -9999 -9999 -9999 -9999 -9999 -9999 -9999 -9999 -9999 -9999 -9999 -9999 -9999 -9999 -9999 -9999
9.68575668334961 9.6738452911377 9.6738452911377 9.6738452911377 9.7661771774292 9.82951164245605 9.83641529083252 9.78723049163818 9.89151668548584 9.90370082855225 9.73071956634521 9.73071956634521 9.90370082855225 9.93547439575195 9.93547439575195 9.90783500671387 9.90783500671387 9.90783500671387 9.90783500671387 9.71721172332764 9.88630199432373 10.1548261642456 10.1548261642456 10.1034984588623 9.91761875152588 9.91761875152588 10.1967630386353 9.88211727142334 10.1188488006592 9.96743106842041 9.98475074768066 9.83208179473877 -9999 -9999 -9999 -9999 -9999 -9999 -9999 -9999 -9999 -9999 -9999 -9999 -9999 -9999 -9999 -9999 -9999 -9999 -9999 -9999 -9999 -9999 -9999 -9999 -9999 -9999 -9999 -9999
9.79490280151367 9.6738452911377 9.90379524230957 9.58737659454346 9.82557392120361 9.72045707702637 9.87385082244873 9.89807891845703 9.89807891845703 9.90370082855225 9.90370082855225 9.73071956634521 9.81575298309326 9.81575298309326 9.81575298309326 10.0661001205444 9.90783500671387 9.85229969024658 9.87654876708984 10.0518617630005 10.0518617630005 10.1548261642456 10.1548261642456 10.0167064666748 10.0167064666748 9.91761875152588 10.0117082595825 -9999 -9999 -9999 -9999 -9999 -9999 -9999 -9999 -9999 -9999 -9999 -9999 -9999 -9999 -9999 -9999 -9999 -9999 -9999 -9999 -9999 -9999 -9999 -9999 -9999 -9999 -9999 -9999 -9999 -9999 -9999 -9999 -9999
9.68575668334961 9.58737659454346 9.93057823181152 9.98554515838623 9.98554515838623 10.0584135055542 9.88358116149902 10.0342054367065 10.0342054367065 9.72045707702637 9.78399181365967 9.87240982055664 9.78931617736816 9.6473445892334 9.81575298309326 9.81575298309326 9.90783500671387 10.0108060836792 10.1044864654541 10.1044864654541 10.1044864654541 9.9736852645874 -9999 -9999 -9999 -9999 -9999 -9999 -9999 -9999 -9999 -9999 -9999 -9999 -9999 -9999 -9999 -9999 -9999 -9999 -9999 -9999 -9999 -9999 -9999 -9999 -9999 -9999 -9999 -9999 -9999 -9999 -9999 -9999 -9999 -9999 -9999 -9999 -9999 -9999
9.58125495910645 9.75195217132568 9.93057823181152 9.79684162139893 10.0048780441284 10.0048780441284 10.0342054367065 9.85229969024658 9.84478855133057 9.97646331787109 9.98554515838623 9.80546760559082 9.8337459564209 9.8337459564209 9.65730381011963 10.1582183837891 -9999 -9999 -9999 -9999 -9999 -9999 -9999 -9999 -9999 -9999 -9999 -9999 -9999 -9999 -9999 -9999 -9999 -9999 -9999 -9999 -9999 -9999 -9999 -9999 -9999 -9999 -9999 -9999 -9999 -9999 -9999 -9999 -9999 -9999 -9999 -9999 -9999 -9999 -9999 -9999 -9999 -9999 -9999 -9999
9.75195217132568 9.69711875915527 9.90867233276367 10.0048780441284 9.77754974365234 9.87428855895996 9.87428855895996 9.77754974365234 9.84478855133057 9.93057823181152 9.93057823181152 -9999 -9999 -9999 -9999 -9999 -9999 -9999 -9999 -9999 -9999 -9999 -9999 -9999 -9999 -9999 -9999 -9999 -9999 -9999 -9999 -9999 -9999 -9999 -9999 -9999 -9999 -9999 -9999 -9999 -9999 -9999 -9999 -9999 -9999 -9999 -9999 -9999 -9999 -9999 -9999 -9999 -9999 -9999 -9999 -9999 -9999 -9999 -9999 -9999
