Demos/Rbased/CrashCourse/data/climate_processing/PresentLayers/Shortia_galacifolia/bio_9.asc
NCOLS 523 
NROWS 122 
XLLCORNER -83.2916666667633 
YLLCORNER 34.9749999999364 
CELLSIZE 0.00833333333316142 
NODATA_value -9999 
[rows 54 to 80 of 122, columns 180 to 239 of 523]
9.80000019073486 9.80000019073486 9.81666660308838 9.71666622161865 9.75 9.85000038146973 9.73333358764648 9.78333282470703 9.76666641235352 9.78333282470703 9.85000038146973 9.80000019073486 9.71666717529297 9.78333377838135 9.63333320617676 9.63333320617676 9.80000019073486 9.75 9.81666660308838 9.81666660308838 9.83333301544189 9.84999942779541 9.81666660308838 9.81666660308838 9.81666660308838 9.75 9.71666622161865 9.75 9.78333282470703 9.86666679382324 9.88333320617676 9.81666660308838 9.80000019073486 9.80000019073486 9.80000019073486 9.81666660308838 9.76666641235352 9.76666641235352 9.81666660308838 9.81666660308838 9.83333301544189 9.83333301544189 9.83333301544189 9.83333301544189 9.86666679382324 9.88333320617676 9.88333320617676 9.93333339691162 9.89999961853027 9.88333320617676 9.89999961853027 9.96666622161865 9.94999980926514 9.93333339691162 9.93333339691162 9.93333339691162 9.93333339691162 9.98333358764648 9.93333339691162 9.94999980926514
9.80000019073486 9.85000038146973 9.78333282470703 9.78333282470703 9.85000038146973 9.93333339691162 9.86666679382324 9.91666698455811 9.88333320617676 9.83333301544189 9.88333320617676 9.88333320617676 9.83333301544189 9.78333282470703 9.66666698455811 9.78333282470703 9.86666679382324 9.80000019073486 9.83333301544189 9.86666679382324 9.86666679382324 9.85000038146973 9.85000038146973 9.88333320617676 9.81666660308838 9.78333282470703 9.69999980926514 9.69999980926514 9.75 9.81666660308838 9.88333320617676 9.86666679382324 9.86666679382324 9.81666660308838 9.81666660308838 9.81666660308838 9.78333377838135 9.76666641235352 9.78333377838135 9.81666660308838 9.83333301544189 9.85000038146973 9.88333320617676 9.85000038146973 9.86666679382324 9.88333320617676 9.88333320617676 9.91666698455811 9.93333339691162 9.88333320617676 9.89999961853027 9.96666622161865 9.94999980926514 9.94999980926514 9.93333339691162 9.93333339691162 9.96666622161865 9.98333358764648 9.98333358764648 9.98333358764648
9.81666660308838 9.86666679382324 9.83333301544189 9.86666679382324 9.89999961853027 9.88333320617676 9.91666698455811 9.91666698455811 9.94999980926514 9.88333320617676 9.88333320617676 9.86666679382324 9.80000019073486 9.85000038146973 9.85000038146973 9.85000038146973 9.85000038146973 9.85000038146973 9.83333301544189 9.90000057220459 9.90000057220459 9.85000038146973 9.85000038146973 9.86666679382324 9.81666660308838 9.81666660308838 9.80000019073486 9.80000019073486 9.80000019073486 9.85000038146973 9.90000057220459 9.93333339691162 9.86666679382324 9.85000038146973 9.83333301544189 9.83333301544189 9.81666660308838 9.81666660308838 9.81666660308838 9.78333377838135 9.81666660308838 9.83333301544189 9.91666698455811 9.85000038146973 9.85000038146973 9.89999961853027 9.88333320617676 9.89999961853027 9.93333339691162 9.93333339691162 9.89999961853027 9.93333339691162 9.94999980926514 9.94999980926514 9.98333358764648 9.93333339691162 9.93333339691162 9.93333339691162 9.96666622161865 10
9.81666660308838 9.76666641235352 9.81666660308838 9.86666679382324 9.83333301544189 9.80000019073486 9.78333282470703 9.85000038146973 9.86666679382324 9.93333339691162 9.93333339691162 9.86666679382324 9.81666660308838 9.86666679382324 9.88333320617676 9.83333301544189 9.86666679382324 9.90000057220459 9.93333339691162 9.86666679382324 9.81666660308838 9.81666660308838 9.83333301544189 9.86666679382324 9.86666679382324 9.86666679382324 9.81666660308838 9.86666679382324 9.88333320617676 9.88333320617676 9.91666698455811 9.93333339691162 9.86666679382324 9.83333301544189 9.88333320617676 9.83333301544189 9.83333301544189 9.83333301544189 9.83333301544189 9.81666660308838 9.83333301544189 9.85000038146973 9.91666698455811 9.91666698455811 9.91666698455811 9.93333339691162 9.88333320617676 9.88333320617676 9.93333339691162 9.93333339691162 9.94999980926514 9.93333339691162 9.94999980926514 9.94999980926514 10 10 9.93333339691162 9.94999980926514 9.94999980926514 9.94999980926514
9.68333339691162 9.68333339691162 9.73333358764648 9.78333282470703 9.71666622161865 9.56666660308838 9.55000019073486 9.80000019073486 9.86666679382324 9.86666679382324 9.91666698455811 9.91666698455811 9.86666679382324 9.86666679382324 9.83333301544189 9.83333301544189 9.86666679382324 9.91666698455811 9.88333320617676 9.83333301544189 9.81666660308838 9.81666660308838 9.80000019073486 9.85000038146973 9.86666679382324 9.81666660308838 9.80000019073486 9.83333301544189 9.93333339691162 9.93333339691162 9.93333339691162 9.88333320617676 9.83333301544189 9.86666679382324 9.88333320617676 9.88333320617676 9.85000038146973 9.83333301544189 9.85000038146973 9.81666660308838 9.81666660308838 9.86666679382324 9.89999961853027 9.88333320617676 9.88333320617676 9.91666698455811 9.93333339691162 9.88333320617676 9.93333339691162 9.93333339691162 9.96666622161865 9.96666622161865 10 10 10 10 10 9.98333358764648 10.0166664123535 10
9.68333339691162 9.73333358764648 9.81666660308838 9.69999980926514 9.73333358764648 9.81666660308838 9.80000019073486 9.71666622161865 9.69999980926514 9.86666679382324 9.91666698455811 9.90000057220459 9.90000057220459 9.90000057220459 9.90000057220459 9.86666679382324 9.86666679382324 9.86666679382324 9.83333301544189 9.83333301544189 9.85000038146973 9.83333301544189 9.81666660308838 9.83333301544189 9.86666679382324 9.86666679382324 9.85000038146973 9.85000038146973 9.89999961853027 9.93333339691162 9.93333339691162 9.86666679382324 9.85000038146973 9.88333320617676 9.88333320617676 9.89999961853027 9.88333320617676 9.85000038146973 9.93333339691162 9.89999961853027 9.86666679382324 9.88333320617676 9.88333320617676 9.88333320617676 9.88333320617676 9.88333320617676 9.93333339691162 9.91666698455811 9.91666698455811 9.94999980926514 9.96666622161865 9.98333358764648 9.98333358764648 10.0333337783813 10.0333337783813 10.0666666030884 10.0500001907349 10.0666666030884 10.0666666030884 10.0666666030884
9.76666641235352 9.86666679382324 9.86666679382324 9.81666660308838 9.86666679382324 9.86666679382324 9.86666679382324 9.86666679382324 9.63333320617676 9.71666622161865 9.80000019073486 9.85000038146973 9.86666679382324 9.91666698455811 9.86666679382324 9.86666679382324 9.91666698455811 9.86666679382324 9.80000019073486 9.80000019073486 9.83333301544189 9.85000038146973 9.83333301544189 9.81666660308838 9.86666679382324 9.88333320617676 9.88333320617676 9.88333320617676 9.89999961853027 9.94999980926514 9.91666698455811 9.88333320617676 9.86666679382324 9.88333320617676 9.89999961853027 9.88333320617676 9.88333320617676 9.93333339691162 9.94999980926514 9.93333339691162 9.89999961853027 9.88333320617676 9.89999961853027 9.93333339691162 9.89999961853027 9.88333320617676 9.93333339691162 9.93333339691162 9.88333320617676 9.89999961853027 9.93333339691162 9.93333339691162 9.98333358764648 9.98333358764648 10 10.0166664123535 9.98333358764648 10.0333337783813 10.0166664123535 10.0500001907349
9.81666660308838 9.86666679382324 9.81666660308838 9.86666679382324 9.91666698455811 9.91666698455811 9.91666698455811 9.86666679382324 9.81666660308838 9.80000019073486 9.85000038146973 9.85000038146973 9.86666679382324 9.91666698455811 9.86666679382324 9.89999961853027 9.85000038146973 9.78333377838135 9.81666660308838 9.81666660308838 9.81666660308838 9.86666679382324 9.86666679382324 9.83333301544189 9.88333320617676 9.89999961853027 9.89999961853027 9.89999961853027 9.89999961853027 9.88333320617676 9.86666679382324 9.86666679382324 9.86666679382324 9.88333320617676 9.89999961853027 9.93333339691162 9.93333339691162 9.96666622161865 9.93333339691162 9.93333339691162 9.93333339691162 9.88333320617676 9.91666603088379 9.93333339691162 9.93333339691162 9.93333339691162 9.89999961853027 9.96666622161865 9.89999961853027 9.91666698455811 9.93333339691162 9.94999980926514 9.93333339691162 9.94999980926514 9.98333358764648 9.98333358764648 9.98333358764648 9.98333358764648 10.0333337783813 10.0666666030884
9.90000057220459 9.86666679382324 9.75 9.65000057220459 9.81666660308838 9.94999980926514 9.94999980926514 9.94999980926514 9.93333339691162 9.93333339691162 9.90000057220459 9.91666698455811 9.91666698455811 9.89999961853027 9.89999961853027 9.89999961853027 9.78333377838135 9.83333396911621 9.78333377838135 9.80000019073486 9.80000019073486 9.81666660308838 9.86666679382324 9.81666660308838 9.81666660308838 9.83333301544189 9.89999961853027 9.89999961853027 9.89999961853027 9.88333320617676 9.84999942779541 9.83333301544189 9.86666679382324 9.88333320617676 9.88333320617676 9.91666698455811 9.98333358764648 9.93333339691162 9.93333339691162 9.93333339691162 9.94999980926514 9.89999961853027 9.88333320617676 9.91666603088379 9.93333339691162 9.94999980926514 9.96666622161865 9.98333358764648 9.98333358764648 9.91666698455811 9.93333339691162 9.96666717529297 9.96666717529297 9.98333358764648 9.98333358764648 9.98333358764648 9.98333358764648 10.0166664123535 10.0333337783813 10.033332824707
9.98333358764648 9.71666717529297 9.51666641235352 9.51666641235352 9.66666698455811 9.81666660308838 9.85000038146973 9.94999980926514 9.96666622161865 9.91666698455811 9.91666698455811 9.91666698455811 9.85000038146973 9.88333320617676 9.83333396911621 9.85000038146973 9.81666660308838 9.85000038146973 9.78333377838135 9.76666641235352 9.80000019073486 9.80000019073486 9.85000038146973 9.86666679382324 9.86666679382324 9.81666660308838 9.83333301544189 9.89999961853027 9.83333301544189 9.81666660308838 9.83333301544189 9.84999942779541 9.86666679382324 9.88333320617676 9.88333320617676 9.91666698455811 9.93333339691162 9.93333339691162 9.93333339691162 9.96666622161865 10 9.94999980926514 9.89999961853027 9.89999961853027 9.89999961853027 9.93333339691162 9.96666622161865 10.0166664123535 9.98333358764648 9.93333339691162 9.93333339691162 9.93333339691162 9.96666717529297 9.98333358764648 10 9.96666717529297 9.96666717529297 9.98333358764648 10.0500001907349 10.0500001907349
9.83333301544189 9.56666660308838 9.53333282470703 9.51666641235352 9.60000038146973 9.76666641235352 9.81666660308838 9.85000038146973 9.88333320617676 9.86666679382324 9.90000057220459 9.85000038146973 9.85000038146973 9.83333396911621 9.78333377838135 9.83333301544189 9.85000038146973 9.89999961853027 9.83333301544189 9.83333301544189 9.85000038146973 9.86666679382324 9.86666679382324 9.86666679382324 9.93333339691162 9.89999961853027 9.89999961853027 9.89999961853027 9.84999942779541 9.84999942779541 9.84999942779541 9.86666679382324 9.88333320617676 9.89999961853027 9.89999961853027 9.91666698455811 9.98333358764648 9.94999980926514 9.94999980926514 10 10 9.96666622161865 9.96666622161865 9.93333339691162 9.93333339691162 9.96666622161865 9.98333358764648 10.0166664123535 10 9.98333358764648 9.94999980926514 9.93333339691162 9.96666717529297 9.98333358764648 9.98333358764648 10 9.98333358764648 9.96666717529297 10.033332824707 10.0500001907349
9.56666660308838 9.53333282470703 9.69999980926514 9.76666641235352 9.73333358764648 9.78333282470703 9.68333339691162 9.78333282470703 9.86666679382324 9.86666679382324 9.86666679382324 9.86666679382324 9.85000038146973 9.85000038146973 9.88333320617676 9.88333320617676 9.91666698455811 9.91666698455811 9.89999961853027 9.89999961853027 9.89999961853027 9.93333339691162 9.94999980926514 9.94999980926514 9.93333339691162 9.94999980926514 9.93333339691162 9.93333339691162 9.89999961853027 9.86666679382324 9.86666679382324 9.91666698455811 9.89999961853027 9.88333320617676 9.89999961853027 9.94999980926514 10 9.96666622161865 9.94999980926514 10.0166664123535 10.0333337783813 10 10 9.98333358764648 9.98333358764648 9.98333358764648 9.98333358764648 10 10.0333337783813 10 9.96666717529297 9.93333339691162 9.98333358764648 10.0166664123535 10.0166664123535 10.0833330154419 10.033332824707 10.0500001907349 10.0500001907349 10.0500001907349
9.61666679382324 9.63333320617676 9.83333301544189 9.85000038146973 9.88333320617676 9.83333301544189 9.86666679382324 9.86666679382324 9.81666660308838 9.81666660308838 9.86666679382324 9.86666679382324 9.86666679382324 9.88333320617676 9.93333339691162 9.91666698455811 9.93333339691162 9.89999961853027 9.86666679382324 9.88333320617676 9.89999961853027 9.91666698455811 9.89999961853027 9.93333339691162 9.96666622161865 9.96666622161865 9.96666622161865 9.93333339691162 9.91666698455811 9.91666698455811 9.93333339691162 9.93333339691162 9.91666698455811 9.91666698455811 9.91666698455811 9.94999980926514 10 10.0166664123535 10 10.0166664123535 10.0500001907349 10.0166664123535 10.0166664123535 9.98333358764648 9.96666717529297 9.98333358764648 9.98333358764648 10 9.98333358764648 10.0500001907349 10 10 9.96666717529297 10.033332824707 10.0833330154419 10.1000003814697 10.0833330154419 10.1000003814697 10.0666666030884 10.1000003814697
9.51666641235352 9.63333320617676 9.73333358764648 9.81666660308838 9.88333320617676 9.90000057220459 9.90000057220459 9.88333320617676 9.83333301544189 9.81666660308838 9.86666679382324 9.88333320617676 9.93333339691162 9.93333339691162 9.89999961853027 9.93333339691162 9.86666679382324 9.86666679382324 9.84999942779541 9.89999961853027 9.91666698455811 9.91666698455811 9.94999980926514 9.94999980926514 9.96666717529297 9.88333320617676 9.96666717529297 15.3000001907349 9.96666717529297 15.2333335876465 9.93333339691162 9.89999961853027 9.91666698455811 9.89999961853027 9.89999961853027 9.94999980926514 9.96666622161865 10.0166664123535 10.0333337783813 10.0500001907349 10.0500001907349 10.0333337783813 10 10 9.98333358764648 9.98333358764648 10 10.0166664123535 10.033332824707 10.0666666030884 10.0666666030884 10.033332824707 10.0166664123535 10.0166664123535 10.0500001907349 10.1000003814697 -9999 -9999 -9999 -9999
9.61666679382324 9.51666641235352 9.63333320617676 9.76666641235352 9.76666641235352 9.76666641235352 9.80000019073486 9.83333301544189 9.88333320617676 9.88333320617676 9.88333320617676 9.93333339691162 9.94999980926514 9.91666698455811 9.88333320617676 9.89999961853027 9.93333339691162 9.86666679382324 9.86666679382324 9.89999961853027 9.88333320617676 9.91666698455811 9.94999980926514 9.93333339691162 15.1999998092651 15.1999998092651 9.96666717529297 15.3000001907349 15.25 9.96666717529297 9.91666698455811 9.93333339691162 9.93333339691162 9.93333339691162 9.94999980926514 9.94999980926514 9.94999980926514 10.0166664123535 15.3166666030884 10.0500001907349 10.0500001907349 10.0500001907349 10 10 10 10.033332824707 10.033332824707 10.033332824707 10.033332824707 10.0833330154419 10.1000003814697 -9999 -9999 -9999 -9999 -9999 -9999 -9999 -9999 -9999
9.89999961853027 9.66666698455811 9.63333320617676 9.75 9.81666660308838 9.85000038146973 9.80000019073486 9.85000038146973 9.88333320617676 9.88333320617676 9.91666698455811 9.89999961853027 9.89999961853027 9.89999961853027 9.89999961853027 9.89999961853027 9.89999961853027 9.89999961853027 9.91666698455811 9.93333339691162 9.93333339691162 9.94999980926514 15.2333335876465 15.2166662216187 15.1999998092651 15.2333335876465 15.2833337783813 15.3000001907349 9.98333358764648 9.93333339691162 9.94999980926514 9.96666717529297 9.98333358764648 10 9.98333358764648 10.0166664123535 10 10.0166664123535 15.3500003814697 15.3333330154419 15.3333330154419 10.0500001907349 10 9.96666717529297 9.96666717529297 10.033332824707 10 -9999 -9999 -9999 -9999 -9999 -9999 -9999 -9999 -9999 -9999 -9999 -9999 -9999
9.93333339691162 9.93333339691162 9.91666698455811 9.83333301544189 9.93333339691162 9.94999980926514 9.94999980926514 9.86666679382324 9.86666679382324 9.89999961853027 9.89999961853027 9.89999961853027 9.91666698455811 9.91666698455811 9.93333339691162 9.96666622161865 9.93333339691162 9.93333339691162 9.94999980926514 9.93333339691162 9.94999980926514 9.96666717529297 15.25 15.2666664123535 15.2333335876465 15.2833337783813 15.3000001907349 15.3166666030884 15.3000001907349 15.25 15.2666664123535 15.2666664123535 15.283332824707 10 10.0166664123535 10.0166664123535 10.0166664123535 10.0333337783813 15.3500003814697 15.3500003814697 10.0666666030884 10.0666666030884 10.0166664123535 -9999 -9999 -9999 -9999 -9999 -9999 -9999 -9999 -9999 -9999 -9999 -9999 -9999 -9999 -9999 -9999 -9999
9.96666622161865 10.0166664123535 9.96666622161865 9.96666622161865 9.96666622161865 9.94999980926514 9.96666622161865 9.89999961853027 9.89999961853027 9.94999980926514 9.94999980926514 9.91666698455811 9.93333339691162 15.1999998092651 9.98333358764648 9.98333358764648 10 10 9.96666717529297 9.96666717529297 9.94999980926514 9.96666717529297 9.98333358764648 15.2333335876465 15.2666664123535 15.25 15.3000001907349 15.3000001907349 15.3500003814697 15.3166666030884 15.3166666030884 15.283332824707 15.3000001907349 15.283332824707 10.0166664123535 15.25 15.3166666030884 15.3500003814697 -9999 -9999 -9999 -9999 -9999 -9999 -9999 -9999 -9999 -9999 -9999 -9999 -9999 -9999 -9999 -9999 -9999 -9999 -9999 -9999 -9999 -9999
9.96666717529297 9.96666622161865 9.96666622161865 10 9.98333358764648 9.94999980926514 9.94999980926514 9.94999980926514 15.1999998092651 15.2166662216187 9.96666622161865 9.93333339691162 9.93333339691162 9.93333339691162 15.2333335876465 15.25 15.2833337783813 15.3000001907349 10.0333337783813 10.0166664123535 9.96666717529297 9.98333358764648 15.2333335876465 15.2333335876465 15.2333335876465 15.2666664123535 15.3000001907349 15.3500003814697 15.3833332061768 15.3833332061768 15.3000001907349 15.3000001907349 15.283332824707 15.283332824707 -9999 -9999 -9999 -9999 -9999 -9999 -9999 -9999 -9999 -9999 -9999 -9999 -9999 -9999 -9999 -9999 -9999 -9999 -9999 -9999 -9999 -9999 -9999 -9999 -9999 -9999
9.96666717529297 9.96666717529297 9.94999980926514 9.96666622161865 9.98333358764648 9.98333358764648 9.94999980926514 9.93333339691162 15.1999998092651 15.1999998092651 15.2166662216187 9.94999980926514 9.93333339691162 9.96666622161865 15.25 15.2666664123535 15.3000001907349 15.3333330154419 15.3666667938232 15.3500003814697 10.0166664123535 15.25 15.25 15.2666664123535 15.2833337783813 15.3000001907349 15.3166666030884 15.3999996185303 15.3833332061768 15.3999996185303 -9999 -9999 -9999 -9999 -9999 -9999 -9999 -9999 -9999 -9999 -9999 -9999 -9999 -9999 -9999 -9999 -9999 -9999 -9999 -9999 -9999 -9999 -9999 -9999 -9999 -9999 -9999 -9999 -9999 -9999
9.93333339691162 9.93333339691162 9.94999980926514 9.94999980926514 9.94999980926514 9.98333358764648 15.1999998092651 9.91666698455811 15.1833333969116 15.25 15.2166662216187 15.2166662216187 15.2333335876465 9.98333358764648 15.2666664123535 15.2666664123535 15.2666664123535 15.3166666030884 15.3666667938232 15.3666667938232 15.3000001907349 15.2833337783813 15.2833337783813 15.2666664123535 15.2666664123535 15.2833337783813 -9999 -9999 -9999 -9999 -9999 -9999 -9999 -9999 -9999 -9999 -9999 -9999 -9999 -9999 -9999 -9999 -9999 -9999 -9999 -9999 -9999 -9999 -9999 -9999 -9999 -9999 -9999 -9999 -9999 -9999 -9999 -9999 -9999 -9999
9.94999980926514 9.93333339691162 9.98333358764648 10 10.0166664123535 10.0166664123535 15.283332824707 15.2666664123535 15.2166662216187 15.283332824707 15.283332824707 15.2333335876465 15.25 15.2333335876465 15.3000001907349 15.2666664123535 15.2666664123535 15.3666667938232 15.3999996185303 15.3999996185303 15.3500003814697 15.3500003814697 -9999 -9999 -9999 -9999 -9999 -9999 -9999 -9999 -9999 -9999 -9999 -9999 -9999 -9999 -9999 -9999 -9999 -9999 -9999 -9999 -9999 -9999 -9999 -9999 -9999 -9999 -9999 -9999 -9999 -9999 -9999 -9999 -9999 -9999 -9999 -9999 -9999 -9999
15.2333335876465 15.2166662216187 15.2166662216187 15.2666664123535 15.283332824707 15.283332824707 15.283332824707 15.3000001907349 15.283332824707 15.283332824707 15.283332824707 15.283332824707 15.283332824707 15.283332824707 15.3000001907349 15.3000001907349 15.283332824707 15.3500003814697 -9999 -9999 -9999 -9999 -9999 -9999 -9999 -9999 -9999 -9999 -9999 -9999 -9999 -9999 -9999 -9999 -9999 -9999 -9999 -9999 -9999 -9999 -9999 -9999 -9999 -9999 -9999 -9999 -9999 -9999 -9999 -9999 -9999 -9999 -9999 -9999 -9999 -9999 -9999 -9999 -9999 -9999
15.2666664123535 15.2166662216187 15.2166662216187 15.2333326339722 15.283332824707 15.3333330154419 15.3333330154419 15.3333330154419 15.3166666030884 15.3166666030884 15.3500003814697 15.283332824707 15.3000001907349 15.3166666030884 -9999 -9999 -9999 -9999 -9999 -9999 -9999 -9999 -9999 -9999 -9999 -9999 -9999 -9999 -9999 -9999 -9999 -9999 -9999 -9999 -9999 -9999 -9999 -9999 -9999 -9999 -9999 -9999 -9999 -9999 -9999 -9999 -9999 -9999 -9999 -9999 -9999 -9999 -9999 -9999 -9999 -9999 -9999 -9999 -9999 -9999
15.2166662216187 15.2166662216187 15.2166662216187 15.2166662216187 15.2666664123535 15.283332824707 15.3000001907349 15.4166669845581 15.4166669845581 15.3833332061768 -9999 -9999 -9999 -9999 -9999 -9999 -9999 -9999 -9999 -9999 -9999 -9999 -9999 -9999 -9999 -9999 -9999 -9999 -9999 -9999 -9999 -9999 -9999 -9999 -9999 -9999 -9999 -9999 -9999 -9999 -9999 -9999 -9999 -9999 -9999 -9999 -9999 -9999 -9999 -9999 -9999 -9999 -9999 -9999 -9999 -9999 -9999 -9999 -9999 -9999
15.283332824707 15.283332824707 15.283332824707 10 15.2333335876465 15.283332824707 -9999 -9999 -9999 -9999 -9999 -9999 -9999 -9999 -9999 -9999 -9999 -9999 -9999 -9999 -9999 -9999 -9999 -9999 -9999 -9999 -9999 -9999 -9999 -9999 -9999 -9999 -9999 -9999 -9999 -9999 -9999 -9999 -9999 -9999 -9999 -9999 -9999 -9999 -9999 -9999 -9999 -9999 -9999 -9999 -9999 -9999 -9999 -9999 -9999 -9999 -9999 -9999 -9999 -9999
15.3333330154419 15.3166666030884 -9999 -9999 -9999 -9999 -9999 -9999 -9999 -9999 -9999 -9999 -9999 -9999 -9999 -9999 -9999 -9999 -9999 -9999 -9999 -9999 -9999 -9999 -9999 -9999 -9999 -9999 -9999 -9999 -9999 -9999 -9999 -9999 -9999 -9999 -9999 -9999 -9999 -9999 -9999 -9999 -9999 -9999 -9999 -9999 -9999 -9999 -9999 -9999 -9999 -9999 -9999 -9999 -9999 -9999 -9999 -9999 -9999 -9999
