Demos/Rbased/CrashCourse/data/climate_processing/PresentLayers/Shortia_galacifolia/bio_14.asc
NCOLS 523 
NROWS 122 
XLLCORNER -83.2916666667633 
YLLCORNER 34.9749999999364 
CELLSIZE 0.00833333333316142 
NODATA_value -9999 
[rows 74 to 110 of 122, columns 85 to 169 of 523]
100 100 99 99 99 99 99 100 101 100 100 100 100 100 101 102 102 102 101 101 102 102 103 104 103 102 103 103 104 103 105 108 109 109 110 108 110 109 111 106 101 99 98 98 97 97 97 97 97 97 97 97 97 96 96 96 97 97 97 96 95 95 95 95 95 95 95 95 95 95 95 95 96 95 95 95 96 95 95 95 95 94 94 94 94
102 101 101 100 100 100 100 101 101 102 102 101 101 101 101 102 102 102 102 102 102 103 104 105 103 103 103 104 104 104 106 107 108 109 107 109 108 104 103 100 99 98 98 98 97 97 97 97 97 97 97 97 97 97 97 96 96 97 96 95 95 95 95 95 95 95 95 94 95 95 95 95 96 95 95 95 96 96 96 95 95 94 94 94 94
103 103 102 101 101 102 102 104 103 102 103 107 102 101 102 102 102 102 102 103 102 103 104 104 104 104 104 105 104 104 106 110 108 107 108 108 104 101 99 98 98 98 98 97 97 97 97 97 97 97 97 97 97 97 97 97 96 95 96 96 96 96 95 94 95 96 95 94 95 95 95 96 95 95 94 95 95 95 95 95 95 95 95 94 94
103 103 102 102 102 103 104 107 109 105 104 103 103 102 102 102 102 103 103 104 104 103 104 104 105 105 104 104 104 104 107 108 107 107 110 104 101 99 98 98 98 97 97 97 97 97 97 97 96 96 97 97 97 96 96 96 95 95 95 95 96 95 95 95 94 95 95 95 94 95 95 96 95 94 94 94 95 95 95 95 95 95 94 95 94
103 103 105 104 105 103 103 104 105 108 105 104 103 102 103 103 103 103 103 104 104 104 104 104 105 105 104 103 104 104 108 106 106 109 110 102 99 98 98 97 97 97 96 97 97 96 97 96 96 96 96 96 96 96 95 95 95 96 96 95 95 95 95 96 95 94 94 95 94 94 95 95 94 94 94 94 95 95 95 95 95 94 94 94 94
104 106 110 107 107 107 106 104 104 105 108 105 104 103 103 103 103 103 103 104 104 104 104 104 105 105 104 104 104 103 105 105 108 111 107 101 100 98 97 97 97 97 97 98 97 97 97 96 97 96 96 96 96 96 96 96 96 96 96 95 95 95 95 96 95 94 94 94 94 94 94 95 94 94 94 95 95 95 95 95 95 94 94 94 94
105 107 111 110 109 111 111 109 111 107 105 105 105 104 104 104 104 104 104 104 104 104 104 105 105 106 106 104 103 103 104 106 110 111 108 106 101 98 98 97 97 98 98 98 97 97 97 97 97 97 97 96 97 96 96 96 96 96 96 96 95 94 94 95 95 95 94 94 94 94 94 94 94 94 95 94 95 95 95 94 94 94 94 94 94
106 106 107 107 109 109 114 117 117 114 110 106 106 105 104 104 104 104 104 104 105 105 105 105 105 106 106 105 104 105 107 108 109 107 105 103 99 98 98 98 98 98 98 97 97 97 97 97 97 97 97 96 96 96 96 96 96 96 96 96 96 95 95 94 94 95 95 94 94 94 93 93 94 95 95 95 95 95 95 94 94 94 93 94 94
106 106 106 107 108 110 113 114 113 110 110 107 106 105 105 105 105 105 105 105 105 105 105 105 106 106 105 105 104 105 108 110 109 103 103 100 98 98 98 100 101 99 98 98 98 98 99 99 98 97 96 96 96 96 96 96 96 96 96 95 95 95 94 94 94 95 95 95 95 94 93 93 94 94 94 94 95 95 95 94 94 94 93 93 93
108 108 107 107 109 111 115 115 112 109 107 107 106 106 106 106 106 105 105 106 105 105 106 106 106 106 105 104 105 108 106 106 107 104 101 99 99 101 101 102 102 100 99 99 100 101 103 102 98 97 97 96 97 96 96 96 96 95 95 96 95 95 95 94 94 94 95 95 95 94 93 93 93 94 94 95 95 95 95 94 94 94 93 93 93
114 112 110 109 108 109 110 113 114 111 108 107 107 107 107 107 106 106 106 106 106 106 106 106 106 105 104 104 106 106 105 105 107 103 99 98 100 103 103 103 100 101 103 106 105 105 102 100 98 98 97 97 96 96 96 95 95 95 95 95 95 95 95 95 94 94 93 94 94 94 93 94 94 94 94 94 94 94 94 94 94 -9999 -9999 -9999 -9999
115 117 116 113 109 110 111 115 113 110 109 108 107 107 109 109 107 107 107 107 107 107 106 107 105 104 104 105 103 104 106 106 103 100 100 101 103 102 103 103 102 105 110 113 112 103 99 98 97 98 97 96 96 96 96 96 95 95 95 95 95 95 95 94 94 94 94 93 94 94 94 93 93 93 94 94 94 -9999 -9999 -9999 -9999 -9999 -9999 -9999 -9999
119 120 118 113 112 114 114 114 111 110 109 108 108 108 108 110 109 108 108 108 108 107 107 105 104 105 107 106 104 102 102 103 100 101 102 103 104 103 104 106 109 112 111 109 105 100 98 98 97 97 97 96 96 96 96 96 96 96 96 96 96 95 95 94 94 94 94 94 93 93 94 93 93 94 -9999 -9999 -9999 -9999 -9999 -9999 -9999 -9999 -9999 -9999 -9999
126 124 118 116 114 114 114 112 112 110 109 109 109 111 114 114 110 109 109 110 110 108 106 105 106 107 106 106 105 105 101 101 103 104 105 103 104 105 107 109 109 104 101 100 99 99 99 98 97 97 96 96 96 96 96 96 96 96 96 96 96 95 95 95 94 94 93 93 93 93 -9999 -9999 -9999 -9999 -9999 -9999 -9999 -9999 -9999 -9999 -9999 -9999 -9999 -9999 -9999
121 119 117 117 117 116 114 112 111 110 111 111 112 113 117 113 111 111 111 111 110 107 107 106 107 107 106 105 106 107 105 106 106 106 104 105 105 105 107 106 101 99 98 99 98 98 98 97 97 97 97 97 97 97 97 97 97 97 97 96 96 95 95 95 94 94 -9999 -9999 -9999 -9999 -9999 -9999 -9999 -9999 -9999 -9999 -9999 -9999 -9999 -9999 -9999 -9999 -9999 -9999 -9999
117 116 116 116 116 113 112 111 111 112 115 118 120 118 120 118 116 116 114 111 109 108 108 106 108 107 106 108 108 107 107 107 106 106 106 106 106 106 102 100 98 98 98 100 99 98 98 98 97 98 98 97 97 97 97 97 97 96 96 96 95 95 -9999 -9999 -9999 -9999 -9999 -9999 -9999 -9999 -9999 -9999 -9999 -9999 -9999 -9999 -9999 -9999 -9999 -9999 -9999 -9999 -9999 -9999 -9999
117 117 118 119 120 120 121 118 118 117 123 123 122 122 120 117 116 117 114 111 109 109 108 108 109 108 108 109 109 108 107 107 107 107 106 106 107 105 100 98 98 98 97 98 98 98 98 98 98 98 98 97 97 98 98 98 96 96 96 -9999 -9999 -9999 -9999 -9999 -9999 -9999 -9999 -9999 -9999 -9999 -9999 -9999 -9999 -9999 -9999 -9999 -9999 -9999 -9999 -9999 -9999 -9999 -9999 -9999 -9999
121 124 127 126 131 131 126 126 125 124 125 123 119 121 118 115 112 112 110 109 109 109 110 112 111 111 110 109 108 108 107 107 106 107 107 104 104 102 99 98 98 97 97 98 98 97 98 98 97 97 97 97 97 97 97 -9999 -9999 -9999 -9999 -9999 -9999 -9999 -9999 -9999 -9999 -9999 -9999 -9999 -9999 -9999 -9999 -9999 -9999 -9999 -9999 -9999 -9999 -9999 -9999 -9999 -9999 -9999 -9999 -9999 -9999
127 131 130 131 132 128 123 122 125 125 122 122 116 117 116 113 111 109 110 110 110 111 114 114 112 111 110 108 107 106 105 105 104 104 102 101 101 101 99 98 98 98 97 97 97 97 97 97 97 96 97 -9999 -9999 -9999 -9999 -9999 -9999 -9999 -9999 -9999 -9999 -9999 -9999 -9999 -9999 -9999 -9999 -9999 -9999 -9999 -9999 -9999 -9999 -9999 -9999 -9999 -9999 -9999 -9999 -9999 -9999 -9999 -9999 -9999 -9999
126 128 128 129 130 130 125 120 119 121 122 120 115 113 112 112 110 111 110 111 112 113 114 113 111 110 109 108 109 108 108 108 109 108 108 107 109 104 101 101 99 98 98 97 97 97 97 97 -9999 -9999 -9999 -9999 -9999 -9999 -9999 -9999 -9999 -9999 -9999 -9999 -9999 -9999 -9999 -9999 -9999 -9999 -9999 -9999 -9999 -9999 -9999 -9999 -9999 -9999 -9999 -9999 -9999 -9999 -9999 -9999 -9999 -9999 -9999 -9999 -9999
127 127 128 129 129 126 125 120 116 115 115 115 113 112 112 111 112 112 112 115 116 116 112 112 110 110 110 110 110 110 109 109 109 110 111 111 110 105 103 101 100 99 98 98 -9999 -9999 -9999 -9999 -9999 -9999 -9999 -9999 -9999 -9999 -9999 -9999 -9999 -9999 -9999 -9999 -9999 -9999 -9999 -9999 -9999 -9999 -9999 -9999 -9999 -9999 -9999 -9999 -9999 -9999 -9999 -9999 -9999 -9999 -9999 -9999 -9999 -9999 -9999 -9999 -9999
127 130 129 130 131 128 124 119 118 116 115 114 117 118 118 113 114 114 114 114 115 113 111 113 114 111 110 111 110 110 111 111 113 115 116 109 104 101 101 100 99 -9999 -9999 -9999 -9999 -9999 -9999 -9999 -9999 -9999 -9999 -9999 -9999 -9999 -9999 -9999 -9999 -9999 -9999 -9999 -9999 -9999 -9999 -9999 -9999 -9999 -9999 -9999 -9999 -9999 -9999 -9999 -9999 -9999 -9999 -9999 -9999 -9999 -9999 -9999 -9999 -9999 -9999 -9999 -9999
127 128 130 132 132 129 127 124 121 116 114 117 119 120 116 114 114 115 114 114 113 115 111 114 113 111 112 111 110 111 112 114 112 112 117 112 106 -9999 -9999 -9999 -9999 -9999 -9999 -9999 -9999 -9999 -9999 -9999 -9999 -9999 -9999 -9999 -9999 -9999 -9999 -9999 -9999 -9999 -9999 -9999 -9999 -9999 -9999 -9999 -9999 -9999 -9999 -9999 -9999 -9999 -9999 -9999 -9999 -9999 -9999 -9999 -9999 -9999 -9999 -9999 -9999 -9999 -9999 -9999 -9999
128 130 132 131 132 130 123 117 116 116 117 120 119 119 119 117 113 114 115 115 111 110 110 114 113 112 110 110 111 111 111 109 109 -9999 -9999 -9999 -9999 -9999 -9999 -9999 -9999 -9999 -9999 -9999 -9999 -9999 -9999 -9999 -9999 -9999 -9999 -9999 -9999 -9999 -9999 -9999 -9999 -9999 -9999 -9999 -9999 -9999 -9999 -9999 -9999 -9999 -9999 -9999 -9999 -9999 -9999 -9999 -9999 -9999 -9999 -9999 -9999 -9999 -9999 -9999 -9999 -9999 -9999 -9999 -9999
130 130 127 126 124 122 120 118 120 122 121 124 118 117 116 117 116 120 116 112 110 109 109 111 108 106 106 107 108 109 -9999 -9999 -9999 -9999 -9999 -9999 -9999 -9999 -9999 -9999 -9999 -9999 -9999 -9999 -9999 -9999 -9999 -9999 -9999 -9999 -9999 -9999 -9999 -9999 -9999 -9999 -9999 -9999 -9999 -9999 -9999 -9999 -9999 -9999 -9999 -9999 -9999 -9999 -9999 -9999 -9999 -9999 -9999 -9999 -9999 -9999 -9999 -9999 -9999 -9999 -9999 -9999 -9999 -9999 -9999
128 127 128 129 129 129 127 128 127 125 125 117 112 112 117 118 114 117 116 110 107 110 108 106 105 104 -9999 -9999 -9999 -9999 -9999 -9999 -9999 -9999 -9999 -9999 -9999 -9999 -9999 -9999 -9999 -9999 -9999 -9999 -9999 -9999 -9999 -9999 -9999 -9999 -9999 -9999 -9999 -9999 -9999 -9999 -9999 -9999 -9999 -9999 -9999 -9999 -9999 -9999 -9999 -9999 -9999 -9999 -9999 -9999 -9999 -9999 -9999 -9999 -9999 -9999 -9999 -9999 -9999 -9999 -9999 -9999 -9999 -9999 -9999
130 132 133 131 129 130 128 125 120 114 112 110 111 112 111 109 111 115 112 108 106 106 105 -9999 -9999 -9999 -9999 -9999 -9999 -9999 -9999 -9999 -9999 -9999 -9999 -9999 -9999 -9999 -9999 -9999 -9999 -9999 -9999 -9999 -9999 -9999 -9999 -9999 -9999 -9999 -9999 -9999 -9999 -9999 -9999 -9999 -9999 -9999 -9999 -9999 -9999 -9999 -9999 -9999 -9999 -9999 -9999 -9999 -9999 -9999 -9999 -9999 -9999 -9999 -9999 -9999 -9999 -9999 -9999 -9999 -9999 -9999 -9999 -9999 -9999
133 133 131 129 127 121 121 117 111 109 109 111 112 110 108 108 108 107 107 -9999 -9999 -9999 -9999 -9999 -9999 -9999 -9999 -9999 -9999 -9999 -9999 -9999 -9999 -9999 -9999 -9999 -9999 -9999 -9999 -9999 -9999 -9999 -9999 -9999 -9999 -9999 -9999 -9999 -9999 -9999 -9999 -9999 -9999 -9999 -9999 -9999 -9999 -9999 -9999 -9999 -9999 -9999 -9999 -9999 -9999 -9999 -9999 -9999 -9999 -9999 -9999 -9999 -9999 -9999 -9999 -9999 -9999 -9999 -9999 -9999 -9999 -9999 -9999 -9999 -9999
134 130 120 116 113 113 113 111 108 109 110 110 111 111 108 105 -9999 -9999 -9999 -9999 -9999 -9999 -9999 -9999 -9999 -9999 -9999 -9999 -9999 -9999 -9999 -9999 -9999 -9999 -9999 -9999 -9999 -9999 -9999 -9999 -9999 -9999 -9999 -9999 -9999 -9999 -9999 -9999 -9999 -9999 -9999 -9999 -9999 -9999 -9999 -9999 -9999 -9999 -9999 -9999 -9999 -9999 -9999 -9999 -9999 -9999 -9999 -9999 -9999 -9999 -9999 -9999 -9999 -9999 -9999 -9999 -9999 -9999 -9999 -9999 -9999 -9999 -9999 -9999 -9999
121 114 111 109 108 108 108 108 112 111 110 111 112 -9999 -9999 -9999 -9999 -9999 -9999 -9999 -9999 -9999 -9999 -9999 -9999 -9999 -9999 -9999 -9999 -9999 -9999 -9999 -9999 -9999 -9999 -9999 -9999 -9999 -9999 -9999 -9999 -9999 -9999 -9999 -9999 -9999 -9999 -9999 -9999 -9999 -9999 -9999 -9999 -9999 -9999 -9999 -9999 -9999 -9999 -9999 -9999 -9999 -9999 -9999 -9999 -9999 -9999 -9999 -9999 -9999 -9999 -9999 -9999 -9999 -9999 -9999 -9999 -9999 -9999 -9999 -9999 -9999 -9999 -9999 -9999
121 118 115 111 108 107 109 109 109 -9999 -9999 -9999 -9999 -9999 -9999 -9999 -9999 -9999 -9999 -9999 -9999 -9999 -9999 -9999 -9999 -9999 -9999 -9999 -9999 -9999 -9999 -9999 -9999 -9999 -9999 -9999 -9999 -9999 -9999 -9999 -9999 -9999 -9999 -9999 -9999 -9999 -9999 -9999 -9999 -9999 -9999 -9999 -9999 -9999 -9999 -9999 -9999 -9999 -9999 -9999 -9999 -9999 -9999 -9999 -9999 -9999 -9999 -9999 -9999 -9999 -9999 -9999 -9999 -9999 -9999 -9999 -9999 -9999 -9999 -9999 -9999 -9999 -9999 -9999 -9999
119 113 111 108 107 110 -9999 -9999 -9999 -9999 -9999 -9999 -9999 -9999 -9999 -9999 -9999 -9999 -9999 -9999 -9999 -9999 -9999 -9999 -9999 -9999 -9999 -9999 -9999 -9999 -9999 -9999 -9999 -9999 -9999 -9999 -9999 -9999 -9999 -9999 -9999 -9999 -9999 -9999 -9999 -9999 -9999 -9999 -9999 -9999 -9999 -9999 -9999 -9999 -9999 -9999 -9999 -9999 -9999 -9999 -9999 -9999 -9999 -9999 -9999 -9999 -9999 -9999 -9999 -9999 -9999 -9999 -9999 -9999 -9999 -9999 -9999 -9999 -9999 -9999 -9999 -9999 -9999 -9999 -9999
115 115 -9999 -9999 -9999 -9999 -9999 -9999 -9999 -9999 -9999 -9999 -9999 -9999 -9999 -9999 -9999 -9999 -9999 -9999 -9999 -9999 -9999 -9999 -9999 -9999 -9999 -9999 -9999 -9999 -9999 -9999 -9999 -9999 -9999 -9999 -9999 -9999 -9999 -9999 -9999 -9999 -9999 -9999 -9999 -9999 -9999 -9999 -9999 -9999 -9999 -9999 -9999 -9999 -9999 -9999 -9999 -9999 -9999 -9999 -9999 -9999 -9999 -9999 -9999 -9999 -9999 -9999 -9999 -9999 -9999 -9999 -9999 -9999 -9999 -9999 -9999 -9999 -9999 -9999 -9999 -9999 -9999 -9999 -9999
-9999 -9999 -9999 -9999 -9999 -9999 -9999 -9999 -9999 -9999 -9999 -9999 -9999 -9999 -9999 -9999 -9999 -9999 -9999 -9999 -9999 -9999 -9999 -9999 -9999 -9999 -9999 -9999 -9999 -9999 -9999 -9999 -9999 -9999 -9999 -9999 -9999 -9999 -9999 -9999 -9999 -9999 -9999 -9999 -9999 -9999 -9999 -9999 -9999 -9999 -9999 -9999 -9999 -9999 -9999 -9999 -9999 -9999 -9999 -9999 -9999 -9999 -9999 -9999 -9999 -9999 -9999 -9999 -9999 -9999 -9999 -9999 -9999 -9999 -9999 -9999 -9999 -9999 -9999 -9999 -9999 -9999 -9999 -9999 -9999
-9999 -9999 -9999 -9999 -9999 -9999 -9999 -9999 -9999 -9999 -9999 -9999 -9999 -9999 -9999 -9999 -9999 -9999 -9999 -9999 -9999 -9999 -9999 -9999 -9999 -9999 -9999 -9999 -9999 -9999 -9999 -9999 -9999 -9999 -9999 -9999 -9999 -9999 -9999 -9999 -9999 -9999 -9999 -9999 -9999 -9999 -9999 -9999 -9999 -9999 -9999 -9999 -9999 -9999 -9999 -9999 -9999 -9999 -9999 -9999 -9999 -9999 -9999 -9999 -9999 -9999 -9999 -9999 -9999 -9999 -9999 -9999 -9999 -9999 -9999 -9999 -9999 -9999 -9999 -9999 -9999 -9999 -9999 -9999 -9999
-9999 -9999 -9999 -9999 -9999 -9999 -9999 -9999 -9999 -9999 -9999 -9999 -9999 -9999 -9999 -9999 -9999 -9999 -9999 -9999 -9999 -9999 -9999 -9999 -9999 -9999 -9999 -9999 -9999 -9999 -9999 -9999 -9999 -9999 -9999 -9999 -9999 -9999 -9999 -9999 -9999 -9999 -9999 -9999 -9999 -9999 -9999 -9999 -9999 -9999 -9999 -9999 -9999 -9999 -9999 -9999 -9999 -9999 -9999 -9999 -9999 -9999 -9999 -9999 -9999 -9999 -9999 -9999 -9999 -9999 -9999 -9999 -9999 -9999 -9999 -9999 -9999 -9999 -9999 -9999 -9999 -9999 -9999 -9999 -9999
-9999 -9999 -9999 -9999 -9999 -9999 -9999 -9999 -9999 -9999 -9999 -9999 -9999 -9999 -9999 -9999 -9999 -9999 -9999 -9999 -9999 -9999 -9999 -9999 -9999 -9999 -9999 -9999 -9999 -9999 -9999 -9999 -9999 -9999 -9999 -9999 -9999 -9999 -9999 -9999 -9999 -9999 -9999 -9999 -9999 -9999 -9999 -9999 -9999 -9999 -9999 -9999 -9999 -9999 -9999 -9999 -9999 -9999 -9999 -9999 -9999 -9999 -9999 -9999 -9999 -9999 -9999 -9999 -9999 -9999 -9999 -9999 -9999 -9999 -9999 -9999 -9999 -9999 -9999 -9999 -9999 -9999 -9999 -9999 -9999
