Demos/Rbased/CrashCourse/data/climate_processing/PresentLayers/Shortia_galacifolia/bio_9.asc
NCOLS 212 
NROWS 170 
XLLCORNER -83.691666666421 
YLLCORNER 34.5083333333333 
CELLSIZE 0.00833333333316012 
NODATA_value -9999 
[rows 66 to 87 of 170, columns 144 to 191 of 212]
13.7666664123535 13.7666664123535 13.75 13.6833333969116 13.5666666030884 13.6499996185303 13.6499996185303 13.6499996185303 13.7166662216187 13.6499996185303 13.6166667938232 13.5666666030884 8.46666622161865 8.55000019073486 13.6166667938232 13.5666666030884 8.60000038146973 8.55000019073486 8.61666679382324 8.55000019073486 8.38333320617676 8.35000038146973 8.36666679382324 8.39999961853027 8.55000019073486 8.53333282470703 8.69999980926514 8.58333301544189 9 14.4166660308838 14.6833333969116 14.9499998092651 15.0166664123535 15.0666666030884 15.0666666030884 15.0500001907349 15.0833330154419 15.1166667938232 15.0666666030884 15.0333337783813 15.1000003814697 15.1166667938232 15.1333332061768 15.1666669845581 15.1999998092651 15.1166667938232 15.0833330154419 15.0833330154419
13.6499996185303 13.7166662216187 13.783332824707 13.7166662216187 13.6833333969116 13.7333326339722 13.7333326339722 13.7333326339722 13.6666669845581 13.6166667938232 13.5500001907349 13.4499998092651 8.44999980926514 13.5500001907349 13.5666666030884 13.5666666030884 8.55000019073486 8.55000019073486 8.61666679382324 8.5 8.46666717529297 8.41666698455811 8.41666698455811 8.61666679382324 8.56666660308838 8.73333358764648 9.08333396911621 9.23333358764648 14.5166664123535 14.75 14.8999996185303 15 15.0500001907349 15.0833330154419 15.1499996185303 15.1166667938232 15.0833330154419 15.1000003814697 15.0500001907349 15.0666666030884 15.0833330154419 15.0666666030884 15.1166667938232 15.1333332061768 15.1833333969116 15.1999998092651 15.1166667938232 15.1999998092651
13.3666667938232 13.6666669845581 13.8000001907349 13.75 13.7333326339722 13.7666664123535 13.7333326339722 13.7333326339722 13.6666669845581 13.6666669845581 13.6000003814697 13.5333337783813 13.5333337783813 13.5333337783813 13.5666666030884 13.5166664123535 8.53333282470703 8.64999961853027 8.64999961853027 8.53333377838135 8.35000038146973 8.46666717529297 8.61666679382324 8.58333301544189 8.66666698455811 9.10000038146973 14.3000001907349 14.6833333969116 14.8833332061768 14.966667175293 15 15.0500001907349 15.1000003814697 15.1666669845581 15.1499996185303 15.1833333969116 15.1333332061768 15.1000003814697 15.1000003814697 15.1499996185303 15.1166667938232 15.0666666030884 15.1166667938232 15.1333332061768 15.1500005722046 15.1999998092651 15.283332824707 15.2166662216187
13.6666669845581 13.6999998092651 13.8000001907349 13.8166666030884 13.8166666030884 13.8000001907349 13.7333326339722 13.6999998092651 13.6333332061768 13.6000003814697 13.6166667938232 13.5833339691162 13.5666666030884 13.5 13.4833335876465 13.533332824707 13.6166667938232 13.6333332061768 13.6333332061768 8.53333377838135 8.48333358764648 8.61666679382324 8.65000057220459 8.53333377838135 9.05000019073486 14.3833332061768 14.7333335876465 14.8833332061768 14.966667175293 14.966667175293 15.1000003814697 15.1000003814697 15.1166667938232 15.1999998092651 15.1833333969116 15.1333332061768 15.1833333969116 15.216667175293 15.2333335876465 15.1499996185303 15.1333332061768 15.1333332061768 15.216667175293 15.3000001907349 15.1999998092651 15.3500003814697 15.3166666030884 15.283332824707
13.6833333969116 13.7333335876465 13.8166666030884 13.8166666030884 13.783332824707 13.783332824707 13.7666664123535 13.6999998092651 13.6833333969116 13.6666660308838 13.6000003814697 13.6000003814697 13.5666666030884 13.5500001907349 13.5666666030884 13.6499996185303 13.716667175293 13.6833333969116 13.6333332061768 8.5 8.69999980926514 8.73333358764648 8.55000019073486 8.56666660308838 14.1999998092651 14.716667175293 14.9499998092651 14.9833335876465 15.1000003814697 15.1000003814697 15.1000003814697 15.2333335876465 15.216667175293 15.216667175293 15.2666664123535 15.216667175293 15.2666673660278 15.25 15.283332824707 15.2333335876465 15.2333335876465 15.216667175293 15.25 15.3000001907349 15.3000001907349 15.3500003814697 15.3000001907349 15.3000001907349
13.6500005722046 13.8000001907349 13.8000001907349 13.8333330154419 13.8500003814697 13.8666667938232 13.8333330154419 13.8000001907349 13.7166662216187 13.6999998092651 13.6666660308838 13.6666660308838 13.6333332061768 13.6000003814697 13.6000003814697 13.6333332061768 13.716667175293 13.6833333969116 13.8000001907349 13.6666669845581 8.80000019073486 8.60000038146973 8.48333358764648 8.84999942779541 14.3333330154419 14.6000003814697 14.8999996185303 15.1000003814697 15.1166667938232 15.1833333969116 15.1999998092651 15.1833333969116 15.1000003814697 15.1666669845581 15.216667175293 15.216667175293 15.25 15.216667175293 15.25 15.25 15.2666664123535 15.216667175293 15.3000001907349 15.3000001907349 15.2333335876465 15.2333335876465 15.2333335876465 15.3000001907349
13.6666669845581 13.7166662216187 13.75 13.7666664123535 13.8333330154419 13.8500003814697 13.8333330154419 13.8000001907349 13.783332824707 13.75 13.6833333969116 13.6833333969116 13.6666669845581 13.6000003814697 13.5500001907349 13.533332824707 13.716667175293 13.8499994277954 13.8833332061768 13.7833337783813 8.78333282470703 8.55000019073486 8.58333301544189 8.83333301544189 9.03333377838135 14.5666666030884 14.8999996185303 15.0166673660278 15.1166667938232 15.1333332061768 15.0833330154419 15.0666666030884 15.1166667938232 15.1666669845581 15.1833333969116 15.1833333969116 15.216667175293 15.1833333969116 15.2333335876465 15.2333335876465 15.25 15.2333335876465 15.25 15.2333335876465 15.216667175293 15.216667175293 15.25 15.2333335876465
13.6166667938232 13.6666669845581 13.7666664123535 13.8000001907349 13.8333330154419 13.783332824707 13.8000001907349 13.783332824707 13.75 13.6833333969116 13.6666669845581 13.6666669845581 13.6666669845581 13.6499996185303 13.6166667938232 13.6000003814697 13.7333335876465 13.8666667938232 13.716667175293 13.5833330154419 8.69999980926514 8.66666698455811 8.89999961853027 13.8666667938232 14.2333335876465 14.7666664123535 14.966667175293 15.0833330154419 15.0833330154419 15.0500001907349 15.0500001907349 15.1000003814697 15.1500005722046 15.1500005722046 15.1666669845581 15.1666669845581 15.1666669845581 15.1833333969116 15.2333335876465 15.25 15.283332824707 15.283332824707 15.216667175293 15.216667175293 15.25 15.25 15.25 15.283332824707
13.5666666030884 13.6666669845581 13.716667175293 13.75 13.783332824707 13.75 13.7833337783813 13.7833337783813 13.75 13.7166662216187 13.6999998092651 13.6999998092651 13.6999998092651 13.6333332061768 13.6499996185303 13.7333335876465 13.7666664123535 13.8833332061768 13.7833337783813 8.68333339691162 8.60000038146973 8.75 14.0999994277954 14.1833333969116 14.6166667938232 14.9499998092651 15.0166664123535 15.0333337783813 14.7666664123535 14.6666669845581 14.9499998092651 15 15.1333332061768 15.1333332061768 15.1500005722046 15.0166664123535 14.966667175293 15.1333332061768 15.2333335876465 15.2833337783813 15.2833337783813 15.25 15.2999992370605 15.2333335876465 15.25 15.3000001907349 15.283332824707 15.3000001907349
13.6499996185303 13.6666669845581 13.6999998092651 13.7333335876465 13.716667175293 13.75 13.75 13.75 13.75 13.7666664123535 13.7333335876465 13.6999998092651 13.6999998092651 13.6999998092651 13.7333335876465 13.8166666030884 13.9333333969116 13.7833337783813 13.6000003814697 13.75 13.7833337783813 13.7166662216187 14.1333332061768 14.5833330154419 14.8166666030884 14.8333330154419 14.5500001907349 14.6166667938232 14.4666662216187 14.5 14.8500003814697 14.966667175293 14.9166669845581 14.8833332061768 14.8000001907349 14.5 14.6833333969116 15.1000003814697 15.2666664123535 15.25 15.3000001907349 15.2333335876465 15.283332824707 15.2666664123535 15.3000001907349 15.3000001907349 15.3000001907349 15.3333330154419
13.5833330154419 13.6333332061768 13.6499996185303 13.6166667938232 13.6333332061768 13.6833333969116 13.6999998092651 13.6999998092651 13.6833333969116 13.7333335876465 13.75 13.716667175293 13.6999998092651 13.7666664123535 13.8166666030884 13.9333333969116 14.0166664123535 13.7666664123535 13.8500003814697 13.9333333969116 13.9333333969116 13.8333330154419 14.2666664123535 14.8166666030884 14.9333333969116 14.7333335876465 14.4000005722046 14.4000005722046 14.4499998092651 14.7666664123535 14.716667175293 14.4833326339722 9.33333301544189 9.38333320617676 9.48333358764648 14.5999994277954 14.9333333969116 15.1666669845581 15.2166662216187 15.25 15.283332824707 15.3166666030884 15.2999992370605 15.283332824707 15.3500003814697 15.3500003814697 15.3500003814697 15.3666667938232
13.5833330154419 13.6333332061768 13.6666669845581 13.5500001907349 13.5500001907349 13.6333332061768 13.6666669845581 13.6666669845581 13.6666669845581 13.7333335876465 13.7666664123535 13.7666664123535 13.75 13.8666667938232 14.0333337783813 14 13.9499998092651 14.1333332061768 14.1666669845581 13.9333333969116 13.966667175293 14.2666664123535 14.8166666030884 14.8000001907349 14.6833333969116 14.3166666030884 14.4499998092651 14.4166669845581 14.4166669845581 14.5166664123535 14.2666664123535 9.01666641235352 8.86666679382324 8.91666698455811 14.5833330154419 15.0500001907349 15.1666669845581 15.25 15.1666669845581 15.2666664123535 15.3166666030884 15.3166666030884 15.2999992370605 15.3500003814697 15.3666667938232 15.3833332061768 15.3500003814697 15.3500003814697
13.6000003814697 13.5833330154419 13.5999994277954 13.6166667938232 13.4833326339722 13.5833330154419 13.6499996185303 13.6333332061768 13.6666669845581 13.6999998092651 13.7333335876465 13.8000001907349 13.9166660308838 14.0333337783813 13.9499998092651 13.8000001907349 13.8333330154419 14.1000003814697 14.4499998092651 14.4666662216187 14.3500003814697 14.75 14.6000003814697 14.5166664123535 14.4333333969116 14.3333330154419 14.4333333969116 14.2833337783813 14.1833333969116 9.11666679382324 8.89999961853027 9.01666641235352 9.19999980926514 14.3666667938232 14.9166660308838 15.1666669845581 15.2333335876465 15.3000001907349 15.3166666030884 15.3166666030884 15.3166666030884 15.3166666030884 15.3833332061768 15.2999992370605 15.3333330154419 15.3500003814697 15.283332824707 15.2666664123535
13.6166667938232 13.5666666030884 13.4333333969116 13.3166666030884 13.283332824707 13.5499992370605 13.5999994277954 13.6333332061768 13.5833330154419 13.5833330154419 13.6833333969116 13.8833332061768 14.0166664123535 13.9166669845581 13.7833337783813 13.8500003814697 13.9333333969116 14.0833330154419 14.1166667938232 14.5500001907349 14.6499996185303 14.3500003814697 14.2166662216187 14.2333335876465 14.3833332061768 14.2833337783813 14.2666664123535 14.0500001907349 9.06666660308838 9.10000038146973 14.3833332061768 14.7833337783813 14.9499998092651 15.033332824707 15.1000003814697 15.1499996185303 15.2333335876465 15.3000001907349 15.3166666030884 15.3666667938232 15.3333330154419 15.3166666030884 15.3333330154419 15.3166666030884 15.2999992370605 15.3166666030884 15.2999992370605 15.2666664123535
13.5 13.4166669845581 13.4166669845581 13.1666669845581 13.3999996185303 13.5166664123535 13.5666666030884 13.4833335876465 13.5333337783813 13.6333332061768 13.8166666030884 13.9166669845581 13.9499998092651 13.8000001907349 13.8500003814697 13.9333333969116 14.033332824707 14 13.8833332061768 14.0999994277954 14.0166664123535 14.0999994277954 14.0999994277954 14.25 14.2333335876465 14.2666664123535 14.2666664123535 14.1000003814697 14.1999998092651 14.8166666030884 15.0166664123535 15.1666669845581 15.1000003814697 15.2166662216187 15.2166662216187 15.2166662216187 15.2833337783813 15.3000001907349 15.3333330154419 15.3166666030884 15.3000001907349 15.3166666030884 15.2666664123535 15.2666664123535 15.25 15.25 15.25 15.25
13.1500005722046 3.29999995231628 13.1000003814697 3.29999995231628 13.1833333969116 13.25 13.1999998092651 13.3666667938232 13.5666666030884 13.7333335876465 13.8333339691162 13.8500003814697 13.9499998092651 13.8333330154419 13.9166669845581 13.9666662216187 13.8500003814697 13.8000001907349 13.8833332061768 13.966667175293 13.9833335876465 14.0999994277954 14.0999994277954 14.0999994277954 14.1333332061768 14.1499996185303 14.2333335876465 14.6666669845581 14.9499998092651 15.1833333969116 15.2166662216187 15.1999998092651 15.033332824707 15.1833333969116 15.3166666030884 15.25 15.2666664123535 15.2833337783813 15.2666664123535 15.2333335876465 15.2666664123535 15.25 15.25 15.25 15.2666664123535 15.1999998092651 15.3166666030884 15.3166666030884
3.18333339691162 3.23333334922791 3.25 3.34999990463257 13.1999998092651 13.3000001907349 13.216667175293 13.4333333969116 13.5833330154419 13.7333335876465 13.75 13.8500003814697 13.8500003814697 13.783332824707 13.8500003814697 13.8000001907349 13.7666664123535 13.8000001907349 13.8666667938232 13.9499998092651 13.966667175293 13.9833335876465 14.0166673660278 14.0999994277954 14.1333332061768 14.0833339691162 14.3000001907349 15 15.1833333969116 15.25 15.2666664123535 15.3333330154419 15.3333330154419 15.3166666030884 15.3166666030884 15.3000001907349 15.25 15.25 15.2666664123535 15.25 15.2666664123535 15.2666664123535 15.2166662216187 15.1999998092651 15.2166662216187 15.3333330154419 15.3499994277954 15.4333333969116
3.25 13.1333332061768 3.33333325386047 13.1833333969116 13.3833332061768 13.6166667938232 13.5666666030884 13.75 13.8000001907349 13.8166666030884 13.8333330154419 13.7166662216187 13.5500001907349 13.6166667938232 13.6499996185303 13.6833333969116 13.8000001907349 13.8833332061768 13.8500003814697 13.9499998092651 13.9833335876465 14.1333332061768 14.0500001907349 14.1000003814697 14.4000005722046 14.4499998092651 14.7666673660278 15.1333332061768 15.1999998092651 15.2833337783813 15.3500003814697 15.3666667938232 15.3333330154419 15.3333330154419 15.3333330154419 15.3166666030884 15.2833337783813 15.2833337783813 15.3500003814697 15.3333330154419 15.3333330154419 15.3000001907349 15.2833337783813 15.3000001907349 15.3499994277954 15.4166669845581 15.4166669845581 15.4333333969116
3.33333325386047 13.3833332061768 13.3166666030884 13.3333330154419 13.6000003814697 13.7666664123535 13.8500003814697 13.8333330154419 13.8333330154419 13.8166666030884 13.6833333969116 13.4833335876465 13.4499998092651 13.6166667938232 13.6999998092651 13.8000001907349 13.9000005722046 14.0166664123535 14.0999994277954 14.216667175293 14.3000001907349 14.3166666030884 14.4166669845581 14.6500005722046 14.8000001907349 14.7833337783813 14.8999996185303 15.0666666030884 15.1999998092651 15.25 15.2666664123535 15.3833332061768 15.4166669845581 15.4166669845581 15.3833332061768 15.3999996185303 15.3833332061768 15.3833332061768 15.4499998092651 15.3666667938232 15.3166666030884 15.3833332061768 15.3499994277954 15.3833332061768 15.4166669845581 15.4333333969116 15.4499998092651 15.4499998092651
13.1166667938232 13.4333333969116 13.5833330154419 13.6666669845581 13.6666669845581 13.8166666030884 13.7666664123535 13.8166666030884 13.7333335876465 13.6833333969116 13.6000003814697 13.5 13.6166667938232 13.7666664123535 13.8000001907349 13.8500003814697 13.9833335876465 13.9333333969116 13.9333333969116 13.9333333969116 13.966667175293 13.8833332061768 13.9833335876465 14.0333337783813 14.1000003814697 14.0500001907349 14.466667175293 14.9666662216187 14.9666662216187 15.1499996185303 15.2833337783813 15.3500003814697 15.4166669845581 15.4166669845581 15.3999996185303 15.3833332061768 15.4166660308838 15.4666662216187 15.5 15.4666662216187 15.4166660308838 15.4166660308838 15.3999996185303 15.4333333969116 15.4333333969116 15.4333333969116 15.4333333969116 15.466667175293
13.5 13.6666669845581 13.716667175293 13.7666664123535 13.7666664123535 13.7333335876465 13.7166662216187 13.6666660308838 13.5 13.4666662216187 13.4666662216187 13.7166662216187 13.75 13.8333330154419 13.8833332061768 13.8833332061768 13.8166666030884 13.8666667938232 13.8499994277954 13.8499994277954 13.8999996185303 13.8333330154419 13.7999992370605 13.7666673660278 13.8000001907349 13.9833335876465 14.466667175293 14.75 15 15.1166667938232 15.2333335876465 15.3333330154419 15.3333330154419 15.3166666030884 15.3333339691162 15.3500003814697 15.3833332061768 15.4333333969116 15.4499998092651 15.4499998092651 15.5 15.4166660308838 15.466667175293 15.466667175293 15.4833335876465 15.4833335876465 15.4499998092651 15.3833332061768
13.6166667938232 13.3999996185303 13.3333330154419 13.3000001907349 13.6499996185303 13.6333332061768 13.6333332061768 13.6166667938232 13.6000003814697 13.5166664123535 13.7166662216187 13.8999996185303 13.6833333969116 13.6000003814697 13.8166666030884 13.8833332061768 13.8166666030884 13.8333330154419 13.8166666030884 13.783332824707 13.7333335876465 13.5666666030884 3.65000009536743 3.68333339691162 13.9499998092651 14.5666666030884 14.8666667938232 14.9499998092651 15.0833330154419 15.1666669845581 15.25 15.3166666030884 15.3166666030884 15.3166666030884 15.2833337783813 15.3333339691162 15.3999996185303 15.4666662216187 15.4833335876465 15.5 15.5333337783813 15.5 15.466667175293 15.4833335876465 15.466667175293 15.4166669845581 15.466667175293 15.4499998092651
