Demos/Rbased/CrashCourse/data/climate_processing/PresentLayers/Shortia_galacifolia/bio_9.asc
NCOLS 603 
NROWS 190 
XLLCORNER -83.7416666666667 
YLLCORNER 34.6416666666666 
CELLSIZE 0.00833333333333332 
NODATA_value -9999 
[rows 22 to 43 of 190, columns 392 to 440 of 603]
5.73333311080933 5.76666641235352 5.79999971389771 5.83333349227905 5.79999971389771 5.79999971389771 5.78333330154419 5.83333349227905 5.81666660308838 5.78333330154419 5.76666641235352 5.78333330154419 5.84999990463257 5.90000009536743 15.1999998092651 15.2666673660278 15.3166666030884 15.3999996185303 15.4166669845581 15.4833335876465 15.4833335876465 15.4333333969116 15.4666662216187 15.4166669845581 15.4166669845581 15.4000005722046 15.4333333969116 15.4000005722046 15.4000005722046 15.4000005722046 15.3666667938232 15.3333330154419 15.283332824707 15.2333335876465 15.1999998092651 15.1333332061768 15.0833330154419 15.0166664123535 14.9833335876465 14.9499998092651 14.9499998092651 14.9499998092651 14.9833335876465 14.9833335876465 14.9833335876465 14.9833335876465 14.9833335876465 14.9833335876465 14.9333333969116
5.76666641235352 5.81666660308838 5.81666660308838 5.83333349227905 5.84999990463257 5.83333349227905 5.84999990463257 5.88333320617676 5.79999971389771 5.81666660308838 5.81666660308838 5.79999971389771 5.83333301544189 5.90000009536743 15.1833333969116 15.1999998092651 15.2833337783813 15.3166666030884 15.3666667938232 15.3833332061768 15.3166666030884 15.3166666030884 15.3500003814697 15.3500003814697 15.3500003814697 15.3666667938232 15.3833332061768 15.4000005722046 15.4166669845581 15.3666667938232 15.3166666030884 15.283332824707 15.1833333969116 15.1666660308838 15.0999994277954 15.0833330154419 15.0333337783813 14.9499998092651 14.9333333969116 14.9333333969116 14.9333333969116 15 14.9833335876465 14.9833335876465 14.9833335876465 14.9333333969116 14.9833335876465 14.9833335876465 14.9666662216187
5.76666641235352 5.79999971389771 5.81666660308838 5.81666660308838 5.83333349227905 5.91666650772095 5.91666650772095 5.86666679382324 5.86666679382324 5.86666679382324 5.83333301544189 5.81666660308838 5.84999990463257 5.90000009536743 15.1499996185303 15.1499996185303 15.1999998092651 15.2666673660278 15.25 15.25 15.2166662216187 15.2333335876465 15.2833337783813 15.3166666030884 15.3166666030884 15.3333339691162 15.3500003814697 15.3500003814697 15.3333339691162 15.2666664123535 15.2166662216187 15.1999998092651 15.1833333969116 15.0999994277954 15.0833330154419 15.0333337783813 14.966667175293 14.9333333969116 14.9333333969116 14.9499998092651 14.9333333969116 14.966667175293 14.9833335876465 14.9833335876465 14.9333333969116 14.9333333969116 14.9333333969116 14.9833335876465 14.9666662216187
5.75 5.79999971389771 5.81666660308838 5.81666660308838 5.81666660308838 5.88333320617676 5.91666650772095 5.91666650772095 5.88333320617676 5.88333320617676 5.86666679382324 5.88333320617676 5.86666679382324 5.91666650772095 15.1333332061768 15.1166667938232 15.1666669845581 15.216667175293 15.1666669845581 15.1666669845581 15.1666669845581 15.2166662216187 15.2666664123535 15.2666664123535 15.2666664123535 15.2833337783813 15.2666664123535 15.2333335876465 15.2333335876465 15.2333335876465 15.1833333969116 15.1499996185303 15.0999994277954 15.0999994277954 15.0833330154419 15.0333337783813 14.9333333969116 14.9333333969116 15 14.9333333969116 14.9333333969116 14.966667175293 15.0333337783813 14.9833335876465 14.9333333969116 14.9333333969116 14.9499998092651 14.9833335876465 14.9666662216187
5.76666641235352 5.81666660308838 5.81666660308838 5.83333349227905 5.83333349227905 5.90000009536743 5.90000009536743 5.91666650772095 5.91666650772095 5.91666650772095 5.91666698455811 5.90000009536743 5.88333320617676 15.033332824707 5.90000009536743 15.1000003814697 15.1000003814697 15.0833330154419 15.1166667938232 15.1333332061768 15.1499996185303 15.1666669845581 15.1666669845581 15.1499996185303 15.1333332061768 15.1499996185303 15.1833333969116 15.1666660308838 15.1333332061768 15.0999994277954 15.0833330154419 15.0666666030884 14.9833335876465 14.9833335876465 14.9833335876465 14.9833335876465 14.966667175293 14.9333333969116 15.0166664123535 14.9333333969116 14.9499998092651 14.9333333969116 14.9833335876465 14.9833335876465 14.9499998092651 14.9333333969116 14.9666662216187 15 15
5.78333330154419 5.79999971389771 5.81666660308838 5.86666679382324 5.91666650772095 5.91666650772095 5.93333339691162 5.90000009536743 5.86666679382324 5.91666698455811 5.93333339691162 5.91666650772095 5.90000009536743 5.88333320617676 15 15.033332824707 15.0666666030884 15.0666666030884 15.033332824707 15.0500001907349 15.0666666030884 15.0500001907349 15.0833330154419 15.0833330154419 15.0666666030884 15.0833330154419 15.0500001907349 15.1333332061768 15.1333332061768 15.1166658401489 15.0500001907349 15 14.9833335876465 14.966667175293 14.9833335876465 14.9833335876465 14.9833335876465 14.9833335876465 15 14.9499998092651 14.9499998092651 14.9499998092651 14.9833335876465 14.9833335876465 14.9333333969116 14.9499998092651 14.9499998092651 15.0166664123535 15.0500001907349
5.76666641235352 5.81666660308838 5.81666660308838 5.91666650772095 5.91666650772095 5.91666650772095 5.91666650772095 5.91666650772095 5.90000009536743 5.93333339691162 5.95000028610229 5.91666650772095 5.91666650772095 5.91666650772095 15.0166664123535 15.033332824707 15.0833330154419 15.1166667938232 15.0666666030884 15.1000003814697 15.0833330154419 15.0833330154419 15.0999994277954 15.0833330154419 15.1166667938232 15.0999994277954 15.0999994277954 15.0833330154419 15.1166658401489 15.0833330154419 15.0500001907349 14.9833335876465 15.0166664123535 14.9833335876465 14.9833335876465 14.9833335876465 14.9833335876465 15.0166664123535 15 14.9499998092651 14.9166669845581 14.8999996185303 14.9833335876465 14.9833335876465 14.9833335876465 14.9833335876465 15 15.0833339691162 15.0500001907349
5.81666660308838 5.81666660308838 5.86666679382324 5.91666650772095 5.91666650772095 5.91666650772095 5.91666650772095 5.93333339691162 5.96666669845581 5.96666669845581 5.96666669845581 5.96666669845581 5.91666650772095 5.95000028610229 15.0833330154419 15.0833330154419 15.1166667938232 15.1166667938232 15.1166667938232 15.1000003814697 15.1000003814697 15.1166667938232 15.0833330154419 15.0666666030884 15.0833330154419 15.0500001907349 15.0666666030884 15.0666666030884 15.0500001907349 15.0500001907349 15.0166673660278 15.0166673660278 15.0333337783813 15.0333337783813 14.9833335876465 15.0666666030884 15.0666666030884 15 14.9333333969116 14.9333333969116 14.9499998092651 14.9499998092651 14.9833335876465 15.0166664123535 14.9833335876465 15.0333337783813 15.0833339691162 15.0500001907349 15.0500001907349
5.81666660308838 5.86666679382324 5.91666650772095 5.91666650772095 5.91666650772095 5.91666650772095 5.91666650772095 5.96666669845581 5.94999980926514 5.98333358764648 5.98333358764648 5.95000028610229 5.95000028610229 5.91666650772095 15.0833330154419 15.1333332061768 15.1333332061768 15.0833330154419 15.0833330154419 15.0500001907349 15.0833330154419 15.1166667938232 15.1166667938232 15.0999994277954 15.0833330154419 15.0500001907349 15.0666666030884 15.0666666030884 15.0333337783813 15.0166673660278 15.0166673660278 15.0166673660278 15.0333337783813 15.0999994277954 15.0333337783813 15.0833330154419 14.9833335876465 14.9333333969116 14.9333333969116 14.9333333969116 14.9499998092651 14.9833335876465 15 15.0333337783813 15.0333337783813 15.0333337783813 15.0333337783813 15.0500001907349 15.1000003814697
5.81666660308838 5.83333349227905 5.88333320617676 5.91666650772095 5.90000009536743 5.86666679382324 5.93333339691162 5.94999980926514 5.94999980926514 5.94999980926514 5.96666669845581 6 5.96666669845581 5.93333339691162 15.1166667938232 15.1500005722046 15.1333332061768 15.1000003814697 15.1166667938232 15.0666666030884 15.0666666030884 15.0666666030884 15.0833330154419 15.1499996185303 15.1666660308838 15.1333332061768 15.1333332061768 15.0833330154419 15.0666666030884 15.0500001907349 15.0166673660278 15.0333337783813 15.0333337783813 15.0666666030884 15.0833330154419 15.0833330154419 14.9833335876465 14.9499998092651 14.9333333969116 14.9499998092651 15.0166664123535 15.0333337783813 15.0333337783813 15.0333337783813 15.0333337783813 15.0333337783813 15.0833339691162 15.1166667938232 15.0833339691162
5.88333320617676 5.86666679382324 5.88333320617676 5.88333320617676 5.86666679382324 5.86666679382324 5.94999980926514 5.93333339691162 5.90000009536743 5.94999980926514 5.96666669845581 6 5.96666669845581 15.1000003814697 6.01666641235352 15.1333332061768 15.1333332061768 15.1333332061768 15.0833330154419 15.0833330154419 15.0666666030884 15.0666666030884 15.0666666030884 15.0833330154419 15.0999994277954 15.0999994277954 15.0833330154419 15.1166658401489 15.0833330154419 15.0666666030884 15.0166673660278 15 15.0333337783813 15.0166673660278 15.0500001907349 15.0833330154419 15.0166673660278 14.9833335876465 14.9833335876465 15.0166664123535 15.0333337783813 15.0666666030884 15.0333337783813 15.0333337783813 15.0333337783813 15.0833339691162 15.0833339691162 15.1000003814697 15.1333332061768
5.88333320617676 5.86666679382324 5.86666679382324 5.86666679382324 5.86666679382324 5.86666679382324 5.90000009536743 5.90000009536743 5.93333339691162 5.96666669845581 5.96666669845581 6.03333330154419 6.01666641235352 6 6.03333330154419 15.1166667938232 15.1166667938232 15.0833330154419 15.0833330154419 15.0666666030884 15.0833330154419 15.0999994277954 15.0666666030884 15.0666666030884 15.0833330154419 15.0833330154419 15.0666666030884 15.0666666030884 15.0666666030884 15.0500001907349 15.0500001907349 15.0500001907349 15.0333337783813 15.0500001907349 15.0833330154419 15.0833330154419 15.0833330154419 15.0333337783813 15.0333337783813 15.0666666030884 15.0666666030884 15.0333337783813 15.0333337783813 15.0833330154419 15.1333332061768 15.1333332061768 15.1666669845581 15.1999998092651 15.2333335876465
5.86666679382324 5.88333320617676 5.88333320617676 5.88333320617676 5.90000009536743 5.94999980926514 5.94999980926514 5.91666650772095 5.93333339691162 5.96666669845581 5.96666669845581 6.03333330154419 6.03333330154419 6.03333330154419 6.03333330154419 15.1333332061768 15.1166667938232 15.0999994277954 15.0833330154419 15.0999994277954 15.1333332061768 15.1166667938232 15.0999994277954 15.0833330154419 15.1333332061768 15.1333332061768 15.1166667938232 15.0666666030884 15.0500001907349 15.0500001907349 15.1000003814697 15.0833330154419 15.0833330154419 15.1333332061768 15.1333332061768 15.1166667938232 15.0833330154419 15.0500001907349 15.0666666030884 15.0833330154419 15.0333337783813 15.0666666030884 15.1333332061768 15.1333332061768 15.1333332061768 15.1666669845581 15.1833333969116 15.2333335876465 15.25
5.90000009536743 5.88333320617676 5.88333320617676 5.88333320617676 5.90000009536743 5.96666669845581 5.98333311080933 5.94999980926514 5.94999980926514 5.96666669845581 6 6.01666641235352 6.05000019073486 6 15.1000003814697 15.1166667938232 15.1166667938232 15.1333332061768 15.1666669845581 15.1666669845581 15.1499996185303 15.1166667938232 15.0833330154419 15.1499996185303 15.1666660308838 15.1166667938232 15.1166667938232 15.0833330154419 15.1000003814697 15.1000003814697 15.1166667938232 15.1333332061768 15.1499996185303 15.1666660308838 15.1499996185303 15.1666660308838 15.1166667938232 15.0833330154419 15.0833330154419 15.0333337783813 15.0666666030884 15.1333332061768 15.1500005722046 15.1333332061768 15.1666669845581 15.2333326339722 15.2666664123535 15.283332824707 15.3166666030884
5.93333339691162 5.93333339691162 5.88333320617676 5.91666650772095 5.96666669845581 5.98333311080933 5.98333311080933 5.96666669845581 5.94999980926514 5.98333358764648 6.01666641235352 6.05000019073486 6.06666660308838 6 6.03333330154419 15.1333332061768 15.1499996185303 15.1666669845581 15.1499996185303 15.1499996185303 15.1666660308838 15.1499996185303 15.1666660308838 15.1833333969116 15.1499996185303 15.1166667938232 15.0999994277954 15.1000003814697 15.1333332061768 15.1499996185303 15.1499996185303 15.1499996185303 15.1666669845581 15.2166662216187 15.2333335876465 15.1833333969116 15.1166667938232 15.1666660308838 15.1000003814697 15.0666666030884 15.1333332061768 15.1833333969116 15.1500005722046 15.1666669845581 15.1833333969116 15.216667175293 15.2333335876465 15.3000001907349 15.3166666030884
5.94999980926514 5.94999980926514 5.91666650772095 5.91666650772095 5.98333311080933 5.98333311080933 6.01666688919067 5.98333311080933 6 6.01666641235352 6.01666641235352 6.05000019073486 6.05000019073486 6.03333330154419 15.1666669845581 15.1833333969116 15.1666669845581 15.1999998092651 15.1999998092651 15.2166662216187 15.1833333969116 15.1999998092651 15.1999998092651 15.1666660308838 15.1666660308838 15.1333332061768 15.1333332061768 15.1333332061768 15.1333332061768 15.1666660308838 15.1666660308838 15.2333335876465 15.1833333969116 15.1999998092651 15.25 15.2166662216187 15.1833333969116 15.1833333969116 15.0666666030884 15.1166667938232 15.1500005722046 15.1666669845581 15.1666669845581 15.1833333969116 15.216667175293 15.283332824707 15.3333330154419 15.3833332061768 15.4166669845581
5.94999980926514 5.94999980926514 5.94999980926514 5.98333311080933 5.98333311080933 5.98333311080933 6.06666660308838 6.01666641235352 6.05000019073486 6.06666660308838 6.03333330154419 6.03333330154419 6.08333349227905 6.06666660308838 6.03333330154419 15.1333332061768 15.1333332061768 15.1666669845581 15.1833333969116 15.1833333969116 15.1666660308838 15.1666660308838 15.1666660308838 15.1666660308838 15.1333332061768 15.1166667938232 15.1333332061768 15.1499996185303 15.1666660308838 15.2166662216187 15.1666660308838 15.1666669845581 15.1999998092651 15.2333335876465 15.25 15.25 15.1999998092651 15.1333332061768 15.0833330154419 15.1500005722046 15.1999998092651 15.1666669845581 15.1833333969116 15.25 15.283332824707 15.3166666030884 15.3666667938232 15.3833332061768 15.4166669845581
5.94999980926514 5.94999980926514 5.98333311080933 5.98333311080933 5.98333311080933 6.03333330154419 6.08333349227905 6.08333349227905 6.08333349227905 6.08333349227905 6.08333349227905 6.09999990463257 6.11666679382324 6.09999990463257 6.04999971389771 15.1166667938232 15.0833330154419 15.1499996185303 15.1666660308838 15.1666660308838 15.1666660308838 15.1666660308838 15.1333332061768 15.1333332061768 15.1833333969116 15.1499996185303 15.1499996185303 15.1833333969116 15.2166662216187 15.2166662216187 15.1499996185303 15.1333332061768 15.2333335876465 15.2333335876465 15.2333335876465 15.2333335876465 15.1333332061768 15.1166667938232 15.1166667938232 15.2166662216187 15.1999998092651 15.25 15.2666664123535 15.2666664123535 15.283332824707 15.3166666030884 15.3333330154419 15.3333330154419 15.3833332061768
5.94999980926514 6.01666688919067 5.98333311080933 5.98333311080933 6.01666641235352 6.08333349227905 6.08333349227905 6.15000009536743 6.13333368301392 6.09999990463257 6.13333368301392 6.13333368301392 6.13333368301392 6.11666679382324 6.04999971389771 6.04999971389771 15.1166667938232 15.1166667938232 15.1833333969116 15.1666660308838 15.1666660308838 15.1666660308838 15.1666660308838 15.1666660308838 15.1833333969116 15.1833333969116 15.1833333969116 15.2166662216187 15.2333335876465 15.2166662216187 15.1666660308838 15.1999998092651 15.2166662216187 15.25 15.2333335876465 15.1833333969116 15.1333332061768 15.1500005722046 15.1833333969116 15.1666669845581 15.1666669845581 15.1833333969116 15.1999998092651 15.216667175293 15.2333335876465 15.25 15.3333330154419 15.3499994277954 15.3833332061768
6.01666688919067 6.03333330154419 5.98333311080933 6 6.01666641235352 6.08333349227905 6.11666679382324 6.16666698455811 6.11666679382324 6.08333349227905 6.08333349227905 6.08333349227905 6.11666679382324 6.13333320617676 6.13333320617676 6.09999990463257 15.1499996185303 15.1666660308838 15.1499996185303 15.1499996185303 15.1666660308838 15.1833333969116 15.2166662216187 15.1833333969116 15.1999998092651 15.2333335876465 15.2166662216187 15.1833333969116 15.2166662216187 15.2333335876465 15.2333335876465 15.2166662216187 15.1833333969116 15.2166662216187 15.1999998092651 15.1333332061768 15.1666669845581 15.1833333969116 15.1500005722046 15.1666669845581 15.1333332061768 15.1999998092651 15.1999998092651 15.1833333969116 15.216667175293 15.25 15.2833337783813 15.3499994277954 15.3833332061768
6.03333330154419 6.01666688919067 6.01666641235352 6.06666660308838 6.06666660308838 6.05000019073486 6.11666679382324 6.11666679382324 6.13333368301392 6.18333339691162 6.13333320617676 6.13333320617676 6.15000009536743 6.16666698455811 6.15000009536743 15.1499996185303 15.1999998092651 15.1999998092651 15.1666660308838 15.1666660308838 15.1666660308838 15.1833333969116 15.2666664123535 15.25 15.2333335876465 15.25 15.2166662216187 15.2166662216187 15.2166662216187 15.2333335876465 15.2333335876465 15.2166662216187 15.1499996185303 15.1999998092651 15.1999998092651 15.1999998092651 15.2166662216187 15.2166662216187 15.1666669845581 15.1666669845581 15.1666669845581 15.1999998092651 15.1666669845581 15.1666669845581 15.216667175293 15.2666664123535 15.3000001907349 15.3166666030884 15.3500003814697
6.05000019073486 6.03333330154419 6.06666660308838 6.06666660308838 6.08333349227905 6.06666660308838 6.11666679382324 6.11666679382324 6.13333320617676 6.13333320617676 6.20000028610229 6.20000028610229 6.16666698455811 6.15000009536743 6.15000009536743 6.15000009536743 15.1999998092651 15.1833333969116 15.1666660308838 15.1999998092651 15.2333335876465 15.25 15.25 15.2833337783813 15.2833337783813 15.25 15.2166662216187 15.2333335876465 15.2333335876465 15.2666664123535 15.2333335876465 15.2333335876465 15.1666660308838 15.1999998092651 15.1999998092651 15.1999998092651 15.2166662216187 15.1666669845581 15.1833333969116 15.1666669845581 15.1999998092651 15.1999998092651 15.1666669845581 15.216667175293 15.2666664123535 15.2666664123535 15.3166666030884 15.3166666030884 15.3500003814697
