Demos/Rbased/CrashCourse/data/climate_processing/PresentLayers/Shortia_galacifolia/bio_14.asc
NCOLS 603 
NROWS 190 
XLLCORNER -83.7416666666667 
YLLCORNER 34.6416666666666 
CELLSIZE 0.00833333333333332 
NODATA_value -9999 
[rows 132 to 175 of 190, columns 0 to 95 of 603]
-9999 -9999 119 120 116 111 117 122 127 130 127 121 120 121 120 121 126 129 130 127 127 131 131 131 129 121 117 116 114 113 116 113 112 115 122 116 113 112 112 112 112 112 112 111 112 114 116 125 130 127 124 135 135 121 119 118 124 128 132 132 139 146 147 146 148 149 150 150 149 149 148 149 151 150 150 149 147 145 147 147 147 147 140 141 141 142 143 141 140 142 144 144 144 142 141 140
-9999 -9999 115 114 111 109 113 115 121 125 127 123 126 122 123 123 123 129 128 125 129 131 128 133 135 128 122 119 117 116 118 114 115 115 117 119 116 115 113 112 112 112 112 112 113 116 122 121 126 135 140 136 129 129 132 129 128 128 132 140 147 148 149 150 150 151 151 152 151 150 150 151 150 151 151 147 146 147 149 150 152 150 142 144 144 141 141 141 141 140 139 139 141 140 141 141
-9999 113 111 107 107 108 111 111 116 118 127 131 130 126 124 127 128 124 126 125 127 126 126 129 133 133 130 121 119 116 115 114 117 117 115 119 118 115 114 116 114 114 113 113 114 118 118 125 135 139 145 144 138 137 135 133 129 132 137 139 143 146 149 150 151 151 151 152 152 152 152 150 147 145 146 146 147 148 149 147 150 152 151 148 146 143 145 143 143 141 139 139 140 142 141 140
-9999 105 104 105 105 106 107 110 112 118 125 128 127 124 122 124 127 131 132 128 126 125 125 127 127 131 130 125 122 120 120 119 123 119 119 127 125 120 120 117 115 115 114 114 115 118 123 132 131 136 140 147 146 141 142 138 135 132 143 148 147 149 151 151 151 151 151 152 152 153 153 152 146 145 141 147 149 148 148 147 148 152 150 152 148 145 150 147 147 144 141 140 140 140 141 138
-9999 102 103 104 105 107 111 111 113 115 122 127 124 125 123 124 129 131 135 132 128 130 130 130 129 129 137 135 127 127 130 126 124 120 123 126 125 125 125 122 116 116 115 114 116 123 129 127 126 130 135 141 148 146 141 141 135 139 142 146 146 148 150 151 151 152 152 153 153 153 154 154 154 154 143 142 144 145 147 148 148 150 148 151 153 147 144 144 144 144 142 142 140 137 137 137
-9999 105 106 107 109 110 110 114 119 124 131 131 131 130 126 124 131 132 132 132 133 137 133 133 133 130 134 138 136 137 138 133 129 124 129 123 120 118 118 119 117 116 115 116 120 121 120 119 120 122 127 131 137 147 147 145 142 142 139 141 144 147 151 151 152 152 153 153 154 154 154 154 154 147 141 138 140 141 143 152 149 149 149 153 154 149 147 144 141 140 139 144 143 135 135 136
105 107 105 107 109 114 121 122 126 135 137 138 136 129 131 130 127 129 131 136 140 140 134 133 132 129 132 135 138 143 142 136 132 133 131 128 126 122 119 117 117 116 116 117 118 118 118 120 123 121 123 124 130 141 147 149 144 143 146 144 143 147 150 151 152 152 152 153 154 154 144 139 141 140 137 139 138 140 148 149 148 148 150 150 149 149 147 146 144 140 138 140 141 132 124 130
105 109 106 109 114 122 126 129 129 130 133 133 132 126 127 131 132 129 130 134 137 137 135 135 135 136 132 133 138 142 145 144 140 133 127 122 120 119 119 118 117 118 117 117 118 121 125 123 125 130 126 126 128 134 147 145 144 143 148 150 150 151 149 151 152 154 154 154 155 155 145 139 137 137 137 138 141 149 151 149 146 147 147 147 147 150 149 145 144 143 138 139 133 129 123 117
105 106 106 112 120 118 117 125 122 118 126 122 122 116 116 122 130 135 132 135 139 138 135 136 139 139 134 132 136 142 146 146 140 133 128 126 122 122 125 119 119 121 118 118 118 119 127 133 130 134 133 132 141 141 148 149 147 150 146 151 152 152 150 152 153 154 155 155 155 155 154 153 139 138 138 141 149 153 155 150 148 147 145 144 144 149 148 144 145 141 137 137 127 121 121 123
103 104 108 113 117 112 114 120 116 112 118 116 113 112 114 117 121 130 136 133 138 142 138 141 143 142 137 133 137 140 144 145 144 135 129 127 126 126 121 119 121 122 119 119 120 120 126 130 140 141 140 142 145 149 151 151 151 151 149 152 152 151 153 152 154 155 155 149 141 142 141 147 143 138 138 143 143 150 151 152 150 149 147 146 143 147 144 143 143 138 135 133 129 125 120 117
102 104 107 107 110 108 113 113 110 109 110 109 110 112 115 117 120 123 133 137 137 140 140 143 147 144 139 135 136 142 143 145 144 139 135 136 132 130 130 124 123 123 120 120 125 123 124 133 139 139 143 145 147 149 152 152 152 151 152 152 150 151 152 154 154 155 156 156 145 142 142 142 141 139 140 141 144 143 144 146 147 146 152 152 145 142 139 139 141 134 127 126 125 128 126 119
103 104 105 104 106 107 108 109 108 108 108 111 113 114 118 123 128 132 135 141 141 137 132 138 145 145 142 138 138 141 142 143 142 145 142 138 131 136 138 128 129 123 121 120 124 126 124 133 134 141 144 145 146 149 149 150 147 145 149 146 141 140 142 144 146 147 146 148 141 139 146 143 140 138 143 140 145 140 139 141 145 144 147 148 148 144 142 133 132 132 125 123 121 127 124 125
102 103 104 105 105 106 106 107 107 109 109 110 111 113 118 122 124 129 136 141 137 134 127 135 143 145 145 141 138 140 143 145 138 140 145 140 137 138 135 128 125 123 122 121 124 130 126 130 135 140 145 145 147 149 146 140 138 136 137 135 136 137 136 136 138 138 140 144 141 139 145 145 142 137 141 139 140 139 141 146 150 144 144 143 142 140 135 133 130 128 126 117 122 122 125 125
104 104 106 107 106 111 108 108 108 109 112 113 112 113 115 117 122 128 134 139 136 129 125 133 138 140 144 141 142 142 145 145 137 131 137 133 130 133 135 129 128 123 122 122 123 129 131 128 131 139 143 145 146 149 149 142 135 133 133 133 135 136 134 135 135 138 141 140 138 136 139 143 141 137 137 135 138 139 139 142 147 144 142 142 136 135 132 132 129 124 121 114 120 124 129 119
107 106 113 110 107 110 110 114 110 111 111 114 118 120 116 118 122 130 138 137 131 129 123 127 133 139 145 143 143 144 147 144 137 130 127 130 126 130 130 130 129 125 123 123 128 132 130 132 139 143 146 145 145 148 151 147 142 139 134 133 133 135 135 134 136 136 138 138 136 136 143 145 144 141 140 135 135 137 139 140 140 143 141 142 135 133 130 128 126 119 115 113 118 129 126 117
110 108 108 110 111 114 116 118 114 116 112 114 118 126 124 124 129 134 135 134 129 124 122 128 138 141 145 139 140 142 145 139 133 130 123 125 124 129 132 130 128 126 123 123 128 126 126 133 138 142 144 145 147 147 148 142 138 137 138 134 132 133 134 134 136 135 136 135 136 139 142 143 146 146 141 138 133 134 141 142 139 141 141 140 135 130 127 125 122 123 115 112 118 127 120 112
107 106 106 107 108 114 120 121 122 119 117 118 124 128 136 132 130 130 129 130 127 124 122 129 132 136 142 135 132 135 139 140 132 127 126 124 125 129 130 128 127 125 124 124 126 125 128 135 138 140 140 142 148 145 142 138 136 134 136 134 135 133 132 135 135 134 135 134 135 140 139 142 142 139 141 139 133 133 141 141 138 139 140 138 134 128 125 123 120 118 114 114 113 116 115 113
104 105 106 108 111 115 123 128 129 128 129 127 130 132 131 127 123 128 125 129 126 123 120 129 128 134 138 132 129 133 136 139 134 127 126 125 124 124 125 125 126 126 125 124 125 127 129 132 139 142 141 145 148 146 141 138 136 132 132 134 132 133 132 133 132 134 134 133 135 141 140 137 136 136 134 133 135 138 139 141 142 140 134 134 133 127 126 123 118 116 115 114 113 112 112 112
105 106 106 109 114 124 129 122 125 127 128 125 124 128 122 122 120 128 125 124 128 124 120 124 126 130 134 129 129 131 129 133 132 128 129 128 125 127 125 126 126 125 125 125 125 126 128 137 140 148 147 151 152 152 147 140 136 134 133 132 131 131 131 130 136 136 135 135 139 139 140 138 135 138 132 133 136 141 141 141 140 134 128 130 129 126 124 120 119 121 120 120 114 114 113 112
108 115 110 111 116 127 128 117 116 119 121 118 120 120 118 118 119 127 125 123 123 122 122 124 128 132 132 127 128 126 126 132 137 134 134 136 132 134 133 129 126 125 125 125 126 129 133 138 141 143 145 150 153 152 150 148 138 139 137 136 135 133 132 129 134 133 134 134 137 137 135 134 135 135 132 136 137 138 140 140 136 126 122 123 126 124 121 120 122 122 124 123 119 119 114 112
-9999 117 113 116 117 121 121 115 113 116 119 118 115 115 115 117 120 126 126 126 123 123 121 125 128 128 126 127 126 124 125 128 132 134 133 137 138 133 130 126 126 126 126 126 128 132 134 136 140 142 147 150 147 147 144 143 139 140 137 137 135 134 130 128 129 131 133 133 132 130 131 134 138 133 131 132 137 136 136 136 135 127 121 120 120 116 119 117 115 117 121 120 118 115 113 113
-9999 109 110 111 111 118 119 114 112 114 120 116 114 116 119 121 123 126 127 127 127 126 122 123 126 124 124 125 124 122 125 127 129 133 130 134 133 130 129 126 126 126 127 127 128 134 138 138 140 142 145 145 141 138 142 139 138 137 137 136 136 133 133 131 128 126 127 128 129 132 132 130 135 131 131 131 133 134 134 129 125 122 120 118 116 114 115 114 113 115 116 115 117 114 112 111
-9999 107 109 110 110 115 115 112 112 114 115 113 113 117 119 123 130 129 127 123 127 124 123 121 123 126 123 123 122 122 123 125 126 128 131 128 126 126 126 126 127 128 127 130 134 138 145 145 142 143 141 135 136 136 137 139 134 135 133 135 134 133 133 133 130 126 125 126 129 133 128 130 135 128 128 129 132 133 133 124 117 118 118 115 114 114 114 113 112 113 113 113 119 117 113 111
-9999 107 109 109 111 112 111 111 112 112 113 113 115 116 118 121 127 127 124 123 125 127 121 119 122 123 122 123 122 122 124 123 124 126 129 126 126 126 127 128 133 132 128 131 132 136 138 144 141 137 138 135 131 132 133 136 133 132 133 133 132 131 130 130 132 132 127 125 129 128 125 127 127 127 128 130 131 132 126 119 117 115 115 114 115 114 113 113 112 113 112 114 118 114 113 113
-9999 -9999 108 108 108 110 111 112 113 116 118 118 116 118 120 120 124 127 125 123 123 123 124 122 119 121 121 123 121 123 122 124 128 132 131 131 131 130 130 129 131 131 128 129 131 132 136 141 139 133 132 133 134 131 130 132 133 131 131 130 129 129 129 133 134 130 126 127 124 125 129 127 130 131 129 134 132 129 121 117 115 114 114 113 115 114 113 112 112 112 112 114 115 114 113 112
-9999 -9999 108 108 110 111 111 112 115 117 119 120 122 126 123 124 128 126 124 124 125 124 121 121 120 121 122 123 122 123 124 128 132 131 131 133 133 134 135 136 134 131 129 131 136 136 138 142 140 138 133 131 132 134 132 128 131 130 127 128 128 129 127 132 131 127 125 125 125 130 131 130 133 133 130 133 132 127 119 116 114 113 113 114 114 113 113 112 111 112 112 113 113 112 111 111
-9999 -9999 108 109 113 117 118 117 115 118 121 122 124 126 123 121 125 125 122 122 123 124 122 120 120 122 122 121 123 124 128 129 130 130 130 132 133 136 140 139 135 130 130 132 137 133 133 135 135 136 137 133 130 130 130 127 126 126 127 127 126 127 129 134 128 126 125 127 134 132 131 133 130 129 127 128 127 122 117 116 114 114 113 113 113 114 113 113 112 111 111 113 113 112 112 111
-9999 -9999 -9999 110 112 117 125 123 122 119 124 129 131 131 123 120 122 124 122 121 121 121 121 120 120 121 121 121 125 125 128 129 130 130 132 137 136 136 136 132 130 128 129 130 134 134 131 131 131 131 132 131 129 127 127 128 130 131 128 128 126 125 128 130 126 124 126 127 130 129 127 130 130 127 126 126 124 121 117 115 115 114 113 113 114 114 113 113 112 111 111 112 113 113 112 111
-9999 -9999 -9999 113 115 115 119 127 129 127 126 131 131 130 126 121 120 121 122 124 121 119 120 119 120 122 122 123 125 129 128 129 129 131 132 130 130 130 128 128 128 128 129 129 133 133 132 130 129 129 129 129 128 127 129 131 133 133 131 131 127 124 126 125 125 127 129 132 128 126 127 128 126 126 126 125 125 124 117 115 114 114 112 112 113 113 113 113 112 111 110 111 111 112 111 110
-9999 -9999 -9999 -9999 121 123 124 126 131 133 135 131 127 126 129 123 120 119 121 123 121 119 121 121 120 122 125 124 127 129 127 128 129 129 129 127 127 127 127 127 128 128 129 130 131 132 133 132 132 132 130 130 129 130 131 128 127 129 128 129 125 125 125 126 126 131 130 128 127 126 126 126 126 125 125 125 127 126 119 117 114 113 112 112 113 112 112 112 111 111 110 110 111 111 111 110
-9999 -9999 -9999 -9999 118 121 119 121 124 127 133 130 129 127 126 127 121 118 121 121 121 121 121 122 120 123 124 124 127 129 127 126 127 128 128 129 128 129 129 128 128 129 130 133 133 132 133 129 131 134 134 136 134 132 131 131 130 127 125 125 125 126 127 129 130 130 128 126 126 125 126 126 124 124 124 126 126 126 121 118 117 113 113 112 112 112 111 111 110 111 110 110 111 110 110 109
-9999 -9999 -9999 -9999 -9999 115 116 119 122 126 128 127 125 125 124 124 125 120 119 119 119 121 119 119 120 124 124 124 125 125 125 127 127 128 129 132 129 127 128 128 128 129 129 129 126 128 129 127 128 134 137 132 130 129 127 129 130 128 126 124 126 126 127 130 130 126 126 126 125 124 125 124 123 125 126 125 125 125 123 115 114 113 113 113 113 113 113 111 111 110 110 110 110 110 110 108
-9999 -9999 -9999 -9999 -9999 118 122 122 125 130 130 129 128 128 128 123 122 120 120 118 119 120 119 122 121 122 122 125 129 131 129 127 126 126 126 128 128 127 128 128 128 129 131 130 125 124 126 126 126 128 133 134 130 127 126 127 127 127 125 126 125 125 125 127 126 125 125 125 125 124 123 123 124 125 125 124 124 122 120 116 114 112 112 113 112 112 111 111 110 110 109 109 110 109 110 109
-9999 -9999 -9999 -9999 -9999 -9999 125 125 130 132 129 128 127 126 125 125 122 118 118 119 119 119 119 120 121 123 124 130 134 132 127 127 128 128 127 126 127 128 127 127 129 130 130 129 126 124 124 125 124 127 128 127 129 129 127 125 124 123 124 127 128 126 126 125 124 125 125 125 125 123 123 124 124 125 124 125 123 119 116 114 113 112 112 112 111 111 110 110 110 109 108 109 110 109 108 108
-9999 -9999 -9999 -9999 -9999 -9999 121 123 127 129 128 126 124 124 124 122 121 120 120 118 120 120 119 122 127 125 124 126 128 129 128 127 128 128 128 127 127 128 127 128 129 127 126 125 125 125 125 124 124 124 126 126 127 130 129 127 123 125 126 128 130 127 128 126 125 125 125 124 123 123 123 124 124 124 124 125 124 117 114 113 113 113 113 112 111 111 111 110 110 109 108 108 108 108 107 107
-9999 -9999 -9999 -9999 -9999 -9999 -9999 123 124 130 131 127 125 125 124 123 122 121 118 119 119 119 119 122 126 124 123 124 126 127 128 129 129 128 128 129 128 127 127 128 128 127 129 131 128 130 127 125 124 125 125 124 125 128 126 124 124 126 127 127 129 129 129 127 127 125 124 122 123 123 123 123 123 124 124 125 123 118 115 116 114 114 113 113 112 112 111 111 110 110 109 109 107 107 108 107
-9999 -9999 -9999 -9999 -9999 -9999 -9999 -9999 125 127 132 127 126 124 123 123 122 121 120 120 121 120 120 123 123 123 123 124 125 127 129 128 128 128 127 128 129 127 128 130 132 131 130 128 126 126 125 126 123 124 124 124 121 123 121 122 123 124 125 126 127 128 128 127 126 125 121 122 124 124 124 125 124 125 124 123 122 119 117 114 113 113 112 112 111 111 111 111 111 111 110 109 108 108 108 107
-9999 -9999 -9999 -9999 -9999 -9999 -9999 -9999 -9999 130 130 129 126 124 123 122 122 121 119 121 122 121 120 121 122 122 124 124 126 127 129 129 130 129 129 127 126 126 128 129 131 132 130 130 129 128 127 124 122 123 124 122 120 121 124 126 127 127 128 126 127 128 127 126 125 122 122 123 125 125 125 125 125 124 122 121 115 116 116 115 113 112 112 111 111 110 110 110 110 110 110 109 109 109 108 108
-9999 -9999 -9999 -9999 -9999 -9999 -9999 -9999 -9999 129 127 127 125 124 123 123 123 118 120 121 121 120 120 121 122 123 124 126 127 129 130 130 131 132 131 129 126 125 127 128 129 131 130 128 128 128 125 124 122 122 123 121 121 123 124 126 127 127 128 126 129 126 125 124 122 121 123 124 124 125 125 125 124 122 118 116 114 113 114 114 113 112 111 110 110 110 109 110 109 110 109 109 109 108 107 107
-9999 -9999 -9999 -9999 -9999 -9999 -9999 -9999 -9999 -9999 123 123 121 123 122 121 118 117 120 120 120 120 121 122 122 122 123 127 128 128 130 129 128 127 127 126 126 125 125 125 127 128 130 128 126 128 126 124 122 121 121 120 122 123 125 126 126 125 125 126 126 125 124 122 120 122 123 125 125 125 124 124 122 119 117 114 113 112 112 112 112 112 111 110 110 109 109 109 109 109 108 109 108 108 107 107
-9999 -9999 -9999 -9999 -9999 -9999 -9999 -9999 -9999 -9999 -9999 118 117 117 118 118 117 118 119 119 120 122 124 123 123 124 122 125 127 128 131 132 131 129 129 128 127 126 126 126 127 128 128 127 126 126 124 122 121 120 119 121 121 123 125 125 125 124 125 126 126 124 122 119 122 124 124 123 123 122 122 121 117 117 114 113 112 112 112 112 111 111 111 111 110 110 108 109 109 109 108 108 107 108 107 106
-9999 -9999 -9999 -9999 -9999 -9999 -9999 -9999 -9999 -9999 -9999 -9999 118 116 116 117 116 119 119 119 122 125 126 125 125 124 122 125 127 130 134 134 134 132 130 131 128 128 126 125 125 125 127 126 125 125 124 125 123 123 119 122 123 123 124 124 124 125 125 125 124 121 120 122 122 124 122 121 120 121 121 120 117 114 114 113 112 111 111 111 111 110 110 110 110 110 109 108 109 109 108 107 106 107 106 106
-9999 -9999 -9999 -9999 -9999 -9999 -9999 -9999 -9999 -9999 -9999 -9999 -9999 117 115 116 116 118 118 121 123 126 126 124 124 124 122 123 125 130 132 130 130 128 127 127 125 125 125 126 126 125 130 131 128 125 123 123 122 122 118 123 125 125 125 125 125 125 124 123 121 119 121 119 119 121 118 119 121 123 123 122 120 115 113 112 112 112 111 111 110 110 110 109 109 109 109 108 109 109 108 107 106 106 106 105
-9999 -9999 -9999 -9999 -9999 -9999 -9999 -9999 -9999 -9999 -9999 -9999 -9999 -9999 -9999 115 116 117 118 120 121 124 127 127 127 128 127 124 123 127 126 126 125 124 124 126 125 127 128 129 127 124 127 130 127 125 124 123 122 120 117 122 124 125 124 125 126 124 124 121 120 119 118 118 117 116 116 116 119 122 120 120 118 115 113 112 111 111 111 111 111 110 110 110 109 109 108 108 109 108 107 107 106 105 106 105
