Demos/Rbased/CrashCourse/data/climate_processing/PresentLayers/Shortia_galacifolia/bio_18.asc
NCOLS 523 
NROWS 122 
XLLCORNER -83.2916666667633 
YLLCORNER 34.9749999999364 
CELLSIZE 0.00833333333316142 
NODATA_value -9999 
[rows 0 to 35 of 122, columns 328 to 409 of 523]
-9999 -9999 -9999 -9999 -9999 -9999 -9999 -9999 -9999 -9999 -9999 -9999 -9999 -9999 -9999 -9999 -9999 -9999 -9999 -9999 -9999 -9999 -9999 -9999 -9999 -9999 -9999 -9999 -9999 -9999 -9999 -9999 -9999 -9999 -9999 -9999 -9999 -9999 -9999 -9999 -9999 -9999 -9999 -9999 -9999 -9999 -9999 -9999 -9999 -9999 -9999 -9999 -9999 -9999 -9999 -9999 -9999 -9999 -9999 -9999 -9999 -9999 -9999 -9999 -9999 -9999 -9999 -9999 -9999 -9999 -9999 -9999 -9999 -9999 -9999 -9999 -9999 -9999 -9999 -9999 -9999 -9999
-9999 -9999 -9999 -9999 -9999 -9999 -9999 -9999 -9999 -9999 -9999 -9999 -9999 -9999 -9999 -9999 -9999 -9999 -9999 -9999 -9999 -9999 -9999 -9999 -9999 -9999 -9999 -9999 -9999 -9999 -9999 -9999 -9999 -9999 -9999 -9999 -9999 -9999 -9999 -9999 -9999 -9999 -9999 -9999 -9999 -9999 -9999 -9999 -9999 -9999 -9999 -9999 -9999 -9999 -9999 -9999 317 317 319 319 318 319 319 319 319 319 321 320 318 320 320 320 320 320 320 320 320 320 320 320 320 321
-9999 -9999 -9999 -9999 -9999 -9999 -9999 -9999 -9999 -9999 -9999 -9999 -9999 -9999 -9999 -9999 -9999 -9999 -9999 -9999 -9999 -9999 -9999 -9999 -9999 -9999 -9999 -9999 311 312 312 311 311 311 313 314 313 313 316 316 315 315 315 315 315 315 316 317 317 317 316 316 316 316 317 317 317 317 317 318 319 319 319 319 320 321 320 320 320 321 321 320 320 320 320 320 320 320 320 320 321 321
-9999 -9999 -9999 -9999 -9999 -9999 306 306 308 308 308 308 308 307 308 308 307 307 308 308 308 308 309 309 309 308 309 310 310 311 312 312 312 311 311 312 312 314 314 315 316 315 315 315 315 315 315 317 317 317 316 316 316 316 316 317 317 317 318 318 318 319 319 319 320 320 321 321 321 321 320 321 321 320 321 320 319 319 320 321 321 321
307 307 306 306 306 306 306 306 308 306 306 307 308 308 308 308 308 308 309 308 308 307 308 309 308 309 309 309 310 311 311 311 312 312 313 313 313 313 314 314 315 316 316 315 315 315 315 315 315 316 314 315 316 316 316 316 317 318 318 318 318 318 319 319 320 320 320 320 320 320 320 320 319 321 321 320 321 320 320 322 321 321
307 307 306 307 306 306 307 306 306 306 306 308 308 308 308 308 308 308 308 308 307 307 307 308 307 309 309 309 311 311 311 311 311 312 313 313 313 313 314 314 315 315 315 315 314 314 315 315 315 315 315 317 317 316 316 316 316 316 317 318 318 318 319 320 320 320 320 320 320 320 320 320 320 319 319 319 319 321 319 321 322 321
309 307 306 306 305 306 307 306 306 306 306 309 308 308 308 308 308 308 308 308 308 307 307 307 307 309 309 309 309 309 309 311 311 311 311 311 313 313 314 314 314 315 315 315 314 314 314 315 315 315 316 316 314 316 316 316 316 318 318 318 318 318 319 320 321 320 320 320 320 320 320 320 320 320 320 321 320 320 322 321 321 322
307 307 306 306 306 306 305 306 306 307 306 306 308 308 308 306 306 308 308 308 308 307 307 308 307 309 310 309 309 309 310 312 312 312 311 313 314 314 314 313 313 315 315 314 315 313 314 314 315 315 316 315 315 317 317 316 316 316 318 318 318 319 320 321 321 321 320 320 320 321 321 321 321 321 321 321 322 322 322 322 322 322
306 306 306 306 307 306 305 305 307 307 306 306 307 306 306 306 306 308 308 308 308 307 307 308 308 308 308 308 310 310 310 310 311 311 312 312 313 314 314 314 313 313 313 313 313 313 315 314 314 315 315 315 316 317 317 318 318 319 319 319 319 320 321 321 321 321 321 321 322 322 321 321 321 321 321 322 322 322 323 323 323 323
307 307 307 306 306 306 306 306 307 306 306 307 307 307 306 306 306 306 306 308 308 307 308 308 308 308 308 307 308 309 310 310 310 311 311 312 313 313 313 314 314 313 314 314 313 315 315 314 315 315 315 316 316 317 317 317 318 318 318 319 320 320 321 321 320 321 321 321 322 321 321 321 321 321 321 321 322 322 323 323 323 323
307 307 307 307 306 305 305 306 306 305 306 307 307 307 307 306 306 306 306 306 307 307 306 307 308 308 308 308 309 309 309 310 311 311 311 312 313 313 313 313 314 314 314 313 313 313 313 315 315 314 314 316 316 316 316 317 317 318 318 319 320 320 321 321 320 319 319 321 322 322 321 321 321 321 321 321 321 322 323 323 323 323
308 307 307 307 306 305 305 306 305 305 306 306 307 307 307 306 306 306 306 306 306 306 306 307 308 308 309 309 309 309 309 311 312 312 311 311 311 311 312 313 314 314 314 313 313 313 315 315 315 314 314 314 315 316 316 317 318 318 318 320 320 320 320 320 320 319 319 319 322 322 322 321 321 321 321 321 321 322 322 323 323 323
307 307 307 307 305 305 305 305 305 306 306 304 306 307 307 306 305 305 306 306 306 306 306 307 307 308 309 310 310 310 310 310 310 312 312 312 312 311 311 313 313 313 313 313 313 313 314 315 315 315 316 317 317 317 318 319 318 319 318 321 321 321 321 320 320 319 319 319 321 322 322 322 322 322 323 322 322 322 322 322 323 323
307 307 306 306 306 305 305 305 305 305 305 304 306 307 307 305 305 305 306 307 306 307 307 307 307 307 309 310 310 310 310 310 310 311 311 311 312 312 311 311 312 313 313 312 313 314 314 314 315 315 316 317 317 317 319 319 319 319 319 321 321 321 321 320 320 320 319 319 321 322 322 322 322 323 323 323 323 323 323 322 322 323
307 307 307 307 306 305 304 304 305 305 305 305 306 306 306 307 307 307 305 305 306 306 306 306 307 308 308 308 310 310 310 310 310 310 311 311 312 312 312 311 311 313 313 313 313 313 313 314 315 315 316 317 317 317 318 319 319 319 319 321 321 321 322 321 320 320 320 319 319 320 322 322 322 323 323 323 323 323 325 325 325 324
307 308 307 306 306 305 304 304 303 303 305 305 305 305 305 307 306 306 305 305 305 305 306 308 306 307 308 308 310 309 310 310 310 310 310 311 311 312 312 311 311 313 313 313 313 313 313 314 315 315 316 317 317 317 317 319 319 319 319 321 321 321 321 322 321 321 321 321 319 320 322 322 322 321 323 323 323 324 325 325 325 325
308 306 305 305 304 304 304 304 304 303 303 305 305 305 305 306 304 304 304 305 304 305 307 308 308 308 308 308 308 309 309 309 309 309 309 311 311 311 312 311 311 313 313 313 313 314 315 314 315 317 317 317 317 317 317 318 319 319 320 321 321 321 321 322 322 321 320 321 321 320 322 322 321 322 323 323 323 324 325 325 325 325
305 306 305 305 304 304 304 304 304 304 302 303 305 305 305 304 304 304 304 304 304 305 307 307 308 308 308 308 308 308 308 309 309 309 310 310 311 311 310 311 311 313 313 313 313 314 313 315 316 317 317 316 317 317 318 319 319 320 321 323 322 322 321 322 322 321 321 321 321 320 320 320 321 323 323 323 323 324 325 325 325 325
305 305 305 305 304 303 303 303 302 302 302 302 303 303 304 304 304 305 305 304 306 306 305 307 307 308 308 308 308 309 308 308 309 309 310 310 311 311 312 311 311 311 312 313 313 314 315 315 316 317 316 318 318 317 318 319 321 321 322 323 323 323 322 322 322 322 321 321 321 321 321 320 323 323 323 323 324 324 325 326 326 326
305 305 305 305 304 303 303 303 303 302 303 302 302 303 303 302 304 305 304 304 306 307 307 307 307 308 308 308 308 308 308 308 309 310 310 310 311 311 312 312 311 311 313 313 314 314 315 315 316 317 317 318 319 319 319 320 321 321 320 322 322 322 322 322 322 322 321 321 321 321 320 320 323 323 324 323 324 324 325 325 326 326
305 305 304 303 304 304 303 303 303 303 302 303 305 305 305 303 304 305 305 305 306 307 307 307 307 308 308 308 308 308 308 308 310 309 310 310 311 311 312 311 311 314 314 314 314 315 315 316 316 317 317 318 319 319 320 320 320 320 320 320 321 321 321 322 322 321 321 320 319 320 320 321 323 323 324 324 324 324 324 324 326 326
303 303 303 303 303 303 303 303 303 302 302 302 303 305 305 305 305 305 305 305 306 307 307 307 307 307 307 308 308 308 308 308 308 310 310 310 311 311 312 311 311 314 314 314 314 315 317 318 317 317 318 319 319 319 320 320 319 319 320 320 320 321 322 322 321 320 320 319 319 321 321 323 323 323 324 324 324 324 324 324 326 326
302 303 302 303 303 303 303 303 302 302 302 302 304 305 305 305 305 305 306 306 307 307 307 307 307 307 307 308 308 308 308 308 309 310 310 310 312 312 312 312 313 314 314 313 314 315 317 316 317 319 320 319 319 319 320 320 320 319 320 319 318 319 319 320 320 320 320 319 321 321 323 323 323 324 324 324 324 324 323 324 326 326
302 302 301 303 303 303 303 303 303 302 302 303 303 303 302 302 305 305 305 305 306 307 307 307 307 307 307 307 308 308 308 308 309 310 310 310 312 312 312 312 313 314 313 313 316 316 317 318 318 319 318 318 319 319 320 320 321 321 319 319 318 319 319 320 320 321 320 321 321 322 323 323 323 323 324 324 324 324 324 324 326 326
302 302 301 301 301 302 302 303 303 302 301 302 302 302 302 305 305 305 305 305 305 306 307 307 307 307 307 307 307 308 308 309 309 310 310 312 312 311 310 311 313 314 313 315 316 317 317 318 319 319 318 318 319 319 320 320 320 320 319 319 320 318 319 320 320 321 320 320 321 321 323 323 323 323 324 324 326 324 324 326 326 326
301 300 300 303 300 300 300 300 301 302 302 301 302 302 302 302 305 305 305 304 305 305 307 307 307 307 307 306 307 309 309 309 309 310 311 311 311 311 310 313 313 313 314 315 316 317 318 318 319 319 318 318 319 319 320 319 319 319 319 319 318 319 320 320 320 321 321 321 321 321 323 323 323 323 324 324 326 324 323 326 326 327
302 303 303 303 303 301 300 300 300 301 301 302 301 302 304 304 305 305 305 304 304 304 304 307 306 307 307 306 307 309 308 309 309 310 311 311 312 311 310 313 313 312 315 315 316 317 317 318 319 319 319 319 319 320 320 320 320 321 320 319 321 321 321 321 320 320 321 321 321 323 323 323 323 323 324 326 326 325 325 326 329 329
301 301 300 300 300 300 300 300 301 301 301 301 301 302 302 304 305 305 305 304 304 304 304 305 305 307 307 306 306 309 308 309 309 311 311 311 311 311 311 312 312 313 315 315 317 317 318 319 319 320 321 319 320 320 320 320 320 321 320 320 321 321 322 322 322 321 321 321 321 323 323 325 324 324 324 326 325 326 330 327 327 327
300 300 300 300 300 300 301 301 301 301 301 300 301 302 302 303 303 303 304 304 304 305 305 305 305 306 306 306 307 307 308 309 310 311 311 311 311 312 311 313 313 315 315 317 317 317 320 322 322 321 324 321 320 320 320 320 321 322 321 321 323 322 322 323 323 322 322 322 322 323 323 324 329 325 324 325 325 327 328 330 333 329
300 300 302 302 301 300 300 300 300 300 301 300 301 301 301 302 303 303 303 305 306 306 305 305 305 306 306 307 307 307 309 310 310 311 311 312 312 311 312 314 314 315 316 317 317 317 320 319 322 322 324 321 321 320 320 320 321 322 321 322 323 324 324 323 323 323 323 322 322 322 323 323 324 324 324 325 326 326 327 329 328 327
300 302 303 302 301 301 301 301 301 301 301 301 300 300 300 301 303 303 303 303 304 305 305 305 305 305 307 307 307 307 308 310 310 311 311 312 312 311 313 314 315 316 317 317 317 319 319 319 320 321 321 321 321 321 320 322 322 322 322 323 324 324 325 325 323 323 322 322 322 322 323 323 325 325 325 325 326 326 327 327 327 327
301 302 303 302 301 301 301 301 301 301 301 301 301 301 301 300 302 303 303 303 304 305 305 305 305 305 307 307 307 307 309 310 310 310 312 312 312 311 314 314 317 318 317 317 317 318 318 319 319 320 321 321 321 320 322 322 322 322 323 324 324 324 324 324 324 324 323 324 323 322 323 325 325 325 325 325 326 326 327 327 327 327
302 301 302 301 301 301 301 301 301 301 301 301 301 301 301 300 301 301 303 303 304 304 305 305 305 306 306 307 307 308 309 310 310 312 312 312 311 311 314 316 318 316 316 317 317 318 318 319 320 320 321 321 320 321 322 322 322 322 324 324 324 324 323 323 324 324 324 325 325 323 324 325 325 327 325 325 326 326 326 326 328 329
302 301 302 301 301 301 301 301 301 301 299 301 300 300 300 300 301 303 303 304 304 304 305 305 306 307 307 307 308 308 309 309 311 312 312 313 313 314 314 316 316 316 316 317 318 318 318 319 320 320 319 321 322 322 322 322 322 323 324 324 324 324 324 325 324 325 325 325 325 323 324 325 327 326 325 325 326 327 327 327 328 329
304 302 302 301 301 301 298 298 299 299 299 299 299 300 300 301 303 303 304 304 304 305 306 306 306 306 307 308 308 310 309 310 311 312 312 313 313 314 315 316 316 316 316 318 318 318 318 320 320 320 320 322 322 323 322 322 323 323 324 324 324 324 325 324 325 325 325 325 325 324 324 326 326 325 325 326 327 327 327 328 328 -9999
304 301 301 301 301 300 299 298 298 298 299 299 299 300 301 301 303 304 304 304 305 306 306 306 307 307 308 308 309 311 310 310 311 313 313 313 312 314 315 315 316 316 317 318 318 318 319 320 320 320 321 322 322 322 321 323 325 323 325 326 324 324 325 325 324 325 325 325 324 324 324 326 326 325 325 -9999 -9999 -9999 -9999 -9999 -9999 -9999
