Demos/Rbased/CrashCourse/data/climate_processing/PresentLayers/Shortia_galacifolia/bio_8.asc
NCOLS 212 
NROWS 170 
XLLCORNER -83.691666666421 
YLLCORNER 34.5083333333333 
CELLSIZE 0.00833333333316012 
NODATA_value -9999 
[rows 126 to 146 of 170, columns 144 to 191 of 212]
7.33333349227905 7.28333330154419 7.30000019073486 7.36666679382324 7.41666698455811 7.44999980926514 7.5 7.54999971389771 7.58333349227905 7.59999990463257 7.61666679382324 7.63333320617676 7.66666650772095 7.66666650772095 7.66666650772095 7.68333339691162 7.68333339691162 7.65000009536743 7.66666650772095 7.68333339691162 7.68333339691162 7.65000009536743 7.65000009536743 7.66666650772095 7.65000009536743 7.65000009536743 7.65000009536743 7.65000009536743 7.59999990463257 7.59999990463257 7.56666660308838 7.51666641235352 7.48333311080933 7.41666650772095 7.40000009536743 7.38333320617676 7.34999990463257 7.31666660308838 -9999 -9999 -9999 -9999 -9999 -9999 -9999 -9999 -9999 -9999
7.38333320617676 7.38333320617676 7.36666679382324 7.38333368301392 7.44999980926514 7.48333311080933 7.54999971389771 7.58333349227905 7.63333320617676 7.65000009536743 7.65000009536743 7.68333339691162 7.73333358764648 7.71666669845581 7.69999980926514 7.69999980926514 7.68333339691162 7.61666679382324 7.56666660308838 7.59999990463257 7.61666679382324 7.63333320617676 7.63333320617676 7.63333320617676 7.63333320617676 7.63333320617676 7.65000009536743 7.66666650772095 7.63333320617676 7.61666679382324 7.59999990463257 7.58333349227905 7.51666641235352 7.48333311080933 7.41666650772095 7.40000009536743 7.38333320617676 7.36666679382324 -9999 -9999 -9999 -9999 -9999 -9999 -9999 -9999 -9999 -9999
7.38333320617676 7.40000009536743 7.43333339691162 7.41666698455811 7.44999980926514 7.48333311080933 7.58333349227905 7.58333349227905 7.68333339691162 7.68333339691162 7.69999980926514 7.75 7.78333330154419 7.78333330154419 7.75 7.71666669845581 7.66666650772095 7.63333320617676 7.61666679382324 7.59999990463257 7.61666679382324 7.61666679382324 7.63333320617676 7.63333320617676 7.66666650772095 7.66666650772095 7.66666650772095 7.68333339691162 7.63333320617676 7.61666679382324 7.59999990463257 7.59999990463257 7.56666660308838 7.51666641235352 7.48333311080933 7.41666650772095 7.44999980926514 7.41666650772095 -9999 -9999 -9999 -9999 -9999 -9999 -9999 -9999 -9999 -9999
7.41666650772095 7.44999980926514 7.46666622161865 7.46666622161865 7.48333311080933 7.53333330154419 7.58333349227905 7.59999990463257 7.65000009536743 7.69999980926514 7.76666688919067 7.80000019073486 7.80000019073486 7.75 7.73333311080933 7.73333311080933 7.71666669845581 7.71666669845581 7.65000009536743 7.61666679382324 7.61666679382324 7.55000019073486 7.55000019073486 7.61666679382324 7.65000009536743 7.65000009536743 7.65000009536743 7.66666650772095 7.65000009536743 7.59999990463257 7.61666679382324 7.61666679382324 7.59999990463257 7.58333349227905 7.54999971389771 7.48333311080933 7.44999980926514 -9999 -9999 -9999 -9999 -9999 -9999 -9999 -9999 -9999 -9999 -9999
7.46666669845581 7.5 7.51666641235352 7.53333330154419 7.54999971389771 7.56666660308838 7.58333349227905 7.66666650772095 7.69999980926514 7.73333358764648 7.78333330154419 7.84999990463257 7.84999990463257 7.83333349227905 7.78333330154419 7.73333311080933 7.73333311080933 7.73333311080933 7.65000009536743 7.63333320617676 7.61666679382324 7.55000019073486 7.5 7.59999990463257 7.63333320617676 7.63333320617676 7.63333320617676 7.66666650772095 7.61666679382324 7.58333349227905 7.61666679382324 7.56666660308838 7.58333349227905 7.58333349227905 7.54999971389771 7.51666688919067 7.48333311080933 -9999 -9999 -9999 -9999 -9999 -9999 -9999 -9999 -9999 -9999 -9999
7.5 7.53333330154419 7.53333330154419 7.55000019073486 7.53333330154419 7.58333349227905 7.59999990463257 7.66666650772095 7.71666669845581 7.76666688919067 7.78333330154419 7.78333330154419 7.80000019073486 7.84999990463257 7.80000019073486 7.73333311080933 7.71666669845581 7.71666669845581 7.68333339691162 7.63333320617676 7.61666679382324 7.59999990463257 7.55000019073486 7.58333301544189 7.63333320617676 7.63333320617676 7.66666650772095 7.66666650772095 7.61666679382324 7.59999990463257 7.59999990463257 7.54999971389771 7.53333330154419 7.58333349227905 7.54999971389771 7.53333330154419 -9999 -9999 -9999 -9999 -9999 -9999 -9999 -9999 -9999 -9999 -9999 -9999
7.53333330154419 7.5 7.48333311080933 7.48333311080933 7.5 7.53333330154419 7.58333349227905 7.58333349227905 7.61666679382324 7.66666650772095 7.75 7.71666669845581 7.69999980926514 7.75 7.76666688919067 7.69999980926514 7.68333339691162 7.61666679382324 7.63333320617676 7.63333320617676 7.61666679382324 7.58333301544189 7.53333330154419 7.58333301544189 7.59999990463257 7.61666679382324 7.61666679382324 7.61666679382324 7.58333349227905 7.58333349227905 7.56666660308838 7.53333330154419 7.53333330154419 7.5 7.48333311080933 7.5 -9999 -9999 -9999 -9999 -9999 -9999 -9999 -9999 -9999 -9999 -9999 -9999
7.5 7.51666641235352 7.51666641235352 7.48333311080933 7.5 7.48333311080933 7.48333311080933 7.58333349227905 7.58333349227905 7.61666679382324 7.68333339691162 7.68333339691162 7.65000009536743 7.63333320617676 7.68333339691162 7.68333339691162 7.63333320617676 7.58333301544189 7.59999990463257 7.63333320617676 7.59999990463257 7.54999971389771 7.54999971389771 7.54999971389771 7.61666679382324 7.56666660308838 7.59999990463257 7.61666679382324 7.58333349227905 7.56666660308838 7.54999971389771 7.56666660308838 7.53333330154419 7.53333330154419 7.48333311080933 -9999 -9999 -9999 -9999 -9999 -9999 -9999 -9999 -9999 -9999 -9999 -9999 -9999
7.5 7.51666641235352 7.51666641235352 7.5 7.46666622161865 7.46666622161865 7.48333311080933 7.48333311080933 7.51666641235352 7.58333349227905 7.58333349227905 7.65000009536743 7.58333349227905 7.56666660308838 7.61666679382324 7.63333320617676 7.56666660308838 7.54999971389771 7.54999971389771 7.59999990463257 7.54999971389771 7.54999971389771 7.56666660308838 7.56666660308838 7.59999990463257 7.58333349227905 7.58333349227905 7.63333320617676 7.58333349227905 7.58333349227905 7.58333349227905 7.53333330154419 7.55000019073486 7.51666641235352 -9999 -9999 -9999 -9999 -9999 -9999 -9999 -9999 -9999 -9999 -9999 -9999 -9999 -9999
7.41666650772095 7.44999980926514 7.5 7.5 7.43333339691162 7.41666698455811 7.40000009536743 7.40000009536743 7.41666698455811 7.46666669845581 7.5 7.58333349227905 7.58333349227905 7.58333349227905 7.58333349227905 7.58333349227905 7.53333330154419 7.51666641235352 7.51666641235352 7.58333349227905 7.54999971389771 7.54999971389771 7.56666660308838 7.58333349227905 7.58333349227905 7.58333349227905 7.61666679382324 7.61666679382324 7.61666679382324 7.61666679382324 7.58333349227905 7.58333349227905 7.58333349227905 -9999 -9999 -9999 -9999 -9999 -9999 -9999 -9999 -9999 -9999 -9999 -9999 -9999 -9999 -9999
7.41666650772095 7.43333339691162 7.43333339691162 7.46666669845581 7.43333339691162 7.40000009536743 7.41666698455811 7.40000009536743 7.38333368301392 7.40000009536743 7.44999980926514 7.48333311080933 7.46666669845581 7.48333311080933 7.48333311080933 7.55000019073486 7.51666641235352 7.51666641235352 7.54999971389771 7.58333349227905 7.56666660308838 7.54999971389771 7.56666660308838 7.58333349227905 7.59999990463257 7.63333320617676 7.63333320617676 7.63333320617676 7.63333320617676 7.61666679382324 7.56666660308838 -9999 -9999 -9999 -9999 -9999 -9999 -9999 -9999 -9999 -9999 -9999 -9999 -9999 -9999 -9999 -9999 -9999
7.41666650772095 7.41666650772095 7.43333339691162 7.44999980926514 7.44999980926514 7.44999980926514 7.41666698455811 7.40000009536743 7.40000009536743 7.40000009536743 7.40000009536743 7.40000009536743 7.41666698455811 7.43333339691162 7.46666669845581 7.51666641235352 7.55000019073486 7.56666660308838 7.56666660308838 7.54999971389771 7.53333330154419 7.5 7.54999971389771 7.56666660308838 7.56666660308838 7.58333349227905 7.59999990463257 7.63333320617676 7.58333349227905 -9999 -9999 -9999 -9999 -9999 -9999 -9999 -9999 -9999 -9999 -9999 -9999 -9999 -9999 -9999 -9999 -9999 -9999 -9999
7.41666650772095 7.41666650772095 7.41666650772095 7.43333339691162 7.44999980926514 7.44999980926514 7.41666698455811 7.41666698455811 7.41666698455811 7.40000009536743 7.40000009536743 7.40000009536743 7.40000009536743 7.44999980926514 7.48333311080933 7.48333311080933 7.55000019073486 7.59999990463257 7.53333330154419 7.53333330154419 7.51666641235352 7.51666641235352 7.53333330154419 7.53333330154419 7.54999971389771 7.58333349227905 7.61666679382324 -9999 -9999 -9999 -9999 -9999 -9999 -9999 -9999 -9999 -9999 -9999 -9999 -9999 -9999 -9999 -9999 -9999 -9999 -9999 -9999 -9999
7.41666650772095 7.41666650772095 7.41666650772095 7.46666669845581 7.46666669845581 7.40000009536743 7.40000009536743 7.41666698455811 7.43333339691162 7.41666698455811 7.41666698455811 7.43333339691162 7.40000009536743 7.41666698455811 7.44999980926514 7.46666622161865 7.53333330154419 7.55000019073486 7.56666660308838 7.54999971389771 7.54999971389771 7.54999971389771 7.53333330154419 7.51666641235352 7.54999971389771 -9999 -9999 -9999 -9999 -9999 -9999 -9999 -9999 -9999 -9999 -9999 -9999 -9999 -9999 -9999 -9999 -9999 -9999 -9999 -9999 -9999 -9999 -9999
7.43333339691162 7.43333339691162 7.43333339691162 7.5 7.5 7.46666669845581 7.41666650772095 7.43333339691162 7.43333339691162 7.43333339691162 7.43333339691162 7.40000009536743 7.38333368301392 7.41666698455811 7.44999980926514 7.46666622161865 7.53333330154419 7.55000019073486 7.59999990463257 7.55000019073486 7.53333330154419 7.51666641235352 -9999 -9999 -9999 -9999 -9999 -9999 -9999 -9999 -9999 -9999 -9999 -9999 -9999 -9999 -9999 -9999 -9999 -9999 -9999 -9999 -9999 -9999 -9999 -9999 -9999 -9999
7.48333311080933 7.48333311080933 7.45000028610229 7.5 7.5 7.45000028610229 7.41666650772095 7.41666650772095 7.43333339691162 7.41666650772095 7.40000009536743 7.36666679382324 7.36666679382324 7.41666698455811 7.44999980926514 7.46666622161865 7.53333330154419 7.55000019073486 7.58333349227905 7.59999990463257 -9999 -9999 -9999 -9999 -9999 -9999 -9999 -9999 -9999 -9999 -9999 -9999 -9999 -9999 -9999 -9999 -9999 -9999 -9999 -9999 -9999 -9999 -9999 -9999 -9999 -9999 -9999 -9999
7.51666641235352 7.51666641235352 7.48333311080933 7.5 7.5 7.43333339691162 7.41666650772095 7.41666650772095 7.48333311080933 7.44999980926514 7.41666650772095 7.40000009536743 7.36666679382324 7.43333339691162 7.44999980926514 7.51666641235352 7.53333330154419 -9999 -9999 -9999 -9999 -9999 -9999 -9999 -9999 -9999 -9999 -9999 -9999 -9999 -9999 -9999 -9999 -9999 -9999 -9999 -9999 -9999 -9999 -9999 -9999 -9999 -9999 -9999 -9999 -9999 -9999 -9999
7.5 7.51666641235352 7.48333311080933 7.5 7.45000028610229 7.45000028610229 7.45000028610229 7.44999980926514 7.5 7.48333311080933 7.41666650772095 7.40000009536743 7.40000009536743 7.43333339691162 7.5 -9999 -9999 -9999 -9999 -9999 -9999 -9999 -9999 -9999 -9999 -9999 -9999 -9999 -9999 -9999 -9999 -9999 -9999 -9999 -9999 -9999 -9999 -9999 -9999 -9999 -9999 -9999 -9999 -9999 -9999 -9999 -9999 -9999
7.51666641235352 7.56666660308838 7.53333330154419 7.53333330154419 7.48333311080933 7.48333311080933 7.48333311080933 7.48333311080933 7.5 7.48333311080933 7.43333339691162 7.40000009536743 7.41666698455811 -9999 -9999 -9999 -9999 -9999 -9999 -9999 -9999 -9999 -9999 -9999 -9999 -9999 -9999 -9999 -9999 -9999 -9999 -9999 -9999 -9999 -9999 -9999 -9999 -9999 -9999 -9999 -9999 -9999 -9999 -9999 -9999 -9999 -9999 -9999
7.5 7.51666641235352 7.53333330154419 7.54999971389771 7.53333330154419 7.5 7.48333311080933 7.5 7.5 7.48333311080933 -9999 -9999 -9999 -9999 -9999 -9999 -9999 -9999 -9999 -9999 -9999 -9999 -9999 -9999 -9999 -9999 -9999 -9999 -9999 -9999 -9999 -9999 -9999 -9999 -9999 -9999 -9999 -9999 -9999 -9999 -9999 -9999 -9999 -9999 -9999 -9999 -9999 -9999
7.48333311080933 7.5 7.53333330154419 7.54999971389771 7.53333330154419 7.51666641235352 7.48333311080933 7.51666641235352 -9999 -9999 -9999 -9999 -9999 -9999 -9999 -9999 -9999 -9999 -9999 -9999 -9999 -9999 -9999 -9999 -9999 -9999 -9999 -9999 -9999 -9999 -9999 -9999 -9999 -9999 -9999 -9999 -9999 -9999 -9999 -9999 -9999 -9999 -9999 -9999 -9999 -9999 -9999 -9999
