Demos/Rbased/CrashCourse/data/climate_processing/PresentLayers/Shortia_galacifolia/bio_3.asc
NCOLS 523 
NROWS 122 
XLLCORNER -83.2916666667633 
YLLCORNER 34.9749999999364 
CELLSIZE 0.00833333333316142 
NODATA_value -9999 
[rows 54 to 80 of 122, columns 180 to 239 of 523]
39.7205619812012 39.8898887634277 39.8952102661133 39.5582313537598 39.7339363098145 39.79541015625 39.6273918151855 39.658634185791 39.6084327697754 39.6335334777832 39.7397384643555 39.533130645752 39.4949493408203 39.4829292297363 39.285717010498 39.2424240112305 39.558235168457 39.3574295043945 39.4894905090332 39.5080337524414 39.4644622802734 39.3962059020996 39.3393402099609 39.346305847168 39.2892875671387 39.1141128540039 39.0390396118164 39.0219573974609 39.2215576171875 39.1865081787109 39.1444129943848 39.0872993469238 39.1044769287109 39.0298500061035 38.9800987243652 38.930347442627 38.6815910339355 38.6567153930664 38.8557205200195 38.8059692382812 38.8144836425781 38.789680480957 38.7648811340332 38.6815910339355 38.7313423156738 38.6815910339355 38.6815910339355 38.7400817871094 38.7064666748047 38.582088470459 38.582088470459 38.6567192077637 38.7064666748047 38.6656761169434 38.6904754638672 38.6656761169434 38.5848121643066 38.6834297180176 38.6251220703125 38.6498489379883
39.7455101013184 39.8453102111816 39.6956100463867 39.8203582763672 39.8507461547852 39.9751243591309 39.7512435913086 39.825870513916 39.8203582763672 39.5459098815918 39.7014923095703 39.7205581665039 39.570858001709 39.4894905090332 39.3504524230957 39.4144134521484 39.5958061218262 39.5145149230957 39.4710578918457 39.5209579467773 39.4527359008789 39.3712577819824 39.3283576965332 39.3781089782715 39.2039794921875 39.2039794921875 38.9889907836914 38.9389419555664 38.9720573425293 39.2288551330566 39.119686126709 39.1865081787109 39.136905670166 38.9800987243652 38.864086151123 38.930347442627 38.8059692382812 38.7724533081055 38.7313423156738 38.7810935974121 38.7648811340332 38.7487640380859 38.8059692382812 38.6815910339355 38.7064666748047 38.7064666748047 38.6567153930664 38.6656761169434 38.756217956543 38.582088470459 38.5572166442871 38.706470489502 38.6815910339355 38.6656761169434 38.6160736083984 38.6160736083984 38.6498489379883 38.6094665527344 38.6587753295898 38.7080841064453
39.6766166687012 39.7817459106445 39.7263679504395 39.7569427490234 39.7873382568359 39.8313484191895 39.8561515808105 39.7817459106445 39.8561515808105 39.7761192321777 39.825870513916 39.6019897460938 39.570858001709 39.5771141052246 39.5273628234863 39.477611541748 39.6207580566406 39.5273628234863 39.5209579467773 39.5585327148438 39.5089302062988 39.4029846191406 39.3532333374023 39.3353157043457 39.260913848877 39.2113075256348 39.1542282104492 39.1542282104492 39.1542282104492 39.0872993469238 39.260913848877 39.1691398620605 39.0949554443359 39.0128974914551 38.864086151123 38.8144836425781 38.8308448791504 38.756217956543 38.7810935974121 38.6815910339355 38.6904754638672 38.7648811340332 38.7648811340332 38.8059692382812 38.6318397521973 38.7152786254883 38.6318397521973 38.6160736083984 38.756217956543 38.756217956543 38.6227531433105 38.6069679260254 38.6160697937012 38.6408729553223 38.6498527526855 38.6656761169434 38.6160736083984 38.5262107849121 38.6003952026367 38.6587753295898
39.8507461547852 39.6329383850098 39.8507461547852 39.7378807067871 39.7073402404785 39.651741027832 39.6207580566406 39.5585327148438 39.6825370788574 39.7378845214844 39.7873420715332 39.6577377319336 39.6019897460938 39.5833320617676 39.4658737182617 39.4345245361328 39.4097213745117 39.6329383850098 39.5400619506836 39.4345245361328 39.3601188659668 39.3353157043457 39.2433242797852 39.1765289306641 39.2433242797852 39.2185974121094 39.1865081787109 39.1691398620605 39.0949554443359 39.0702285766602 39.2361106872559 39.1444129943848 38.9960441589355 38.9384918212891 38.9960441589355 38.839282989502 38.8805961608887 38.8144836425781 38.6904754638672 38.7064666748047 38.7648811340332 38.756217956543 38.7648811340332 38.7896842956543 38.7648811340332 38.7648811340332 38.6656761169434 38.5416679382324 38.7064666748047 38.7152786254883 38.6815910339355 38.6069679260254 38.5416679382324 38.6408729553223 38.5848121643066 38.5848121643066 38.4767570495605 38.5416679382324 38.4767570495605 38.5014839172363
39.4211578369141 39.3962059020996 39.5273628234863 39.5585327148438 39.5459098815918 39.1993980407715 39.098690032959 39.5024871826172 39.6081352233887 39.5153312683105 39.7873420715332 39.6449737548828 39.638973236084 39.6142425537109 39.465877532959 39.465877532959 39.5400581359863 39.5463523864746 39.4230804443359 39.3175086975098 39.2680511474609 39.2433242797852 39.2680511474609 39.2504959106445 39.1101264953613 39.1196823120117 39.0454978942871 39.1865081787109 39.2011833190918 39.2927780151367 39.1938667297363 38.9713172912598 38.9632911682129 38.9632949829102 38.9218597412109 38.9218597412109 38.8392868041992 38.7400779724121 38.789680480957 38.7152786254883 38.6904754638672 38.7064666748047 38.6656761169434 38.6160736083984 38.6318397521973 38.7152786254883 38.6904754638672 38.5416679382324 38.7064666748047 38.6656761169434 38.6656761169434 38.5912704467773 38.5509414672852 38.5014839172363 38.4767570495605 38.5601577758789 38.5355033874512 38.5014839172363 38.4615364074707 38.5014839172363
39.5645637512207 39.5273628234863 39.6825370788574 39.5459098815918 39.570858001709 39.6766166687012 39.5771141052246 39.3962097167969 39.2964096069336 39.5585327148438 39.6449737548828 39.6942825317383 39.6696243286133 39.6696243286133 39.5771865844727 39.4230804443359 39.4051132202148 39.3805313110352 39.3916931152344 39.2751502990723 39.2998046875 39.2998046875 39.2504959106445 39.1347122192383 39.2504920959473 39.2504920959473 39.2433242797852 39.1691398620605 39.1025657653809 39.2927780151367 39.2433242797852 38.9960441589355 38.9632949829102 39.0207710266113 38.9218597412109 38.9713172912598 38.8724060058594 38.8392868041992 38.8640899658203 38.6656761169434 38.5664672851562 38.7064666748047 38.6318397521973 38.6318397521973 38.6318397521973 38.6318397521973 38.7400779724121 38.706470489502 38.6815948486328 38.5664672851562 38.5912704467773 38.6069641113281 38.5168647766113 38.5014839172363 38.6251220703125 38.6498527526855 38.6251220703125 38.7240371704102 38.6498527526855 38.6498527526855
39.5209579467773 39.6577377319336 39.6884269714355 39.6766166687012 39.6329345703125 39.6577377319336 39.5647888183594 39.6329345703125 39.2570266723633 39.3213577270508 39.4593238830566 39.5647888183594 39.5216979980469 39.6509323120117 39.4970436096191 39.4477348327637 39.552604675293 39.4230766296387 39.3669624328613 39.2258377075195 39.3244590759277 39.2576217651367 39.159294128418 39.134708404541 39.1592903137207 39.2084579467773 39.2084579467773 39.2998046875 39.1592903137207 39.275146484375 39.1025657653809 39.0207710266113 38.946590423584 38.9713172912598 39.0455017089844 39.0377006530762 38.8724060058594 38.8640899658203 38.7982215881348 38.8144836425781 38.6815910339355 38.6318397521973 38.5912704467773 38.7400817871094 38.6656761169434 38.5912704467773 38.7313423156738 38.6904754638672 38.532341003418 38.5479049682617 38.5074653625488 38.4328384399414 38.4672622680664 38.4920616149902 38.4920616149902 38.5664672851562 38.4672622680664 38.5912704467773 38.5168647766113 38.5509376525879
39.6457099914551 39.6081352233887 39.5771141052246 39.6637001037598 39.7378845214844 39.8065490722656 39.7378845214844 39.5400581359863 39.5522384643555 39.5522384643555 39.5647888183594 39.5216979980469 39.5216979980469 39.5343132019043 39.4788589477539 39.485294342041 39.4542770385742 39.3244590759277 39.3244590759277 39.3244590759277 39.2998046875 39.2576217651367 39.233039855957 39.1592903137207 39.1838760375977 39.1911773681641 39.3067855834961 39.2822036743164 39.2156867980957 39.2504920959473 39.0779075622559 39.0039443969727 39.0207710266113 38.856014251709 39.0455017089844 38.880672454834 38.8971328735352 38.8724060058594 38.7896842956543 38.7152786254883 38.6904754638672 38.582088470459 38.7152786254883 38.6904754638672 38.6408729553223 38.6656761169434 38.6318435668945 38.6408729553223 38.532341003418 38.4980049133301 38.4328384399414 38.4577140808105 38.4079627990723 38.4079627990723 38.4577102661133 38.4825859069824 38.5074615478516 38.4424591064453 38.4520263671875 38.4767532348633
39.6577377319336 39.6019897460938 39.4144134521484 39.2068290710449 39.4527359008789 39.7131576538086 39.6884307861328 39.7378845214844 39.7378845214844 39.6696243286133 39.6696243286133 39.6696243286133 39.552604675293 39.5833320617676 39.5588226318359 39.5098037719727 39.3984222412109 39.4296951293945 39.3559494018555 39.3559494018555 39.2576217651367 39.2576217651367 39.2401962280273 39.0686264038086 39.134708404541 39.1101264953613 39.1911773681641 39.2401962280273 39.1911773681641 39.134708404541 39.1025657653809 39.0949554443359 38.9299812316895 38.9299812316895 38.9713172912598 38.9465866088867 38.9053268432617 38.7734909057617 38.7152786254883 38.6745796203613 38.6656761169434 38.5664710998535 38.582088470459 38.6656761169434 38.756217956543 38.6160697937012 38.6904754638672 38.6904754638672 38.6069641113281 38.5229530334473 38.4079627990723 38.4176597595215 38.4825859069824 38.5323371887207 38.5074615478516 38.4825859069824 38.4176597595215 38.5664672851562 38.5014839172363 38.2688484191895
39.6577377319336 39.2319259643555 38.9989852905273 38.9989852905273 39.1817283630371 39.5024871826172 39.5337295532227 39.7073402404785 39.6203155517578 39.5956611633301 39.6696243286133 39.718936920166 39.5034408569336 39.6078414916992 39.5034408569336 39.4607849121094 39.3382339477539 39.4672508239746 39.3382339477539 39.2892150878906 39.3382339477539 39.1911773681641 39.2401962280273 39.2892150878906 39.2401962280273 39.2258377075195 39.1838760375977 39.2156867980957 39.2258377075195 39.1518745422363 39.1444129943848 39.0285987854004 39.0039443969727 38.9792900085449 38.9713172912598 38.8806686401367 38.8971328735352 38.7896842956543 38.7648811340332 38.6251258850098 38.7648811340332 38.6160736083984 38.5323371887207 38.5323371887207 38.5323371887207 38.5572166442871 38.5416679382324 38.5756683349609 38.5664672851562 38.4079627990723 38.4980049133301 38.3830871582031 38.5229530334473 38.5572128295898 38.4920616149902 38.4577102661133 38.3582077026367 38.3928565979004 38.3184509277344 38.2936515808105
39.5209579467773 39.0577507019043 38.948169708252 38.948169708252 39.0231628417969 39.4144134521484 39.477611541748 39.4593238830566 39.7073402404785 39.5647888183594 39.6696243286133 39.4230766296387 39.4970436096191 39.3559494018555 39.4230766296387 39.3627433776855 39.4607849121094 39.369499206543 39.3450622558594 39.3137245178223 39.2892150878906 39.2228736877441 39.3313674926758 39.264705657959 39.3382339477539 39.1666679382324 39.1421546936035 39.1176452636719 39.0855445861816 39.1025657653809 39.0285987854004 38.9872169494629 38.9626350402832 39.0702285766602 38.9218597412109 38.856014251709 38.9053268432617 38.7734909057617 38.7734909057617 38.8144836425781 38.8144836425781 38.6815910339355 38.6567153930664 38.5572166442871 38.5572166442871 38.6318397521973 38.6160697937012 38.7152786254883 38.5912704467773 38.582088470459 38.5479049682617 38.4231567382812 38.4328346252441 38.4825859069824 38.4424591064453 38.4672622680664 38.4825859069824 38.3830833435059 38.3582077026367 38.3084564208984
39.0151519775391 38.9311027526855 39.1993942260742 39.3143157958984 39.1641654968262 39.3893890380859 39.1141128540039 39.4278602600098 39.5585327148438 39.5647888183594 39.5895156860352 39.4477348327637 39.4477348327637 39.4051132202148 39.4117660522461 39.3872528076172 39.4607849121094 39.4672508239746 39.369499206543 39.3206253051758 39.3872528076172 39.3939399719238 39.2961883544922 39.2473106384277 39.1984367370605 39.3137245178223 39.2892150878906 39.3559494018555 39.0931358337402 39.060962677002 39.060962677002 39.1765289306641 39.0039443969727 38.946590423584 38.8476753234863 38.8313598632812 38.9299774169922 38.7080879211426 38.7896842956543 38.7734909057617 38.6993064880371 38.6160736083984 38.6408729553223 38.582088470459 38.5572128295898 38.582088470459 38.6069641113281 38.5912704467773 38.7152786254883 38.6160697937012 38.4825859069824 38.423152923584 38.4577102661133 38.4672622680664 38.4176559448242 38.5168647766113 38.3184509277344 38.3830833435059 38.4481048583984 38.3982048034668
39.0735130310059 39.141414642334 39.3712577819824 39.4461059570312 39.3601188659668 39.3781089782715 39.4593238830566 39.4097213745117 39.4345245361328 39.3849220275879 39.3984222412109 39.3559494018555 39.3559494018555 39.4117660522461 39.5343132019043 39.5343132019043 39.4916915893555 39.3872528076172 39.1911773681641 39.3559494018555 39.2401962280273 39.264705657959 39.1911773681641 39.1739959716797 39.3382339477539 39.2892150878906 39.2892150878906 39.264705657959 39.2822036743164 39.2576217651367 39.0855445861816 39.0779075622559 38.880672454834 38.9465866088867 38.8724060058594 38.856014251709 39.0207710266113 38.9465866088867 38.7982177734375 38.7487640380859 38.8392868041992 38.6904754638672 38.6656761169434 38.4672622680664 38.6227569580078 38.6815910339355 38.6069641113281 38.6318397521973 38.582088470459 38.5262107849121 38.5074615478516 38.5074615478516 38.3830833435059 38.3928565979004 38.5416641235352 38.5912704467773 38.5323371887207 38.5168647766113 38.4328346252441 38.5323371887207
38.8804473876953 39.0909080505371 39.0813255310059 39.346305847168 39.3781089782715 39.5273628234863 39.5089302062988 39.4841270446777 39.4097213745117 39.3353157043457 39.4906044006348 39.5216979980469 39.5771865844727 39.485294342041 39.4296951293945 39.4117622375488 39.3313674926758 39.3067855834961 39.2084579467773 39.2576217651367 39.264705657959 39.1911773681641 39.2401962280273 39.3067855834961 39.2822036743164 39.1025657653809 39.2576179504395 39.2892150878906 39.1176452636719 39.1176452636719 39.1025657653809 38.9713172912598 38.9465866088867 38.8476753234863 38.7734909057617 38.8229484558105 38.8229484558105 38.9465866088867 38.7820510864258 38.8888893127441 38.8392868041992 38.7648811340332 38.756217956543 38.7064666748047 38.6567153930664 38.582088470459 38.6318397521973 38.5664672851562 38.5664672851562 38.6160697937012 38.6160697937012 38.5323371887207 38.407958984375 38.423152923584 38.4825859069824 38.5416679382324 -9999 -9999 -9999 -9999
39.04833984375 38.8211402893066 38.939395904541 39.2319259643555 39.1391410827637 39.2892875671387 39.2786064147949 39.477611541748 39.5153312683105 39.4411506652832 39.465877532959 39.4788589477539 39.5771865844727 39.3559494018555 39.3313674926758 39.2576217651367 39.2822036743164 39.2258377075195 39.2751502990723 39.2822036743164 39.1838722229004 39.1101264953613 39.1592903137207 39.2011833190918 39.1838722229004 39.134708404541 39.1838722229004 39.2401962280273 39.1421546936035 39.134708404541 39.0532531738281 38.9053268432617 38.9299812316895 38.9053268432617 38.8724021911621 38.9136924743652 38.8392868041992 38.9218597412109 38.8971290588379 38.7734909057617 38.7487640380859 38.7648811340332 38.7064666748047 38.6815910339355 38.6318397521973 38.6318397521973 38.582088470459 38.6069641113281 38.5572128295898 38.6656723022461 38.5509414672852 -9999 -9999 -9999 -9999 -9999 -9999 -9999 -9999 -9999
39.5400581359863 39.056224822998 38.9141426086426 39.1566276550293 39.2537307739258 39.3283576965332 39.2288551330566 39.4345245361328 39.4841270446777 39.465877532959 39.4723854064941 39.3491134643555 39.3491134643555 39.4230766296387 39.2576217651367 39.233039855957 39.233039855957 39.3244590759277 39.1838760375977 39.1838760375977 39.0855445861816 39.2330360412598 39.2576179504395 39.2084541320801 39.1592903137207 39.1838722229004 39.2156867980957 39.2228736877441 39.1592903137207 38.9872169494629 39.0285987854004 38.9626350402832 38.9546356201172 38.8806686401367 38.8971328735352 38.8971328735352 38.8724021911621 38.8971290588379 38.9960441589355 38.8724021911621 38.8229484558105 38.8144836425781 38.7064666748047 38.582088470459 38.5323371887207 38.647705078125 38.4730529785156 -9999 -9999 -9999 -9999 -9999 -9999 -9999 -9999 -9999 -9999 -9999 -9999 -9999
39.5956611633301 39.4906044006348 39.4345245361328 39.3034820556641 39.4411468505859 39.5463523864746 39.5463523864746 39.4411468505859 39.4841270446777 39.4970397949219 39.3244552612305 39.4230766296387 39.3559494018555 39.2822036743164 39.4051132202148 39.3137245178223 39.3559494018555 39.2576217651367 39.134708404541 39.0855445861816 39.1592903137207 39.2576179504395 39.2156867980957 39.1911773681641 39.1421546936035 39.2156867980957 39.3805313110352 39.2892150878906 39.2156867980957 39.0931358337402 39.060962677002 39.1025619506836 39.0532531738281 38.856014251709 38.8971328735352 38.9218597412109 38.8971290588379 38.9384918212891 38.9713134765625 38.8313598632812 38.6993064880371 38.7400779724121 38.6567153930664 -9999 -9999 -9999 -9999 -9999 -9999 -9999 -9999 -9999 -9999 -9999 -9999 -9999 -9999 -9999 -9999 -9999
39.5771865844727 39.6509323120117 39.5216941833496 39.5216941833496 39.5034408569336 39.5280227661133 39.626350402832 39.5216979980469 39.4723854064941 39.5280227661133 39.4296951293945 39.3805313110352 39.3559494018555 39.3627433776855 39.3627433776855 39.3382339477539 39.3382339477539 39.4051132202148 39.1911735534668 39.3491134643555 39.3244552612305 39.1838722229004 39.1592903137207 39.134708404541 39.2576217651367 39.2084541320801 39.3313674926758 39.3313674926758 39.3137245178223 39.1666679382324 39.1592903137207 38.9872169494629 38.9872169494629 39.0532531738281 38.9465866088867 38.8971290588379 38.9713134765625 38.9713134765625 -9999 -9999 -9999 -9999 -9999 -9999 -9999 -9999 -9999 -9999 -9999 -9999 -9999 -9999 -9999 -9999 -9999 -9999 -9999 -9999 -9999 -9999
39.6813735961914 39.6755142211914 39.5034408569336 39.5588226318359 39.5833320617676 39.5771865844727 39.5588226318359 39.6078414916992 39.5405654907227 39.6078414916992 39.4362716674805 39.3313674926758 39.3067855834961 39.3559494018555 39.3450622558594 39.3627433776855 39.4607849121094 39.4362754821777 39.3137245178223 39.3067855834961 39.2084541320801 39.1592903137207 39.1838722229004 39.1592903137207 39.3244552612305 39.2576217651367 39.3559494018555 39.2892150878906 39.2401962280273 39.2401962280273 39.0363807678223 38.9872169494629 39.0285987854004 39.0039443969727 -9999 -9999 -9999 -9999 -9999 -9999 -9999 -9999 -9999 -9999 -9999 -9999 -9999 -9999 -9999 -9999 -9999 -9999 -9999 -9999 -9999 -9999 -9999 -9999 -9999 -9999
39.705883026123 39.6323509216309 39.5280227661133 39.5098037719727 39.5833320617676 39.5405654907227 39.5588226318359 39.5588226318359 39.6138801574707 39.5405654907227 39.4672546386719 39.3872528076172 39.3137245178223 39.3382339477539 39.3382339477539 39.4362754821777 39.5098037719727 39.3939399719238 39.2961883544922 39.2401962280273 39.2822036743164 39.2576217651367 39.3313674926758 39.2822036743164 39.2822036743164 39.2892189025879 39.1666679382324 39.1984367370605 39.2156867980957 39.2892150878906 -9999 -9999 -9999 -9999 -9999 -9999 -9999 -9999 -9999 -9999 -9999 -9999 -9999 -9999 -9999 -9999 -9999 -9999 -9999 -9999 -9999 -9999 -9999 -9999 -9999 -9999 -9999 -9999 -9999 -9999
39.5588226318359 39.626350402832 39.5588226318359 39.5343132019043 39.5833320617676 39.6138801574707 39.6138801574707 39.5833320617676 39.5650062561035 39.5711517333984 39.4916915893555 39.5343132019043 39.3695030212402 39.3627433776855 39.3627433776855 39.3382339477539 39.3872566223145 39.4117660522461 39.2717514038086 39.1984367370605 39.2156867980957 39.3067855834961 39.2822036743164 39.2330360412598 39.2330360412598 39.3067855834961 -9999 -9999 -9999 -9999 -9999 -9999 -9999 -9999 -9999 -9999 -9999 -9999 -9999 -9999 -9999 -9999 -9999 -9999 -9999 -9999 -9999 -9999 -9999 -9999 -9999 -9999 -9999 -9999 -9999 -9999 -9999 -9999 -9999 -9999
39.5588226318359 39.6017684936523 39.5588226318359 39.6138801574707 39.6138801574707 39.6138801574707 39.5711517333984 39.5467834472656 39.6383171081543 39.5224189758301 39.4980506896973 39.3939399719238 39.485294342041 39.4362754821777 39.5098037719727 39.3872566223145 39.3382339477539 39.2961883544922 39.4362754821777 39.4428176879883 39.3559494018555 39.264705657959 -9999 -9999 -9999 -9999 -9999 -9999 -9999 -9999 -9999 -9999 -9999 -9999 -9999 -9999 -9999 -9999 -9999 -9999 -9999 -9999 -9999 -9999 -9999 -9999 -9999 -9999 -9999 -9999 -9999 -9999 -9999 -9999 -9999 -9999 -9999 -9999 -9999 -9999
39.6442489624023 39.5894432067871 39.5650062561035 39.5467834472656 39.6627578735352 39.7360725402832 39.7360725402832 39.595516204834 39.5224189758301 39.595516204834 39.5650062561035 39.5161323547363 39.5161323547363 39.4607849121094 39.4916915893555 39.485294342041 39.3872528076172 39.3382339477539 -9999 -9999 -9999 -9999 -9999 -9999 -9999 -9999 -9999 -9999 -9999 -9999 -9999 -9999 -9999 -9999 -9999 -9999 -9999 -9999 -9999 -9999 -9999 -9999 -9999 -9999 -9999 -9999 -9999 -9999 -9999 -9999 -9999 -9999 -9999 -9999 -9999 -9999 -9999 -9999 -9999 -9999
39.7173500061035 39.6138801574707 39.5405654907227 39.705883026123 39.613883972168 39.7660827636719 39.7417182922363 39.7417144775391 39.595516204834 39.595516204834 39.595516204834 39.5650062561035 39.5894432067871 39.5894432067871 -9999 -9999 -9999 -9999 -9999 -9999 -9999 -9999 -9999 -9999 -9999 -9999 -9999 -9999 -9999 -9999 -9999 -9999 -9999 -9999 -9999 -9999 -9999 -9999 -9999 -9999 -9999 -9999 -9999 -9999 -9999 -9999 -9999 -9999 -9999 -9999 -9999 -9999 -9999 -9999 -9999 -9999 -9999 -9999 -9999 -9999
39.5467834472656 39.6138801574707 39.5650062561035 39.5405654907227 39.5650062561035 39.6627578735352 39.5894432067871 39.5772590637207 39.5772590637207 39.6442489624023 -9999 -9999 -9999 -9999 -9999 -9999 -9999 -9999 -9999 -9999 -9999 -9999 -9999 -9999 -9999 -9999 -9999 -9999 -9999 -9999 -9999 -9999 -9999 -9999 -9999 -9999 -9999 -9999 -9999 -9999 -9999 -9999 -9999 -9999 -9999 -9999 -9999 -9999 -9999 -9999 -9999 -9999 -9999 -9999 -9999 -9999 -9999 -9999 -9999 -9999
39.6686172485352 39.6929817199707 39.6627578735352 39.5588226318359 39.5833320617676 39.5161285400391 -9999 -9999 -9999 -9999 -9999 -9999 -9999 -9999 -9999 -9999 -9999 -9999 -9999 -9999 -9999 -9999 -9999 -9999 -9999 -9999 -9999 -9999 -9999 -9999 -9999 -9999 -9999 -9999 -9999 -9999 -9999 -9999 -9999 -9999 -9999 -9999 -9999 -9999 -9999 -9999 -9999 -9999 -9999 -9999 -9999 -9999 -9999 -9999 -9999 -9999 -9999 -9999 -9999 -9999
39.7473297119141 39.7417144775391 -9999 -9999 -9999 -9999 -9999 -9999 -9999 -9999 -9999 -9999 -9999 -9999 -9999 -9999 -9999 -9999 -9999 -9999 -9999 -9999 -9999 -9999 -9999 -9999 -9999 -9999 -9999 -9999 -9999 -9999 -9999 -9999 -9999 -9999 -9999 -9999 -9999 -9999 -9999 -9999 -9999 -9999 -9999 -9999 -9999 -9999 -9999 -9999 -9999 -9999 -9999 -9999 -9999 -9999 -9999 -9999 -9999 -9999
