Demos/Rbased/CrashCourse/data/climate_processing/PresentLayers/Shortia_galacifolia/bio_9.asc
NCOLS 603 
NROWS 190 
XLLCORNER -83.7416666666667 
YLLCORNER 34.6416666666666 
CELLSIZE 0.00833333333333332 
NODATA_value -9999 
[rows 154 to 175 of 190, columns 0 to 48 of 603]
-9999 18.6166667938232 18.466667175293 18.3500003814697 18.3166656494141 17.8833332061768 17.8999996185303 18.1833343505859 18.2333335876465 18.0833339691162 17.966667175293 18.2333335876465 18.25 17.9333324432373 17.7333335876465 17.3833332061768 16.7999992370605 16.8333339691162 17.0666675567627 17.466667175293 17.1666660308838 17.4500007629395 17.6666660308838 17.9333324432373 17.7000007629395 17.4500007629395 17.8666667938232 17.8999996185303 18.0499992370605 18.2333335876465 18.0666656494141 17.8999996185303 17.8666667938232 17.716667175293 17.3833332061768 17.8333339691162 18.0499992370605 18.1499996185303 18.216667175293 18.2333335876465 18.216667175293 18.1833324432373 18.3166675567627 18.0499992370605 17.6333332061768 17.2999992370605 16.783332824707 16.8166656494141 17.0500011444092
-9999 14.0833339691162 18.4833335876465 18.533332824707 18.3333339691162 18.216667175293 18.3833332061768 18.3666667938232 18.3166656494141 18.3999996185303 18.3166656494141 18.2999992370605 18.1499996185303 18.1333332061768 17.9166660308838 17.6833324432373 17.1000003814697 17.1000003814697 17.3999996185303 17.5833339691162 17.3833332061768 17.216667175293 17.8999996185303 18.1666660308838 17.966667175293 17.9333324432373 18.1000003814697 18.033332824707 18.1833343505859 18.216667175293 18.0499992370605 18.3333339691162 18.1833343505859 17.9833335876465 17.6666660308838 18.0499992370605 18.1499996185303 18.1499996185303 18.1499996185303 18.033332824707 17.6166667938232 17.7000007629395 18.2666664123535 17.966667175293 17.8333339691162 17.5166664123535 17.3500003814697 16.8666667938232 17.2000007629395
-9999 -9999 14.0500001907349 18.6166667938232 18.6166667938232 13.9333333969116 18.4166660308838 18.2666664123535 18.25 18 17.8500003814697 17.8500003814697 18.1000003814697 17.8833332061768 17.7999992370605 17.7666664123535 17.3999996185303 17.216667175293 17.3999996185303 17.6333332061768 17.6333332061768 17.6833324432373 17.6833324432373 17.8833332061768 18.3166675567627 18.1833343505859 18.216667175293 18.1833343505859 18.3833332061768 18.216667175293 18.3999996185303 18.216667175293 17.7666664123535 17.3833332061768 17.5 17.6166667938232 17.6000003814697 17.7666664123535 17.783332824707 17.9500007629395 17.7999992370605 17.8833332061768 18.2666664123535 18.2666664123535 18.0833339691162 17.966667175293 17.6000003814697 17.216667175293 17.3999996185303
-9999 -9999 18.5666675567627 18.6166667938232 18.4500007629395 18.3500003814697 18.3500003814697 18.3666667938232 18.1000003814697 17.9333343505859 17.783332824707 17.6333332061768 17.5666656494141 17.216667175293 17.5166664123535 17.4333324432373 17.1000003814697 17.283332824707 17.5166664123535 17.5499992370605 17.466667175293 17.6999988555908 17.9833335876465 18.1166667938232 18.3833332061768 18.2000007629395 18.283332824707 18.1499996185303 18.3833332061768 18.283332824707 18.216667175293 17.7999992370605 17.4500007629395 17.5833339691162 17.6166667938232 17.4500007629395 17.4166660308838 17.4166660308838 17.3999996185303 17.3666667938232 17.533332824707 17.966667175293 18.3666667938232 18.0166664123535 17.5666675567627 17.5666675567627 17.466667175293 17.1166667938232 17.3333339691162
-9999 -9999 14.0166664123535 13.966667175293 18.1333332061768 17.783332824707 17.6999988555908 17.8666667938232 18.0499992370605 17.783332824707 17.5666656494141 17.4500007629395 17.2999992370605 17.1666660308838 17.5499992370605 17.716667175293 17.3666667938232 17.3833332061768 17.716667175293 17.8333339691162 17.716667175293 17.716667175293 17.9833335876465 18.2666664123535 18.3833332061768 18.1499996185303 18.283332824707 18.4333324432373 18.3333339691162 18.1666660308838 17.8166675567627 17.75 17.6833343505859 17.7000007629395 17.7000007629395 17.5499992370605 17.466667175293 17.2333335876465 16.9833335876465 17.1166667938232 17.533332824707 18.1499996185303 18.2666664123535 18.033332824707 17.5666675567627 17.9500007629395 18.0833320617676 17.8333339691162 17.9333343505859
-9999 -9999 -9999 18.4166660308838 18.3166675567627 17.8333339691162 17.1333332061768 17.2666664123535 17.4333324432373 17.7666664123535 17.25 16.7999992370605 16.6499996185303 16.75 17.5166664123535 17.8666667938232 17.6833324432373 17.5166664123535 17.8166675567627 17.9833335876465 18.0499992370605 18.0666656494141 18.216667175293 18.3999996185303 18.4500007629395 18.3833332061768 18.4833335876465 18.4833335876465 18.1000003814697 18.1499996185303 17.8333339691162 17.783332824707 17.7333335876465 17.783332824707 17.6333332061768 17.1833343505859 17.2333335876465 17.3500003814697 17.3999996185303 17.8166656494141 18.25 18.533332824707 18.4833335876465 18.4166660308838 17.9166660308838 17.9333343505859 18.2999992370605 18.3833332061768 18.3833332061768
-9999 -9999 -9999 18.1333332061768 17.966667175293 18.0499992370605 17.6666660308838 16.9166660308838 16.7999992370605 16.9500007629395 17.1000003814697 16.6166667938232 16.716667175293 16.7999992370605 17.216667175293 17.8500003814697 17.9333343505859 17.8666667938232 17.7999992370605 17.716667175293 18.0833339691162 18.3833332061768 18.3500003814697 18.466667175293 18.466667175293 18.3666667938232 18.4500007629395 18.3500003814697 18.1166667938232 17.6833343505859 17.9166660308838 17.8666667938232 17.8666667938232 17.7333335876465 17.6666660308838 17.8833332061768 17.966667175293 17.9833335876465 18.3166675567627 18.5 18.5499992370605 18.6333332061768 18.6000003814697 18.533332824707 18.1000003814697 18.1499996185303 18.2999992370605 18.5833320617676 18.7333335876465
-9999 -9999 -9999 -9999 17.466667175293 17.283332824707 17.25 17.033332824707 16.6166667938232 16.3500003814697 16.1833324432373 16.6000003814697 17.033332824707 17.1833343505859 17 17.5499992370605 17.9333343505859 18.1333332061768 17.9500007629395 17.8666667938232 18.1666660308838 18.3666667938232 18.283332824707 18.3166675567627 18.5499992370605 18.3500003814697 18.1499996185303 18.25 17.9500007629395 17.7999992370605 18 17.9833335876465 17.8999996185303 18.0166664123535 18.0833339691162 18.3166675567627 18.4166660308838 18.5666656494141 18.5666656494141 18.6499996185303 18.7333335876465 18.75 18.7000007629395 18.5499992370605 18.5 18.3333339691162 18.2999992370605 18.4333343505859 18.5
-9999 -9999 -9999 -9999 17.7333335876465 17.4833335876465 17.6499996185303 17.533332824707 17.25 16.8999996185303 16.4833335876465 16.7999992370605 16.8999996185303 17.1000003814697 17.3166675567627 17.2666664123535 17.9500007629395 18.3333339691162 18.1166667938232 18.1833324432373 18.2000007629395 18.3000011444092 18.3833332061768 18.3833332061768 18.5499992370605 18.3000011444092 18.283332824707 18.283332824707 18.0833339691162 17.8666667938232 18.1166667938232 18.3999996185303 18.25 18.2333335876465 18.2333335876465 18.216667175293 18.3500003814697 18.2999992370605 18.3999996185303 18.6166667938232 18.7333335876465 18.6666660308838 18.6000003814697 18.1333332061768 18.1833324432373 18.4333343505859 18.283332824707 18.7999992370605 18.6833324432373
-9999 -9999 -9999 -9999 -9999 18 17.9333343505859 17.7333335876465 17.3999996185303 17.0499992370605 16.8833332061768 17.0833339691162 17.283332824707 17.3333339691162 17.5 17.5833339691162 17.6166667938232 18.2000007629395 18.4166679382324 18.466667175293 18.5 18.4333343505859 18.6666660308838 18.6833343505859 18.6833343505859 18.2999992370605 18.3999996185303 18.3999996185303 18.3833332061768 18.4166660308838 18.3999996185303 18.1833324432373 18.2333335876465 18.2999992370605 18.1333332061768 17.8999996185303 18.3166675567627 18.6499996185303 18.6166667938232 18.7333335876465 18.7666664123535 18.716667175293 18.716667175293 18.783332824707 14.5166664123535 18.8833332061768 18.8166675567627 14.5166664123535 18.9166660308838
-9999 -9999 -9999 -9999 -9999 17.7333335876465 17.3500003814697 17.3999996185303 17.1166667938232 16.716667175293 16.75 16.9500007629395 17.0166664123535 17.0833339691162 17.216667175293 17.783332824707 17.966667175293 18.2333335876465 18.3833332061768 18.6833343505859 18.6833343505859 18.6166667938232 18.75 18.5 18.6166667938232 18.5833320617676 18.6833343505859 18.3333339691162 17.8500003814697 17.7000007629395 18 18.3333339691162 18.5 18.6166667938232 18.7000007629395 18.5 18.6166667938232 18.7333335876465 18.7000007629395 18.8000011444092 18.7666664123535 18.716667175293 18.4833335876465 18.6666660308838 14.5999994277954 14.6666660308838 14.5666666030884 14.6166667938232 14.6166667938232
-9999 -9999 -9999 -9999 -9999 -9999 17.1166667938232 17.1166667938232 16.6499996185303 16.4833335876465 16.8833332061768 17.0166664123535 17.1499996185303 17.3500003814697 17.5666675567627 17.6499996185303 18.0166664123535 18.533332824707 18.6166667938232 18.6000003814697 18.7000007629395 18.8000011444092 18.8000011444092 18.7666664123535 18.7333335876465 18.6166667938232 18.5 17.783332824707 17.3999996185303 17.7000007629395 18.3500003814697 18.4166679382324 18.3333339691162 18.3833332061768 18.5 18.7000007629395 18.6833324432373 18.6833324432373 18.8000011444092 18.8500003814697 18.7999992370605 18.7333335876465 18.716667175293 18.8999996185303 14.5999994277954 14.6999998092651 14.75 14.6999998092651 14.75
-9999 -9999 -9999 -9999 -9999 -9999 17.3999996185303 17.3500003814697 17.0166664123535 16.7999992370605 17 17.2999992370605 17.5 17.5666675567627 17.75 17.9500007629395 18.1166667938232 18.4500007629395 18.5833320617676 18.7999992370605 18.7666664123535 18.7999992370605 18.8999996185303 18.6333332061768 18.1166667938232 18.3833332061768 18.5166664123535 18.2999992370605 18.1499996185303 18.033332824707 18.2333335876465 18.3333339691162 18.3833332061768 18.3833332061768 18.4166679382324 18.6166667938232 18.783332824707 18.6666660308838 18.8833332061768 18.8166675567627 18.8166675567627 19.0166664123535 14.6166667938232 14.6833333969116 14.6666660308838 14.7166662216187 14.6833333969116 14.7666664123535 14.7833337783813
-9999 -9999 -9999 -9999 -9999 -9999 -9999 17.2999992370605 17.2999992370605 16.7666664123535 16.6833343505859 17.1666660308838 17.4333324432373 17.5833339691162 17.7999992370605 17.9833335876465 18.1333332061768 18.3500003814697 18.75 18.7666664123535 18.8666667938232 18.8999996185303 18.9333343505859 18.6666660308838 18.2999992370605 18.5166664123535 18.6833324432373 18.6166667938232 18.3999996185303 18.283332824707 18.1833324432373 18.25 18.1833324432373 18.466667175293 18.5666656494141 18.466667175293 18.6666660308838 18.7999992370605 18.8500003814697 18.7999992370605 18.9166660308838 19 18.8666667938232 18.783332824707 19 18.9500007629395 14.6499996185303 14.7666664123535 14.8166666030884
-9999 -9999 -9999 -9999 -9999 -9999 -9999 -9999 17.3166675567627 17.1333332061768 16.7333335876465 17.25 17.3833332061768 17.7000007629395 17.9333343505859 17.9500007629395 18.1999988555908 18.3500003814697 18.6000003814697 18.7333335876465 18.6499996185303 18.8333339691162 18.8999996185303 18.6499996185303 18.5666656494141 18.6666660308838 18.7000007629395 18.6166667938232 18.5 18.3500003814697 18.1333332061768 18.3833332061768 18.4333343505859 18.533332824707 18.6666660308838 18.6833324432373 18.6000003814697 18.8333339691162 18.8500003814697 18.7000007629395 18.5 18.6499996185303 18.7999992370605 19.0499992370605 19.216667175293 14.7166662216187 14.7666664123535 14.75 14.8833332061768
-9999 -9999 -9999 -9999 -9999 -9999 -9999 -9999 -9999 16.8833332061768 16.966667175293 17.1499996185303 17.5666675567627 17.8500003814697 17.966667175293 18.1499996185303 18.2666664123535 18.466667175293 18.7000007629395 18.5833339691162 18.6499996185303 18.8166675567627 18.9166660308838 18.8666667938232 18.783332824707 18.75 18.6166667938232 18.6166667938232 18.5166664123535 18.3666667938232 18.25 18.216667175293 18.2333335876465 18.3500003814697 18.5166664123535 18.783332824707 18.8999996185303 18.9333324432373 18.8666667938232 18.7666664123535 18.6499996185303 18.5833339691162 18.8166675567627 18.8833332061768 19.0166664123535 19.0499992370605 19.1666660308838 14.8166666030884 14.9166669845581
-9999 -9999 -9999 -9999 -9999 -9999 -9999 -9999 -9999 17.1166667938232 17.3833332061768 17.466667175293 17.716667175293 17.9166660308838 18.1166667938232 18.1166667938232 18.216667175293 18.8833332061768 18.6333332061768 18.5833339691162 18.6499996185303 18.8333339691162 18.8833332061768 18.8666667938232 18.716667175293 18.716667175293 18.6499996185303 18.4333343505859 18.3333339691162 18.216667175293 18.0666675567627 18.1000003814697 18.033332824707 18.033332824707 18.25 18.5666656494141 18.9333343505859 19.0833339691162 18.9500007629395 18.8999996185303 18.8999996185303 18.75 18.8999996185303 19.0499992370605 19.1000003814697 19.1000003814697 14.75 14.8166666030884 14.9499998092651
-9999 -9999 -9999 -9999 -9999 -9999 -9999 -9999 -9999 -9999 17.8333339691162 17.8833332061768 18.1499996185303 18.0666675567627 18.2333335876465 18.4166660308838 18.7999992370605 18.9333343505859 18.7000007629395 18.8166675567627 18.8333339691162 18.8666667938232 18.75 18.7666664123535 18.7666664123535 18.8500003814697 18.7000007629395 18.3500003814697 18.216667175293 18.2999992370605 18.1000003814697 18.3166656494141 18.5166664123535 18.6499996185303 18.7333335876465 18.9166660308838 19 19.1333332061768 19.1499996185303 19.1666660308838 19.1000003814697 19 18.8999996185303 19.1000003814697 19.2000007629395 19.1000003814697 14.7333326339722 14.8666667938232 14.966667175293
-9999 -9999 -9999 -9999 -9999 -9999 -9999 -9999 -9999 -9999 -9999 18.5 18.7666664123535 18.783332824707 18.7333335876465 18.8166675567627 18.9833335876465 18.966667175293 18.8666667938232 18.8666667938232 18.8666667938232 18.6333332061768 18.5 18.6333332061768 18.6333332061768 18.6166667938232 18.75 18.5499992370605 18.4166660308838 18.3500003814697 18.0499992370605 17.9166660308838 18.1000003814697 18.4500007629395 18.5833339691162 18.7666664123535 18.9500007629395 19.0166664123535 19.1166667938232 19.1333332061768 19.0166664123535 19 19.0499992370605 19.1666660308838 14.6999998092651 19.283332824707 14.8500003814697 14.966667175293 15.033332824707
-9999 -9999 -9999 -9999 -9999 -9999 -9999 -9999 -9999 -9999 -9999 -9999 18.7000007629395 19 19 18.966667175293 19.0833320617676 18.8833332061768 18.9333324432373 18.966667175293 18.6999988555908 18.3833332061768 18.3333339691162 18.3666667938232 18.5166664123535 18.6666660308838 18.8500003814697 18.6000003814697 18.466667175293 18.0833339691162 17.75 17.75 17.8500003814697 18.1499996185303 18.5166664123535 18.4499988555908 18.8500003814697 18.9166660308838 19.0833339691162 19.2333335876465 19.25 19.2333335876465 19.1666660308838 19.2666664123535 14.7666664123535 14.8666667938232 14.8833332061768 14.8666667938232 14.9499998092651
-9999 -9999 -9999 -9999 -9999 -9999 -9999 -9999 -9999 -9999 -9999 -9999 -9999 18.9166660308838 19.1333332061768 19.1000003814697 19.1666660308838 19.033332824707 19.033332824707 18.783332824707 18.5499992370605 18.3166656494141 18.283332824707 18.5499992370605 18.6166667938232 18.6666660308838 18.8833332061768 18.8666667938232 18.6666660308838 18.1333332061768 18 18.283332824707 18.3833332061768 18.6166667938232 18.783332824707 18.8500003814697 19.0833339691162 19.1833343505859 19.216667175293 19.1666660308838 19.1499996185303 14.7666664123535 18.9333343505859 18.8833332061768 19.1666679382324 14.8499994277954 14.9833335876465 15.0500001907349 15.0500001907349
-9999 -9999 -9999 -9999 -9999 -9999 -9999 -9999 -9999 -9999 -9999 -9999 -9999 -9999 -9999 19.25 19.2333335876465 19.1333332061768 19.0499992370605 18.9166660308838 18.7999992370605 18.5499992370605 18.2999992370605 18.2999992370605 18.2999992370605 18.2999992370605 18.3833332061768 18.7999992370605 18.9333343505859 18.5666675567627 18.7333335876465 18.7999992370605 18.8666667938232 19.0166664123535 19.1333332061768 19.033332824707 19.1499996185303 19.033332824707 18.9833335876465 18.8666667938232 19.1166667938232 14.8666667938232 19.216667175293 18.9333324432373 19.2666664123535 14.8999996185303 15 15.0666666030884 15.1500005722046
