Demos/Rbased/CrashCourse/data/climate_processing/PresentLayers/Shortia_galacifolia/bio_3.asc
NCOLS 603 
NROWS 190 
XLLCORNER -83.7416666666667 
YLLCORNER 34.6416666666666 
CELLSIZE 0.00833333333333332 
NODATA_value -9999 
[rows 63 to 83 of 190, columns 343 to 391 of 603]
39.3206253051758 39.5098037719727 39.5098037719727 39.485294342041 39.3627433776855 39.5280227661133 39.5343132019043 39.5343132019043 39.5098037719727 39.5098037719727 39.5098037719727 39.5098037719727 39.5098037719727 39.5833320617676 39.4672508239746 39.4672546386719 39.4672546386719 39.6138801574707 39.6078414916992 39.442813873291 39.4249496459961 39.5467834472656 39.5224189758301 39.5043716430664 39.595516204834 39.6198844909668 39.5711517333984 39.5711517333984 39.5224151611328 39.6383171081543 39.5894432067871 39.4980506896973 39.6383171081543 39.4672546386719 39.485294342041 39.4542770385742 39.4542770385742 39.3067855834961 39.275146484375 39.2258377075195 39.2576217651367 39.1176452636719 39.2822036743164 39.2822036743164 39.1421585083008 39.0931358337402 39.1495590209961 39.1251220703125 39.0350875854492
39.3695030212402 39.4362754821777 39.3382339477539 39.3559494018555 39.4117660522461 39.5098037719727 39.4607849121094 39.5343132019043 39.442813873291 39.485294342041 39.3695030212402 39.3450622558594 39.3939399719238 39.4183769226074 39.3939399719238 39.5588226318359 39.5833320617676 39.5833320617676 39.6323547363281 39.5405654907227 39.5405654907227 39.5224189758301 39.595516204834 39.5467834472656 39.5650062561035 39.5405654907227 39.5161285400391 39.5405654907227 39.4980506896973 39.5894432067871 39.5894432067871 39.4916915893555 39.5833320617676 39.5098037719727 39.5280227661133 39.4296951293945 39.3313674926758 39.2576217651367 39.2330360412598 39.3491134643555 39.275146484375 39.2822036743164 39.2822036743164 39.2156867980957 39.1666679382324 39.1495590209961 39.1251220703125 39.0029335021973 39.0107231140137
39.3450622558594 39.2961883544922 39.3559494018555 39.4051132202148 39.2892150878906 39.4117660522461 39.3450622558594 39.4607849121094 39.3695030212402 39.4672546386719 39.5588226318359 39.6078453063965 39.5161285400391 39.5588226318359 39.5588226318359 39.5833320617676 39.5588226318359 39.5405654907227 39.5405654907227 39.4980506896973 39.5224151611328 39.5650062561035 39.5405654907227 39.4916915893555 39.5161285400391 39.4980506896973 39.4980506896973 39.5711479187012 39.5711517333984 39.5224189758301 39.5161285400391 39.4672508239746 39.4117660522461 39.5098037719727 39.485294342041 39.4542770385742 39.3559494018555 39.4477310180664 39.3491134643555 39.275146484375 39.2576217651367 39.2822036743164 39.1911773681641 39.1666679382324 39.1006851196289 39.1495590209961 39.1006851196289 38.9784965515137 38.8888893127441
39.3627433776855 39.2892150878906 39.2822036743164 39.2401962280273 39.3382339477539 39.3382339477539 39.3872566223145 39.485294342041 39.5343132019043 39.3939399719238 39.4916915893555 39.4672546386719 39.4736824035645 39.5161285400391 39.4916915893555 39.5405654907227 39.4916915893555 39.442813873291 39.5161285400391 39.4672546386719 39.3695030212402 39.3939399719238 39.5405654907227 39.4980506896973 39.4736824035645 39.4005851745605 39.4249496459961 39.5467834472656 39.4980506896973 39.442813873291 39.4916877746582 39.5833320617676 39.4788589477539 39.3627433776855 39.3627433776855 39.3559494018555 39.3313674926758 39.3737678527832 39.2822036743164 39.2822036743164 39.3313674926758 39.1176490783691 39.2401962280273 39.1421585083008 39.076244354248 39.2156867980957 39.1421585083008 38.9296188354492 38.880744934082
39.3137245178223 39.0931396484375 39.1838760375977 39.1911773681641 39.2892150878906 39.3137245178223 39.4296951293945 39.3137245178223 39.3450622558594 39.4117660522461 39.4362754821777 39.3206253051758 39.4362754821777 39.3450622558594 39.3450622558594 39.3695030212402 39.4183769226074 39.4117660522461 39.4362754821777 39.4362754821777 39.3695030212402 39.4493179321289 39.4493179321289 39.4493179321289 39.3762168884277 39.3518524169922 39.6138801574707 39.4736824035645 39.4916877746582 39.4916877746582 39.4916915893555 39.485294342041 39.3872528076172 39.4051132202148 39.3559494018555 39.2576217651367 39.3244552612305 39.3737678527832 39.3244590759277 39.2998008728027 39.2576217651367 39.2084541320801 39.2084541320801 39.1421585083008 39.076244354248 39.0686264038086 39.0931396484375 38.9460792541504 38.8563041687012
39.1838722229004 39.0686264038086 39.2822036743164 39.3067855834961 39.2822036743164 39.3313674926758 39.3382339477539 39.3627433776855 39.1911773681641 39.264705657959 39.3382339477539 39.2401962280273 39.264705657959 39.3627433776855 39.264705657959 39.264705657959 39.264705657959 39.3872566223145 39.3450622558594 39.3939399719238 39.4005851745605 39.4183769226074 39.5161285400391 39.3518524169922 39.4916915893555 39.4183769226074 39.3450622558594 39.3939399719238 39.442813873291 39.442813873291 39.5098037719727 39.4542770385742 39.4542770385742 39.3805313110352 39.2330360412598 39.2084541320801 39.275146484375 39.3491134643555 39.2998008728027 39.2998008728027 39.2330360412598 39.1911773681641 39.2156867980957 39.0931396484375 39.0686264038086 39.0686264038086 38.9460792541504 38.8725509643555 38.8318672180176
39.060962677002 39.2084579467773 39.1666679382324 39.1421546936035 39.2084541320801 39.2576217651367 39.1666679382324 39.2156867980957 39.2576217651367 39.2156867980957 39.2401962280273 39.1421546936035 39.1666641235352 39.2401962280273 39.2156867980957 39.2892150878906 39.3450622558594 39.3450622558594 39.3450622558594 39.3206253051758 39.3206253051758 39.4183769226074 39.3518524169922 39.278751373291 39.4117660522461 39.3627433776855 39.4117660522461 39.369499206543 39.3939399719238 39.3872528076172 39.4362754821777 39.4788589477539 39.3559494018555 39.2084541320801 39.2084541320801 39.3984222412109 39.3491134643555 39.3244590759277 39.3244590759277 39.2576217651367 39.2156867980957 39.2822036743164 39.1421585083008 39.134708404541 39.0196075439453 38.9215698242188 38.970588684082 38.970588684082 38.7829895019531
39.1025619506836 39.1176452636719 39.2156867980957 39.1176452636719 39.1592903137207 39.134708404541 39.0855445861816 39.1838722229004 39.1838722229004 39.1911773681641 39.2156867980957 39.1592903137207 39.1911773681641 39.2401962280273 39.2401962280273 39.2717514038086 39.3450622558594 39.264705657959 39.3137245178223 39.3382339477539 39.3206253051758 39.442813873291 39.4117660522461 39.4117660522461 39.3137245178223 39.3137245178223 39.3382339477539 39.485294342041 39.3137245178223 39.3137245178223 39.264705657959 39.3805313110352 39.2330360412598 39.2330360412598 39.3984222412109 39.3067855834961 39.2998046875 39.3244590759277 39.3313674926758 39.3067855834961 39.2576179504395 39.1101264953613 39.1592903137207 39.134708404541 38.9872169494629 38.9215698242188 38.9626350402832 38.8725509643555 38.7990188598633
38.9950981140137 39.1421585083008 39.2156867980957 39.0931358337402 39.0686264038086 39.1592903137207 38.9626350402832 38.9626350402832 39.0363807678223 39.0686264038086 39.0196075439453 39.044116973877 39.0686264038086 39.1176452636719 39.264705657959 39.2892150878906 39.264705657959 39.1421546936035 39.2822036743164 39.2892150878906 39.4117660522461 39.3137245178223 39.3313674926758 39.2822036743164 39.3805313110352 39.2892150878906 39.3627433776855 39.3627433776855 39.3559494018555 39.3137245178223 39.3067855834961 39.3067855834961 39.2822036743164 39.3984222412109 39.2822036743164 39.3559494018555 39.4051132202148 39.3559494018555 39.2821998596191 39.2822036743164 39.1592903137207 39.0363807678223 39.0363807678223 39.060962677002 38.9380531311035 38.8888893127441 38.9626350402832 38.8888893127441 38.7905616760254
39.1176452636719 39.0029335021973 38.9460792541504 39.0117988586426 39.0363807678223 38.9872169494629 39.0039443969727 38.9872169494629 38.9872169494629 38.9872169494629 39.0855445861816 39.0931358337402 39.0931358337402 39.2156867980957 39.1911773681641 39.1838722229004 39.134708404541 39.1838722229004 39.233039855957 39.2156867980957 39.3450622558594 39.2892150878906 39.2084541320801 39.233039855957 39.233039855957 39.3805313110352 39.2892150878906 39.3559494018555 39.2822036743164 39.2822036743164 39.2330360412598 39.2576217651367 39.3491134643555 39.3244552612305 39.3244590759277 39.2998008728027 39.3244590759277 39.2330360412598 39.1838722229004 39.2822036743164 39.134708404541 39.0363807678223 39.1025657653809 39.0117988586426 38.9380531311035 38.9299812316895 38.9053268432617 38.9053268432617 38.8313598632812
38.970588684082 38.8563041687012 38.8725471496582 38.8480377197266 38.8235282897949 38.9134712219238 38.9134712219238 38.8643074035645 38.9134712219238 39.0117988586426 39.0117988586426 38.9950981140137 39.0855445861816 39.0855445861816 39.1592903137207 39.0855445861816 39.134708404541 39.2576217651367 39.1911773681641 39.2892150878906 39.2401962280273 39.3313674926758 39.3244590759277 39.2011833190918 39.3313674926758 39.3559494018555 39.2576217651367 39.2998008728027 39.1838722229004 39.2504920959473 39.1592903137207 39.275146484375 39.2258377075195 39.2011833190918 39.2011833190918 39.2011833190918 39.275146484375 39.2258377075195 39.2084541320801 39.1592903137207 39.060962677002 39.0285987854004 39.0363807678223 38.9626350402832 39.0039443969727 38.856014251709 38.9465866088867 38.9053268432617 38.9546356201172
38.807430267334 38.7585525512695 38.7341156005859 38.8235282897949 38.7745094299316 38.7990188598633 38.9134712219238 38.8888893127441 38.7745094299316 38.7990188598633 38.970588684082 38.8970603942871 38.9380531311035 38.9626350402832 38.9872169494629 39.0117988586426 39.0855445861816 39.134708404541 39.0686264038086 39.3313674926758 39.2576217651367 39.2504920959473 39.1765289306641 39.2504920959473 39.2576217651367 39.233039855957 39.2011833190918 39.1518745422363 39.2680511474609 39.2680511474609 39.1765289306641 39.2927780151367 39.2680511474609 39.1765289306641 39.1518745422363 39.2011833190918 39.2504920959473 39.1592903137207 39.134708404541 39.1272201538086 39.0532531738281 39.0532531738281 39.0363807678223 38.9792900085449 38.856014251709 38.8067054748535 38.9713134765625 38.9546356201172 38.9546356201172
38.8151435852051 38.5630493164062 38.7009811401367 38.6274528503418 38.7009811401367 38.7009811401367 38.7990188598633 38.75 38.8888893127441 38.8397254943848 38.8888893127441 38.9546356201172 38.8643074035645 38.9134712219238 38.9134712219238 39.0117988586426 39.1765289306641 39.2258377075195 39.1838722229004 39.275146484375 39.2576179504395 39.2011833190918 39.1518745422363 39.2927780151367 39.2680511474609 39.2258377075195 39.2185935974121 39.2185935974121 39.1691398620605 39.1444091796875 39.1691398620605 39.1938667297363 39.2011833190918 39.2258377075195 39.1765289306641 39.1592903137207 39.1592903137207 39.134708404541 39.1272201538086 38.9792900085449 38.9792900085449 39.0532531738281 39.0285987854004 38.9053268432617 38.8806686401367 38.9713134765625 39.0207710266113 39.0285987854004 39.0454978942871
38.7168159484863 38.7009811401367 38.6608047485352 38.6852416992188 38.7096786499023 38.7745094299316 38.7341156005859 38.7009811401367 38.8151435852051 38.8313598632812 38.856014251709 38.856014251709 38.9546356201172 38.9872169494629 39.0532531738281 39.0779075622559 39.1272201538086 39.1272201538086 39.1272201538086 39.1025619506836 39.2504920959473 39.1518745422363 39.1444129943848 39.2185935974121 39.2185935974121 39.1691398620605 39.1691398620605 39.1196823120117 39.1444129943848 39.1025619506836 39.1518745422363 39.1272201538086 39.1272201538086 39.1518745422363 39.134708404541 39.1101264953613 39.1101264953613 39.0855445861816 39.0039443969727 38.9546356201172 38.9792900085449 38.9299812316895 38.9299812316895 38.8724021911621 38.9713134765625 39.0207710266113 39.0454978942871 39.0454978942871 38.9960441589355
38.7168159484863 38.6274528503418 38.7254905700684 38.6764717102051 38.7009811401367 38.7990226745605 38.8151435852051 38.667652130127 38.741397857666 38.8067054748535 38.8313598632812 38.9053268432617 39.0039443969727 39.0117988586426 39.0117988586426 39.0363807678223 39.0285987854004 39.0779075622559 39.1025619506836 39.0532531738281 39.1196823120117 39.0207710266113 38.9713134765625 39.1121025085449 39.1121025085449 39.1865081787109 39.1617050170898 39.136905670166 39.1196823120117 39.0702285766602 39.0702285766602 39.0702285766602 39.0039443969727 39.0285987854004 39.0779075622559 39.060962677002 39.060962677002 39.0039443969727 39.0039443969727 38.9299812316895 38.9299812316895 38.9960441589355 38.8971328735352 38.8888893127441 38.9713134765625 39.0207710266113 38.9713134765625 38.9384918212891 38.9384918212891
38.6922340393066 38.6764717102051 38.6608009338379 38.7990188598633 38.75 38.7009811401367 38.741397857666 38.6922340393066 38.7168159484863 38.6922340393066 38.8313598632812 38.9053268432617 38.9299812316895 38.9380531311035 39.1101264953613 39.0117988586426 39.0285987854004 39.0532531738281 39.0285987854004 39.0779075622559 39.0285987854004 39.1444091796875 39.1865081787109 39.0625 39.0625 39.0376968383789 39.1865081787109 39.0376968383789 39.0873031616211 39.0128974914551 38.9960441589355 38.9713134765625 38.9792900085449 39.1196823120117 39.0779075622559 39.0779075622559 38.9792900085449 39.0285987854004 38.9380531311035 38.9299812316895 38.9299812316895 39.0873031616211 38.9384918212891 38.9384918212891 38.988094329834 39.0376968383789 38.9465866088867 38.913688659668 38.9552230834961
38.741397857666 38.6274490356445 38.741397857666 38.5539207458496 38.6676483154297 38.5693206787109 38.6184844970703 38.7168159484863 38.7327423095703 38.741397857666 38.741397857666 38.880672454834 38.8397254943848 38.8806686401367 38.9626350402832 39.1765289306641 39.060962677002 39.0779075622559 39.1518745422363 39.1938667297363 39.0949554443359 39.0702285766602 39.136905670166 39.0376968383789 39.0376968383789 39.0207710266113 39.0207710266113 39.0454978942871 39.0625 39.0625 38.9218597412109 39.0454978942871 39.0207710266113 39.0454978942871 38.9960441589355 38.9218597412109 39.0039443969727 39.0855445861816 39.0532531738281 39.0454978942871 38.9713172912598 39.0625 38.9384918212891 38.9384918212891 38.913688659668 38.9632949829102 38.9632949829102 38.9054718017578 38.8059692382812
38.6676483154297 38.5447387695312 38.6341209411621 38.6834335327148 38.5201568603516 38.5693206787109 38.6184844970703 38.741397857666 38.7327423095703 38.8560180664062 38.8151435852051 38.7659797668457 38.8888893127441 38.8313598632812 38.9053268432617 39.1272201538086 39.1518745422363 39.0779075622559 39.2011833190918 39.1938667297363 39.0454978942871 39.1121025085449 39.0128974914551 38.9632949829102 39.0128974914551 39.1121025085449 39.0702285766602 39.0949554443359 39.136905670166 38.9465866088867 38.8971290588379 38.9632949829102 38.9218597412109 38.9713172912598 39.0454978942871 38.9792900085449 39.0285987854004 39.0117988586426 39.0285987854004 39.0039443969727 38.8971328735352 38.9218597412109 38.9218597412109 38.9632949829102 38.913688659668 38.913688659668 38.8805961608887 38.9054718017578 38.8557205200195
38.7734909057617 38.5601577758789 38.6745796203613 38.5848121643066 38.6745796203613 38.7080879211426 38.6922302246094 38.741397857666 38.7820510864258 38.8067054748535 38.8888893127441 38.856014251709 39.0039443969727 38.8313598632812 38.9792900085449 39.0532531738281 39.1272201538086 39.1518745422363 39.1444091796875 39.0702247619629 39.0454978942871 39.0376968383789 39.0128974914551 38.9632949829102 38.8392868041992 38.9384918212891 39.0625 39.136905670166 39.0949554443359 39.0949554443359 38.9713172912598 38.8724021911621 38.9465866088867 38.9465866088867 38.9299812316895 38.9134712219238 39.0609664916992 39.1101303100586 38.9546356201172 38.9218597412109 38.8724021911621 38.9299812316895 38.9218597412109 38.8971328735352 39.0796012878418 38.9800987243652 38.9054718017578 38.8557205200195 38.9552230834961
38.7896842956543 38.6498527526855 38.6094703674316 38.6498527526855 38.6498527526855 38.6587753295898 38.7327423095703 38.8313598632812 38.8067054748535 38.7820510864258 38.880672454834 38.880672454834 38.880672454834 38.8971328735352 38.9465866088867 39.0285987854004 39.0285987854004 39.0779075622559 39.1444129943848 39.0949554443359 38.9465866088867 38.9465866088867 38.9465866088867 38.9384918212891 38.8888893127441 39.0796012878418 39.0298500061035 39.0873031616211 39.0532531738281 38.9546356201172 38.9218597412109 38.8476753234863 38.757396697998 38.9546356201172 38.9053268432617 38.9626350402832 39.0363807678223 39.0363845825195 38.9299812316895 38.9299812316895 38.9713134765625 38.9960441589355 39.0625 39.0625 39.0625 39.1044769287109 38.930347442627 38.9221534729004 38.9800987243652
38.7313461303711 38.756217956543 38.6656761169434 38.6251258850098 38.7152786254883 38.6341209411621 38.7080879211426 38.856014251709 38.9218597412109 38.7327423095703 38.7982215881348 38.880672454834 38.880672454834 38.9713172912598 38.9546356201172 38.9792900085449 39.0039443969727 39.0532531738281 38.9792900085449 38.9465866088867 38.9218597412109 39.0872993469238 39.0128974914551 38.988094329834 38.9632949829102 38.913688659668 39.0377006530762 39.0873031616211 39.0207710266113 39.0949554443359 38.8971328735352 38.8971328735352 38.7327423095703 38.8313598632812 38.8560180664062 39.0039443969727 39.0363807678223 39.0363807678223 38.9792900085449 38.9713134765625 38.9465866088867 38.9218597412109 39.0207710266113 39.0873031616211 39.1121025085449 39.0796012878418 39.0796012878418 38.8805961608887 38.9720573425293
