Demos/Rbased/CrashCourse/data/climate_processing/PresentLayers/Shortia_galacifolia/bio_9.asc
NCOLS 212 
NROWS 170 
XLLCORNER -83.691666666421 
YLLCORNER 34.5083333333333 
CELLSIZE 0.00833333333316012 
NODATA_value -9999 
[rows 110 to 131 of 170, columns 0 to 47 of 212]
-9999 -9999 -9999 -9999 18.1166667938232 17.8500003814697 17.5166664123535 17.3333339691162 17.6833343505859 17.533332824707 17.1499996185303 16.466667175293 15.6666669845581 15.6999998092651 16.2666664123535 16.4833335876465 16.9500007629395 16.6333332061768 16.1499996185303 15.5833339691162 14.9333333969116 15.2333335876465 15.1666669845581 15.1166667938232 14.783332824707 15.3333330154419 16.1166667938232 16.8333339691162 17.1000003814697 16.966667175293 17.3500003814697 17.1000003814697 17.1833343505859 17.2666664123535 17.3999996185303 17.8166675567627 18.1333332061768 18.216667175293 17.6666660308838 17.3999996185303 17.6166667938232 17.5 16.966667175293 16.6999988555908 16.3833332061768 16.466667175293 16.4333343505859 16.25
-9999 -9999 -9999 -9999 18.0833339691162 17.9166660308838 17.533332824707 16.8166656494141 17.033332824707 16.966667175293 16.6000003814697 16.1333332061768 16.033332824707 16.0833339691162 16.533332824707 16.9500007629395 17.216667175293 16.6833324432373 15.8000001907349 15.5 14.8833332061768 15.7333335876465 15.6833333969116 15.5500001907349 15.216667175293 15.9499998092651 16.5 16.8833332061768 17.5833339691162 17.533332824707 17.6499996185303 17.2999992370605 17.1000003814697 17.3500003814697 17.5166664123535 17.8333339691162 18.1499996185303 18.2333335876465 17.7999992370605 18.033332824707 18.0166664123535 17.5 17.1000003814697 16.783332824707 16.6166667938232 16.5166664123535 16.3500003814697 16.3666667938232
-9999 -9999 -9999 -9999 17.5833339691162 17.4833335876465 17.033332824707 16.6833343505859 15.9833335876465 16.3666667938232 16.5499992370605 16.466667175293 16.5833339691162 16.5 16.8000011444092 17.0833339691162 17.283332824707 16.7000007629395 16.3999996185303 16.033332824707 15.3999996185303 16.2666664123535 16.5166664123535 16.3500003814697 15.966667175293 15.9499998092651 16.75 17.1999988555908 17.4500007629395 17.7000007629395 17.6833324432373 17.3666667938232 17.3166656494141 17.5 17.716667175293 17.9833335876465 18.1666660308838 18.216667175293 18.0833339691162 18.2666664123535 17.966667175293 17.3666667938232 17.1666660308838 16.9500007629395 17.0166664123535 16.783332824707 16.283332824707 16.5499992370605
-9999 -9999 -9999 16.6000003814697 16.533332824707 16.6833343505859 16.4500007629395 16.2666664123535 16.4333324432373 16.75 17.1666660308838 16.716667175293 16.966667175293 16.7000007629395 16.9166660308838 17.283332824707 17.5166664123535 16.7333335876465 16.8666667938232 16.3333339691162 15.966667175293 16.5499992370605 16.9500007629395 16.6166667938232 16.3333339691162 16.1499996185303 16.6666660308838 17.2999992370605 17.5499992370605 17.6166667938232 17.8833332061768 17.8999996185303 17.8500003814697 17.9333343505859 17.9166660308838 18.0166664123535 18.1499996185303 18.3333339691162 18.283332824707 18.1000003814697 17.9166660308838 17.6666660308838 17.1666660308838 16.8833332061768 16.9166660308838 16.6499996185303 16.3500003814697 16.533332824707
-9999 -9999 -9999 16.6499996185303 16.6666660308838 16.9166660308838 17.0166664123535 16.6833343505859 17.25 17.216667175293 17.4166679382324 16.8166675567627 17.0499992370605 17.1666660308838 16.8500003814697 17.2333335876465 17.6333332061768 17.2666664123535 17.1499996185303 16.8166675567627 16.4500007629395 16.9166660308838 17.0499992370605 16.8833332061768 17.0499992370605 16.7333335876465 16.966667175293 17.3333339691162 17.3500003814697 17.4333343505859 17.8500003814697 17.6833324432373 17.9500007629395 18 18.0666656494141 18.2333335876465 18.25 18.2999992370605 18.3666667938232 18.2666664123535 18.0666656494141 17.3333339691162 17.0833339691162 16.4833335876465 16.4833335876465 16.1499996185303 15.8999996185303 16.0499992370605
-9999 -9999 -9999 17.4166660308838 17.216667175293 17.5666675567627 17.3999996185303 17.4500007629395 17.6000003814697 17.6166667938232 17.5833339691162 16.9333324432373 17.0666675567627 17.2666664123535 17.3166675567627 17.466667175293 17.5666656494141 17.3999996185303 17.0666675567627 16.7333335876465 16.7000007629395 17.25 17.1333332061768 17.4166660308838 17.5 16.9833335876465 16.5833339691162 16.8500003814697 16.9166660308838 16.8333339691162 17.283332824707 17.1000003814697 17.2999992370605 17.6833324432373 18.0666656494141 18.25 18.2999992370605 18.3666667938232 18.2999992370605 18.033332824707 17.6833324432373 17.3166675567627 17.0499992370605 16.9166660308838 16.75 16.2333335876465 15.7333335876465 16.0500011444092
-9999 -9999 -9999 17.716667175293 17.533332824707 17.6166667938232 17.8999996185303 18.0499992370605 17.966667175293 17.8833332061768 17.5666675567627 17.0833339691162 17.033332824707 17.1166667938232 17.4500007629395 17.466667175293 17.716667175293 17.3500003814697 17.0666675567627 17.1666660308838 17.3500003814697 17.3500003814697 17.5 17.7000007629395 17.6333332061768 17.3666667938232 17.0833339691162 16.9333343505859 17.1333332061768 16.8500003814697 16.7333335876465 17.2333335876465 17.6333332061768 18.0666656494141 18.2000007629395 18.2666664123535 18.3333339691162 18.3166675567627 18.1333332061768 17.75 17.6166667938232 17.5 17.2000007629395 17.0166664123535 16.5833339691162 16.3500003814697 16.6000003814697 16.6166667938232
-9999 -9999 -9999 18.0666656494141 17.4500007629395 17.9333324432373 18.1166667938232 18 17.6833324432373 17.5166664123535 17.3333339691162 17.1000003814697 17.0666675567627 17.0833339691162 17.0833339691162 17.216667175293 17.6499996185303 17.5666675567627 17.3666667938232 17.5833339691162 17.6666660308838 17.5833339691162 17.8166675567627 18.0666656494141 17.7333335876465 17.6000003814697 17.466667175293 17.1000003814697 17.3999996185303 17.1000003814697 17.2666664123535 17.5499992370605 17.716667175293 18.216667175293 18.2333335876465 18.283332824707 18.3166675567627 18.2999992370605 18.1499996185303 17.6166667938232 17.2999992370605 17.2999992370605 17.1833324432373 17.0166664123535 16.8500003814697 16.8333339691162 17.1166667938232 17.4333324432373
-9999 -9999 -9999 18.0833339691162 17.966667175293 18.2333335876465 18.25 17.9333324432373 17.7333335876465 17.3833332061768 16.7999992370605 16.8333339691162 17.0666675567627 17.466667175293 17.1666660308838 17.4500007629395 17.6666660308838 17.9333324432373 17.7000007629395 17.4500007629395 17.8666667938232 17.8999996185303 18.0499992370605 18.2333335876465 18.0666656494141 17.8999996185303 17.8666667938232 17.716667175293 17.3833332061768 17.8333339691162 18.0499992370605 18.1499996185303 18.216667175293 18.2333335876465 18.216667175293 18.1833324432373 18.3166675567627 18.0499992370605 17.6333332061768 17.2999992370605 16.783332824707 16.8166656494141 17.0500011444092 16.966667175293 17.1833343505859 17.7000007629395 17.5833339691162 17.6499996185303
-9999 -9999 -9999 18.3999996185303 18.3166656494141 18.2999992370605 18.1499996185303 18.1333332061768 17.9166660308838 17.6833324432373 17.1000003814697 17.1000003814697 17.3999996185303 17.5833339691162 17.3833332061768 17.216667175293 17.8999996185303 18.1666660308838 17.966667175293 17.9333324432373 18.1000003814697 18.033332824707 18.1833343505859 18.216667175293 18.0499992370605 18.3333339691162 18.1833343505859 17.9833335876465 17.6666660308838 18.0499992370605 18.1499996185303 18.1499996185303 18.1499996185303 18.033332824707 17.6166667938232 17.7000007629395 18.2666664123535 17.966667175293 17.8333339691162 17.5166664123535 17.3500003814697 16.8666667938232 17.2000007629395 17.533332824707 17.5 17.7333335876465 18.1499996185303 18.1166667938232
-9999 -9999 -9999 18 17.8500003814697 17.8500003814697 18.1000003814697 17.8833332061768 17.7999992370605 17.7666664123535 17.3999996185303 17.216667175293 17.3999996185303 17.6333332061768 17.6333332061768 17.6833324432373 17.6833324432373 17.8833332061768 18.3166675567627 18.1833343505859 18.216667175293 18.1833343505859 18.3833332061768 18.216667175293 18.3999996185303 18.216667175293 17.7666664123535 17.3833332061768 17.5 17.6166667938232 17.6000003814697 17.7666664123535 17.783332824707 17.9500007629395 17.7999992370605 17.8833332061768 18.2666664123535 18.2666664123535 18.0833339691162 17.966667175293 17.6000003814697 17.216667175293 17.3999996185303 17.966667175293 18.1000003814697 18.0499992370605 17.9333343505859 18.25
-9999 -9999 -9999 17.9333343505859 17.783332824707 17.6333332061768 17.5666656494141 17.216667175293 17.5166664123535 17.4333324432373 17.1000003814697 17.283332824707 17.5166664123535 17.5499992370605 17.466667175293 17.6999988555908 17.9833335876465 18.1166667938232 18.3833332061768 18.2000007629395 18.283332824707 18.1499996185303 18.3833332061768 18.283332824707 18.216667175293 17.7999992370605 17.4500007629395 17.5833339691162 17.6166667938232 17.4500007629395 17.4166660308838 17.4166660308838 17.3999996185303 17.3666667938232 17.533332824707 17.966667175293 18.3666667938232 18.0166664123535 17.5666675567627 17.5666675567627 17.466667175293 17.1166667938232 17.3333339691162 17.5666675567627 18.1000003814697 18.283332824707 18.2999992370605 18.1000003814697
-9999 -9999 -9999 17.783332824707 17.5666656494141 17.4500007629395 17.2999992370605 17.1666660308838 17.5499992370605 17.716667175293 17.3666667938232 17.3833332061768 17.716667175293 17.8333339691162 17.716667175293 17.716667175293 17.9833335876465 18.2666664123535 18.3833332061768 18.1499996185303 18.283332824707 18.4333324432373 18.3333339691162 18.1666660308838 17.8166675567627 17.75 17.6833343505859 17.7000007629395 17.7000007629395 17.5499992370605 17.466667175293 17.2333335876465 16.9833335876465 17.1166667938232 17.533332824707 18.1499996185303 18.2666664123535 18.033332824707 17.5666675567627 17.9500007629395 18.0833320617676 17.8333339691162 17.9333343505859 17.783332824707 17.7999992370605 18.1833324432373 18.533332824707 18.533332824707
-9999 -9999 -9999 17.7666664123535 17.25 16.7999992370605 16.6499996185303 16.75 17.5166664123535 17.8666667938232 17.6833324432373 17.5166664123535 17.8166675567627 17.9833335876465 18.0499992370605 18.0666656494141 18.216667175293 18.3999996185303 18.4500007629395 18.3833332061768 18.4833335876465 18.4833335876465 18.1000003814697 18.1499996185303 17.8333339691162 17.783332824707 17.7333335876465 17.783332824707 17.6333332061768 17.1833343505859 17.2333335876465 17.3500003814697 17.3999996185303 17.8166656494141 18.25 18.533332824707 18.4833335876465 18.4166660308838 17.9166660308838 17.9333343505859 18.2999992370605 18.3833332061768 18.3833332061768 18.466667175293 18.3833332061768 18.466667175293 18.6666660308838 14.4000005722046
-9999 -9999 -9999 16.9500007629395 17.1000003814697 16.6166667938232 16.716667175293 16.7999992370605 17.216667175293 17.8500003814697 17.9333343505859 17.8666667938232 17.7999992370605 17.716667175293 18.0833339691162 18.3833332061768 18.3500003814697 18.466667175293 18.466667175293 18.3666667938232 18.4500007629395 18.3500003814697 18.1166667938232 17.6833343505859 17.9166660308838 17.8666667938232 17.8666667938232 17.7333335876465 17.6666660308838 17.8833332061768 17.966667175293 17.9833335876465 18.3166675567627 18.5 18.5499992370605 18.6333332061768 18.6000003814697 18.533332824707 18.1000003814697 18.1499996185303 18.2999992370605 18.5833320617676 18.7333335876465 18.7333335876465 18.75 18.75 18.8333339691162 14.4500007629395
-9999 -9999 -9999 16.3500003814697 16.1833324432373 16.6000003814697 17.033332824707 17.1833343505859 17 17.5499992370605 17.9333343505859 18.1333332061768 17.9500007629395 17.8666667938232 18.1666660308838 18.3666667938232 18.283332824707 18.3166675567627 18.5499992370605 18.3500003814697 18.1499996185303 18.25 17.9500007629395 17.7999992370605 18 17.9833335876465 17.8999996185303 18.0166664123535 18.0833339691162 18.3166675567627 18.4166660308838 18.5666656494141 18.5666656494141 18.6499996185303 18.7333335876465 18.75 18.7000007629395 18.5499992370605 18.5 18.3333339691162 18.2999992370605 18.4333343505859 18.5 18.533332824707 18.7000007629395 18.7666664123535 18.8166675567627 18.7999992370605
-9999 -9999 -9999 16.8999996185303 16.4833335876465 16.7999992370605 16.8999996185303 17.1000003814697 17.3166675567627 17.2666664123535 17.9500007629395 18.3333339691162 18.1166667938232 18.1833324432373 18.2000007629395 18.3000011444092 18.3833332061768 18.3833332061768 18.5499992370605 18.3000011444092 18.283332824707 18.283332824707 18.0833339691162 17.8666667938232 18.1166667938232 18.3999996185303 18.25 18.2333335876465 18.2333335876465 18.216667175293 18.3500003814697 18.2999992370605 18.3999996185303 18.6166667938232 18.7333335876465 18.6666660308838 18.6000003814697 18.1333332061768 18.1833324432373 18.4333343505859 18.283332824707 18.7999992370605 18.6833324432373 18.283332824707 18.3166675567627 18.1333332061768 18.466667175293 18.6833324432373
-9999 -9999 17.3999996185303 17.0499992370605 16.8833332061768 17.0833339691162 17.283332824707 17.3333339691162 17.5 17.5833339691162 17.6166667938232 18.2000007629395 18.4166679382324 18.466667175293 18.5 18.4333343505859 18.6666660308838 18.6833343505859 18.6833343505859 18.2999992370605 18.3999996185303 18.3999996185303 18.3833332061768 18.4166660308838 18.3999996185303 18.1833324432373 18.2333335876465 18.2999992370605 18.1333332061768 17.8999996185303 18.3166675567627 18.6499996185303 18.6166667938232 18.7333335876465 18.7666664123535 18.716667175293 18.716667175293 18.783332824707 14.5166664123535 18.8833332061768 18.8166675567627 14.5166664123535 18.9166660308838 18.3500003814697 18.1000003814697 18.6333332061768 18.8500003814697 18.966667175293
-9999 -9999 17.1166667938232 16.716667175293 16.75 16.9500007629395 17.0166664123535 17.0833339691162 17.216667175293 17.783332824707 17.966667175293 18.2333335876465 18.3833332061768 18.6833343505859 18.6833343505859 18.6166667938232 18.75 18.5 18.6166667938232 18.5833320617676 18.6833343505859 18.3333339691162 17.8500003814697 17.7000007629395 18 18.3333339691162 18.5 18.6166667938232 18.7000007629395 18.5 18.6166667938232 18.7333335876465 18.7000007629395 18.8000011444092 18.7666664123535 18.716667175293 18.4833335876465 18.6666660308838 14.5999994277954 14.6666660308838 14.5666666030884 14.6166667938232 14.6166667938232 14.5166664123535 18.6333332061768 18.5 18.8999996185303 14.5833330154419
-9999 -9999 16.6499996185303 16.4833335876465 16.8833332061768 17.0166664123535 17.1499996185303 17.3500003814697 17.5666675567627 17.6499996185303 18.0166664123535 18.533332824707 18.6166667938232 18.6000003814697 18.7000007629395 18.8000011444092 18.8000011444092 18.7666664123535 18.7333335876465 18.6166667938232 18.5 17.783332824707 17.3999996185303 17.7000007629395 18.3500003814697 18.4166679382324 18.3333339691162 18.3833332061768 18.5 18.7000007629395 18.6833324432373 18.6833324432373 18.8000011444092 18.8500003814697 18.7999992370605 18.7333335876465 18.716667175293 18.8999996185303 14.5999994277954 14.6999998092651 14.75 14.6999998092651 14.75 14.6166667938232 19.0499992370605 14.6499996185303 18.966667175293 19.0166664123535
-9999 -9999 17.0166664123535 16.7999992370605 17 17.2999992370605 17.5 17.5666675567627 17.75 17.9500007629395 18.1166667938232 18.4500007629395 18.5833320617676 18.7999992370605 18.7666664123535 18.7999992370605 18.8999996185303 18.6333332061768 18.1166667938232 18.3833332061768 18.5166664123535 18.2999992370605 18.1499996185303 18.033332824707 18.2333335876465 18.3333339691162 18.3833332061768 18.3833332061768 18.4166679382324 18.6166667938232 18.783332824707 18.6666660308838 18.8833332061768 18.8166675567627 18.8166675567627 19.0166664123535 14.6166667938232 14.6833333969116 14.6666660308838 14.7166662216187 14.6833333969116 14.7666664123535 14.7833337783813 14.7666664123535 14.6666660308838 14.6666660308838 14.6166667938232 18.8999996185303
-9999 -9999 17.2999992370605 16.7666664123535 16.6833343505859 17.1666660308838 17.4333324432373 17.5833339691162 17.7999992370605 17.9833335876465 18.1333332061768 18.3500003814697 18.75 18.7666664123535 18.8666667938232 18.8999996185303 18.9333343505859 18.6666660308838 18.2999992370605 18.5166664123535 18.6833324432373 18.6166667938232 18.3999996185303 18.283332824707 18.1833324432373 18.25 18.1833324432373 18.466667175293 18.5666656494141 18.466667175293 18.6666660308838 18.7999992370605 18.8500003814697 18.7999992370605 18.9166660308838 19 18.8666667938232 18.783332824707 19 18.9500007629395 14.6499996185303 14.7666664123535 14.8166666030884 14.7666664123535 14.7666664123535 14.8000001907349 14.7333335876465 14.6166667938232
