Demos/Rbased/CrashCourse/data/climate_processing/PresentLayers/Shortia_galacifolia/bio_8.asc
NCOLS 523 
NROWS 122 
XLLCORNER -83.2916666667633 
YLLCORNER 34.9749999999364 
CELLSIZE 0.00833333333316142 
NODATA_value -9999 
[rows 0 to 26 of 122, columns 183 to 243 of 523]
-9999 -9999 -9999 -9999 -9999 -9999 -9999 -9999 -9999 -9999 -9999 -9999 -9999 -9999 -9999 -9999 -9999 -9999 -9999 -9999 -9999 -9999 -9999 -9999 -9999 -9999 -9999 -9999 -9999 -9999 -9999 -9999 -9999 -9999 -9999 -9999 -9999 -9999 -9999 -9999 -9999 -9999 -9999 -9999 -9999 -9999 -9999 -9999 -9999 -9999 -9999 -9999 -9999 -9999 -9999 -9999 -9999 -9999 -9999 -9999 -9999
-9999 -9999 -9999 -9999 -9999 -9999 -9999 -9999 -9999 -9999 -9999 -9999 -9999 -9999 -9999 -9999 -9999 -9999 -9999 -9999 -9999 -9999 -9999 -9999 -9999 -9999 -9999 -9999 -9999 -9999 -9999 -9999 -9999 -9999 -9999 -9999 -9999 -9999 -9999 -9999 -9999 -9999 -9999 -9999 -9999 -9999 -9999 -9999 -9999 -9999 -9999 -9999 -9999 -9999 -9999 -9999 -9999 -9999 -9999 -9999 -9999
-9999 -9999 -9999 -9999 -9999 -9999 -9999 -9999 -9999 -9999 -9999 -9999 -9999 -9999 -9999 -9999 -9999 -9999 -9999 -9999 -9999 -9999 -9999 -9999 -9999 -9999 -9999 -9999 -9999 -9999 -9999 -9999 -9999 -9999 -9999 -9999 -9999 -9999 -9999 -9999 -9999 -9999 -9999 -9999 -9999 -9999 -9999 -9999 -9999 -9999 -9999 -9999 -9999 -9999 -9999 -9999 -9999 -9999 -9999 -9999 -9999
-9999 -9999 -9999 -9999 -9999 -9999 -9999 -9999 -9999 -9999 -9999 -9999 -9999 -9999 -9999 -9999 -9999 -9999 -9999 -9999 -9999 -9999 -9999 -9999 -9999 -9999 -9999 -9999 -9999 -9999 -9999 -9999 -9999 -9999 -9999 -9999 -9999 -9999 -9999 -9999 -9999 -9999 -9999 -9999 -9999 -9999 -9999 -9999 -9999 -9999 -9999 -9999 -9999 -9999 -9999 -9999 -9999 -9999 -9999 -9999 -9999
-9999 -9999 -9999 -9999 -9999 -9999 -9999 -9999 -9999 -9999 -9999 -9999 -9999 -9999 -9999 -9999 -9999 -9999 -9999 -9999 -9999 -9999 -9999 -9999 -9999 -9999 -9999 -9999 -9999 -9999 -9999 -9999 -9999 -9999 -9999 -9999 -9999 -9999 -9999 -9999 -9999 -9999 -9999 -9999 -9999 -9999 -9999 -9999 -9999 -9999 -9999 -9999 -9999 -9999 -9999 -9999 -9999 -9999 -9999 -9999 -9999
-9999 -9999 -9999 -9999 -9999 -9999 -9999 -9999 -9999 -9999 -9999 -9999 -9999 -9999 -9999 -9999 -9999 -9999 -9999 -9999 -9999 -9999 -9999 -9999 -9999 -9999 -9999 -9999 -9999 -9999 -9999 -9999 -9999 -9999 -9999 -9999 -9999 -9999 -9999 -9999 -9999 -9999 -9999 -9999 -9999 -9999 -9999 -9999 -9999 -9999 -9999 -9999 -9999 -9999 -9999 -9999 -9999 -9999 -9999 -9999 -9999
-9999 -9999 -9999 -9999 -9999 -9999 -9999 -9999 -9999 -9999 -9999 -9999 -9999 -9999 -9999 -9999 -9999 -9999 -9999 -9999 -9999 -9999 -9999 -9999 -9999 -9999 -9999 -9999 -9999 -9999 -9999 -9999 -9999 -9999 -9999 -9999 -9999 -9999 -9999 -9999 -9999 -9999 -9999 -9999 -9999 -9999 -9999 -9999 -9999 -9999 -9999 -9999 -9999 -9999 -9999 -9999 -9999 -9999 -9999 -9999 -9999
-9999 -9999 -9999 -9999 -9999 -9999 -9999 -9999 -9999 -9999 -9999 -9999 -9999 -9999 -9999 -9999 -9999 -9999 -9999 -9999 -9999 -9999 -9999 -9999 -9999 -9999 -9999 -9999 -9999 -9999 -9999 -9999 -9999 -9999 -9999 -9999 -9999 -9999 -9999 -9999 -9999 -9999 -9999 -9999 -9999 -9999 -9999 -9999 -9999 -9999 -9999 -9999 -9999 -9999 -9999 -9999 -9999 -9999 -9999 -9999 -9999
-9999 -9999 -9999 -9999 -9999 -9999 -9999 -9999 -9999 -9999 -9999 -9999 -9999 -9999 -9999 -9999 -9999 -9999 -9999 -9999 -9999 -9999 -9999 -9999 -9999 -9999 -9999 -9999 -9999 -9999 -9999 -9999 -9999 -9999 -9999 -9999 -9999 -9999 -9999 -9999 -9999 -9999 -9999 -9999 -9999 -9999 -9999 -9999 -9999 -9999 -9999 -9999 -9999 -9999 -9999 -9999 -9999 -9999 -9999 -9999 -9999
-9999 -9999 -9999 -9999 -9999 -9999 -9999 -9999 -9999 -9999 -9999 -9999 -9999 -9999 -9999 -9999 -9999 -9999 -9999 -9999 -9999 -9999 -9999 -9999 -9999 -9999 -9999 -9999 -9999 -9999 -9999 -9999 -9999 -9999 -9999 -9999 -9999 -9999 -9999 -9999 -9999 -9999 -9999 -9999 -9999 -9999 -9999 -9999 -9999 -9999 -9999 -9999 -9999 -9999 -9999 -9999 -9999 -9999 -9999 -9999 -9999
-9999 -9999 -9999 -9999 -9999 -9999 -9999 -9999 -9999 -9999 -9999 -9999 -9999 -9999 -9999 -9999 -9999 -9999 -9999 -9999 -9999 -9999 -9999 -9999 -9999 -9999 -9999 -9999 -9999 -9999 -9999 -9999 -9999 -9999 -9999 -9999 -9999 -9999 -9999 -9999 -9999 -9999 -9999 -9999 -9999 -9999 -9999 -9999 -9999 -9999 -9999 -9999 21.3500003814697 21.2666664123535 21.4166660308838 21.5 21.4166660308838 21.4166660308838 21.4166660308838 20.9333324432373 21
-9999 -9999 -9999 -9999 -9999 -9999 -9999 -9999 -9999 -9999 -9999 -9999 -9999 -9999 -9999 -9999 -9999 -9999 -9999 -9999 -9999 -9999 -9999 -9999 -9999 -9999 -9999 -9999 -9999 -9999 -9999 -9999 -9999 -9999 -9999 -9999 -9999 -9999 -9999 -9999 -9999 -9999 21.4166660308838 21.1833324432373 21.2333335876465 21.3666667938232 21.3666667938232 21.2333335876465 21.0833339691162 21.033332824707 21.3333339691162 21.3833332061768 21.4500007629395 21.5166664123535 21.5666656494141 21.5833339691162 21.5 21.5166664123535 21.3666667938232 20.8999996185303 20.8999996185303
-9999 -9999 -9999 -9999 -9999 -9999 -9999 -9999 -9999 -9999 -9999 -9999 -9999 -9999 -9999 -9999 -9999 -9999 -9999 -9999 -9999 -9999 -9999 -9999 -9999 -9999 -9999 -9999 -9999 -9999 -9999 21.5166664123535 21.4333343505859 21.4500007629395 21.3333339691162 21.2666664123535 21.1333332061768 21.2666664123535 21.2999992370605 21.3500003814697 21.3666667938232 21.3166656494141 21.3333339691162 21.4833335876465 21.4333343505859 21.4833335876465 21.466667175293 21.3999996185303 21.3833332061768 21.3166656494141 21.4833335876465 21.5666656494141 21.5833339691162 21.6499996185303 21.6166667938232 21.6833324432373 21.6666660308838 21.6166667938232 21.5166664123535 21.0500011444092 20.9833335876465
-9999 -9999 -9999 -9999 -9999 -9999 -9999 -9999 -9999 -9999 -9999 -9999 -9999 -9999 -9999 -9999 -9999 -9999 -9999 -9999 -9999 -9999 21.783332824707 21.7333335876465 21.7333335876465 21.7000007629395 21.6166667938232 21.533332824707 21.5166664123535 21.6499996185303 21.6833324432373 21.533332824707 21.6666660308838 21.6000003814697 21.5499992370605 21.3666667938232 21.1333332061768 20.9833335876465 21.0666675567627 21.283332824707 21.3999996185303 21.466667175293 21.5 21.5833339691162 21.5833339691162 21.5833339691162 21.5833339691162 21.5833339691162 21.5833339691162 21.5166664123535 21.4500007629395 21.5166664123535 21.5499992370605 21.6000003814697 21.7000007629395 21.7000007629395 21.7666664123535 21.6833343505859 21.5 21.1666660308838 20.8999996185303
-9999 -9999 -9999 -9999 -9999 -9999 -9999 -9999 -9999 -9999 -9999 -9999 21.3833332061768 21.4833335876465 21.533332824707 21.4499988555908 21.5833339691162 21.6333332061768 21.5833339691162 21.6833343505859 21.7666664123535 21.7666664123535 21.716667175293 21.6333332061768 21.5833339691162 21.5166664123535 21.4833335876465 21.5666656494141 21.6499996185303 21.6833324432373 21.75 21.8166656494141 21.7999992370605 21.7333335876465 21.6333332061768 21.4833335876465 21.3833332061768 21.0666675567627 21.2333335876465 21.466667175293 21.5500011444092 21.3666667938232 21.3999996185303 21.5666675567627 21.6666660308838 21.6666660308838 21.6666660308838 21.6666660308838 21.6000003814697 21.533332824707 21.6000003814697 21.5666675567627 21.5166664123535 21.6333332061768 21.7000007629395 21.75 21.7999992370605 21.716667175293 21.6333332061768 21.5166664123535 21.2666664123535
-9999 -9999 -9999 21.4333343505859 21.5166664123535 21.3500003814697 21.3333339691162 21.3666667938232 21.3000011444092 21.4166660308838 21.3833332061768 21.3833332061768 21.3833332061768 21.3666667938232 21.4833335876465 21.6499996185303 21.6499996185303 21.6666660308838 21.6833343505859 21.6833343505859 21.7999992370605 21.783332824707 21.716667175293 21.6499996185303 21.5499992370605 21.4500007629395 21.4166660308838 21.5833339691162 21.6666660308838 21.7333335876465 21.7999992370605 21.8333339691162 21.8500003814697 21.783332824707 21.75 21.6833343505859 21.6166667938232 21.5666675567627 21.6000003814697 21.6833343505859 21.6000003814697 21.6000003814697 21.5666675567627 21.5666675567627 21.5666675567627 21.6333332061768 21.7000007629395 21.75 21.7000007629395 21.7000007629395 21.6666660308838 21.5666675567627 21.6333332061768 21.716667175293 21.716667175293 21.7333335876465 21.7666664123535 21.8500003814697 21.7333335876465 21.6666660308838 21.5166664123535
21.466667175293 21.3999996185303 21.3999996185303 21.5 21.5 21.4333343505859 21.4333343505859 21.4333343505859 21.3666667938232 21.3833332061768 21.4500007629395 21.3999996185303 21.4833335876465 21.4833335876465 21.5 21.5666656494141 21.6499996185303 21.6833343505859 21.7000007629395 21.75 21.7999992370605 21.716667175293 21.5833339691162 21.5166664123535 21.5833339691162 21.5499992370605 21.466667175293 21.5 21.6000003814697 21.6666660308838 21.7000007629395 21.783332824707 21.7999992370605 21.8500003814697 21.7999992370605 21.783332824707 21.7666664123535 21.716667175293 21.783332824707 21.783332824707 21.7000007629395 21.7000007629395 21.6333332061768 21.6333332061768 21.6499996185303 21.7000007629395 21.716667175293 21.7999992370605 21.7999992370605 21.7333335876465 21.6499996185303 21.6833324432373 21.7333335876465 21.8166656494141 21.8166656494141 21.8333339691162 21.8500003814697 21.8500003814697 21.8833332061768 21.7666664123535 21.7333335876465
21.466667175293 21.5499992370605 21.4166660308838 21.4333343505859 21.5666656494141 21.5666656494141 21.533332824707 21.5166664123535 21.3833332061768 21.5 21.4500007629395 21.466667175293 21.5499992370605 21.5499992370605 21.5666656494141 21.5833339691162 21.6499996185303 21.7333335876465 21.75 21.783332824707 21.783332824707 21.7666664123535 21.6333332061768 21.5833339691162 21.5833339691162 21.5499992370605 21.533332824707 21.5833339691162 21.6666660308838 21.7333335876465 21.7666664123535 21.7999992370605 21.8166656494141 21.7999992370605 21.783332824707 21.8500003814697 21.8500003814697 21.7999992370605 21.8500003814697 21.8166656494141 21.7999992370605 21.7333335876465 21.6666660308838 21.7333335876465 21.75 21.783332824707 21.7999992370605 21.8666667938232 21.8666667938232 21.8999996185303 21.8833332061768 21.8166656494141 21.8333339691162 21.8999996185303 21.8666667938232 21.8999996185303 21.9333343505859 21.8666667938232 21.9333343505859 21.8333339691162 21.8500003814697
13.5500001907349 21.4500007629395 21.6000003814697 21.4333343505859 21.4166660308838 21.5833339691162 21.6833343505859 21.466667175293 21.466667175293 21.533332824707 21.533332824707 21.6166667938232 21.6000003814697 21.6166667938232 21.5833339691162 21.6499996185303 21.75 21.75 21.75 21.7000007629395 21.6666660308838 21.5833339691162 21.5166664123535 21.5833339691162 21.5833339691162 21.6000003814697 21.5499992370605 21.5666656494141 21.6666660308838 21.6833343505859 21.75 21.8333339691162 21.8666667938232 21.8833332061768 21.8833332061768 21.8833332061768 21.8666667938232 21.8833332061768 21.8666667938232 21.8333339691162 21.8999996185303 21.8333339691162 21.716667175293 21.75 21.75 21.75 21.783332824707 21.8500003814697 21.8999996185303 21.966667175293 22 21.9166660308838 21.9333343505859 21.9833335876465 21.9166660308838 21.9333343505859 21.9500007629395 22.0166664123535 21.9333343505859 21.9166660308838 21.9333343505859
21.6000003814697 21.5 21.4500007629395 21.5833339691162 21.6000003814697 21.533332824707 21.6333332061768 21.5833339691162 21.533332824707 21.466667175293 21.6166667938232 21.6166667938232 21.6333332061768 21.7000007629395 21.6499996185303 21.7333335876465 21.75 21.6833343505859 21.6166667938232 21.533332824707 21.5 21.5666656494141 21.533332824707 21.6000003814697 21.5833339691162 21.5499992370605 21.4833335876465 21.4166660308838 21.5166664123535 21.6166667938232 21.7000007629395 21.7666664123535 21.7999992370605 21.8666667938232 21.8333339691162 21.8999996185303 21.9166660308838 21.8833332061768 21.9166660308838 21.9333343505859 21.9833335876465 21.9333343505859 21.8500003814697 21.8500003814697 21.8500003814697 21.8166675567627 21.8500003814697 21.8999996185303 21.8999996185303 21.9500007629395 22.0499992370605 22.0166664123535 22.0166664123535 22.0166664123535 21.9500007629395 21.9500007629395 22 21.966667175293 22.033332824707 22.033332824707 22.0499992370605
21.533332824707 21.533332824707 21.6333332061768 21.7000007629395 21.6333332061768 21.533332824707 21.6833343505859 21.7000007629395 21.6333332061768 21.6000003814697 21.533332824707 21.5833339691162 21.6499996185303 21.7333335876465 21.7333335876465 21.75 21.6666660308838 21.5499992370605 21.533332824707 21.5 21.5499992370605 21.6166667938232 21.6333332061768 21.6000003814697 21.5833339691162 21.6166667938232 21.6333332061768 21.6166667938232 21.6666660308838 21.7000007629395 21.783332824707 21.8666667938232 21.8999996185303 21.9166660308838 21.8999996185303 21.9166660308838 22 22.0166664123535 22.033332824707 22.033332824707 22.033332824707 22.033332824707 21.9500007629395 21.9500007629395 21.9500007629395 21.9500007629395 21.8833332061768 21.9333343505859 22 22.0166664123535 22.1000003814697 22.1000003814697 22.1000003814697 22.0833339691162 22 21.9333343505859 21.9833335876465 21.9333343505859 21.9833335876465 22.0499992370605 22.1666679382324
21.466667175293 21.5666656494141 21.6333332061768 21.6833343505859 21.6833343505859 21.5499992370605 21.6833343505859 21.783332824707 21.783332824707 21.6833343505859 21.6499996185303 21.7000007629395 21.7333335876465 21.783332824707 21.7333335876465 21.75 21.6333332061768 21.6166667938232 21.6166667938232 21.5833320617676 21.6499996185303 21.6000003814697 21.5833339691162 21.5833339691162 21.6166667938232 21.6499996185303 21.7000007629395 21.6499996185303 21.7333335876465 21.7666664123535 21.783332824707 21.8999996185303 21.9500007629395 21.8999996185303 21.8999996185303 21.9166660308838 21.9333343505859 21.9333343505859 21.9333343505859 21.9500007629395 21.9500007629395 22.033332824707 21.9500007629395 21.9500007629395 21.966667175293 22.033332824707 21.9833335876465 22 22.0499992370605 22.1166667938232 22.1166667938232 22.2000007629395 22.1833343505859 22.1166667938232 22.0499992370605 22.0166664123535 22.0166664123535 22.033332824707 22.0833339691162 22.1166667938232 22.1333332061768
21.533332824707 21.6166667938232 21.5499992370605 21.5666656494141 21.7000007629395 21.783332824707 21.6499996185303 21.7333335876465 21.8666667938232 21.8166656494141 21.7333335876465 21.7333335876465 21.75 21.7999992370605 21.716667175293 21.6166667938232 21.6166667938232 21.6833343505859 21.6333332061768 21.7333335876465 21.716667175293 21.5833339691162 21.5833339691162 21.6833324432373 21.75 21.7333335876465 21.783332824707 21.7333335876465 21.75 21.8333339691162 21.8500003814697 21.9333343505859 21.8999996185303 21.8833332061768 21.8833332061768 21.9833335876465 21.9500007629395 21.9333343505859 21.8833332061768 21.9333343505859 21.9500007629395 22.0166664123535 22.033332824707 21.9833335876465 21.9833335876465 22.1166667938232 22.1000003814697 22.1333332061768 22.1333332061768 22.1666660308838 22.216667175293 22.283332824707 22.2333335876465 22.2333335876465 22.3166656494141 22.2666664123535 22.2000007629395 22.2666664123535 22.25 22.2333335876465 22.216667175293
13.5500001907349 13.5999994277954 13.5999994277954 21.5666656494141 21.75 21.8833332061768 21.8166656494141 21.75 21.7999992370605 21.9166660308838 21.9166660308838 21.8166675567627 21.7333335876465 21.8000011444092 21.783332824707 21.6833343505859 21.6833343505859 21.783332824707 21.716667175293 21.783332824707 21.6666660308838 21.6666660308838 21.6333332061768 21.6833324432373 21.7666664123535 21.8333339691162 21.783332824707 21.783332824707 21.7333335876465 21.8333339691162 21.8500003814697 21.9333343505859 21.8833332061768 21.8833332061768 21.8333339691162 21.8999996185303 21.9833335876465 21.966667175293 21.9333343505859 21.8833332061768 21.8833332061768 21.9500007629395 22.033332824707 22.0499992370605 22.0499992370605 22.1333332061768 22.216667175293 22.2333335876465 22.2333335876465 22.2999992370605 22.3333339691162 22.3666667938232 22.3666667938232 22.3833332061768 22.3333339691162 22.3333339691162 22.283332824707 22.216667175293 22.2333335876465 22.216667175293 22.1166667938232
21.4833335876465 13.5999994277954 21.6333332061768 21.7333335876465 21.7333335876465 21.7333335876465 21.8333339691162 21.9833335876465 21.8666667938232 21.9166660308838 21.9333343505859 21.9333343505859 21.8999996185303 21.8166675567627 21.8333339691162 21.8333339691162 21.8500003814697 21.8666667938232 21.8166675567627 21.8833332061768 21.8000011444092 21.8166675567627 21.783332824707 21.7666664123535 21.783332824707 21.783332824707 21.783332824707 21.7333335876465 21.7666664123535 21.8333339691162 21.8333339691162 21.8500003814697 21.9333343505859 21.9500007629395 21.9500007629395 21.9833335876465 22.0166664123535 22.0499992370605 22.0499992370605 22 21.9500007629395 21.9833335876465 22.033332824707 22.0833339691162 22.1333332061768 22.1499996185303 22.2333335876465 22.2999992370605 22.3333339691162 22.3666667938232 22.3333339691162 22.3333339691162 22.3833332061768 22.3666667938232 22.3333320617676 22.3166656494141 22.216667175293 22.283332824707 22.1999988555908 22.1666660308838 22.1166667938232
13.5999994277954 13.5833330154419 21.6166667938232 13.7666664123535 21.7333335876465 21.7999992370605 21.8999996185303 22 22.0166664123535 21.9500007629395 21.9166660308838 21.9333343505859 22 21.9166660308838 21.9333343505859 21.8666667938232 21.7666664123535 21.783332824707 21.8166675567627 21.8333339691162 21.8333339691162 21.8333339691162 21.8833332061768 21.8500003814697 21.9333324432373 21.9333324432373 21.9333324432373 21.8999996185303 21.8999996185303 21.8999996185303 21.8999996185303 21.9333343505859 21.9333343505859 21.9500007629395 21.9500007629395 21.9833335876465 21.966667175293 22 22.0166664123535 21.9833335876465 22 22.033332824707 21.9833335876465 22 22.0166664123535 22.0833339691162 22.216667175293 22.25 22.2999992370605 22.4333343505859 22.3500003814697 22.3833332061768 22.3500003814697 22.4166660308838 22.3999996185303 22.3500003814697 22.25 22.283332824707 22.2666664123535 22.1833324432373 22.1333332061768
13.6833333969116 21.5833339691162 21.6666660308838 21.7999992370605 21.8333339691162 21.9166660308838 21.966667175293 22 22.0833339691162 22.0666656494141 22.1000003814697 21.9833335876465 22 21.8666667938232 21.75 21.783332824707 21.75 21.7333335876465 21.7333335876465 21.8166675567627 21.8333339691162 21.8333339691162 21.783332824707 21.783332824707 21.8666667938232 21.8333339691162 21.8833332061768 21.8833332061768 21.7666664123535 21.7666664123535 21.7666664123535 21.8666667938232 21.783332824707 21.8833332061768 21.8500003814697 21.8500003814697 21.8999996185303 21.9333343505859 22 22.0666656494141 22.1000003814697 22.1333332061768 22.1333332061768 22.0666675567627 22.1000003814697 22.1499996185303 22.216667175293 22.3166656494141 22.3999996185303 22.4833335876465 22.4333343505859 22.3999996185303 22.3833332061768 22.466667175293 22.4166660308838 22.3666667938232 22.2999992370605 22.3500003814697 22.25 22.2333335876465 22.1499996185303
