Demos/Rbased/CrashCourse/data/climate_processing/PresentLayers/Shortia_galacifolia/bio_3.asc
NCOLS 212 
NROWS 170 
XLLCORNER -83.691666666421 
YLLCORNER 34.5083333333333 
CELLSIZE 0.00833333333316012 
NODATA_value -9999 
[rows 147 to 167 of 170, columns 0 to 46 of 212]
-9999 40.7921829223633 40.6923065185547 40.843620300293 40.7150230407715 40.6832275390625 40.812629699707 40.838508605957 40.78125 40.8854141235352 40.8568458557129 40.74658203125 40.641429901123 40.7523498535156 40.7580451965332 40.7320861816406 40.7580451965332 40.6801643371582 40.706127166748 40.6055908203125 40.6346740722656 40.6055870056152 40.8045997619629 40.6282424926758 40.6801643371582 40.6282424926758 40.625 40.6770820617676 40.6542053222656 40.5538330078125 40.6282424926758 40.5763244628906 40.5763244628906 40.5279502868652 40.5763244628906 40.4724807739258 40.450309753418 40.4465217590332 40.5729179382324 40.3209114074707 40.4282760620117 40.3846168518066 40.3508758544922 40.3806610107422 40.3333320617676 40.2218780517578 40.2864570617676
-9999 40.6893005371094 40.6923065185547 40.6862754821777 40.6801681518555 40.78125 40.6573486328125 40.760871887207 40.6801643371582 40.7552070617676 40.6739807128906 40.7202949523926 40.6708602905273 40.7001037597656 40.625 40.7552070617676 40.6314697265625 40.6314697265625 40.6055908203125 40.6573524475098 40.6055908203125 40.6055908203125 40.6022834777832 40.6282424926758 40.5538291931152 40.5763244628906 40.4761924743652 40.625 40.4761924743652 40.5279502868652 40.5020713806152 40.450309753418 40.4984436035156 40.450309753418 40.450309753418 40.4205627441406 40.4205627441406 40.3945999145508 40.3945999145508 40.4427070617676 40.3467903137207 40.3333358764648 40.4320983886719 40.3076934814453 40.2476768493652 40.2128753662109 40.1609535217285
-9999 40.6893005371094 40.6153831481934 40.7120742797852 40.6088752746582 40.6573486328125 40.6573486328125 40.625 40.6770820617676 40.7001037597656 40.6217346191406 40.5922431945801 40.6478576660156 40.6708602905273 40.6217346191406 40.5729179382324 40.6282424926758 40.5797119140625 40.5830764770508 40.6088752746582 40.5538291931152 40.4024772644043 40.5020713806152 40.4761924743652 40.5538291931152 40.450309753418 40.4761924743652 40.450309753418 40.4761924743652 40.4465217590332 40.4205627441406 40.424430847168 40.372673034668 40.3209114074707 40.2992782592773 40.3985481262207 40.3209075927734 40.2218780517578 40.2907562255859 40.3426818847656 40.2564125061035 40.2351760864258 40.3806610107422 40.3333320617676 40.2820510864258 40.2777786254883 40.170280456543
-9999 40.6055908203125 40.6088752746582 40.6346740722656 40.5830764770508 40.5830764770508 40.6542053222656 40.5503616333008 40.6478576660156 40.5172424316406 40.6217346191406 40.5433654785156 40.5244026184082 40.625 40.5503616333008 40.5538291931152 40.5503616333008 40.5020713806152 40.5056762695312 40.5314750671387 40.4540748596191 40.4540786743164 40.5056762695312 40.450309753418 40.4024772644043 40.4761924743652 40.450309753418 40.4761924743652 40.398551940918 40.3467903137207 40.3467903137207 40.2691535949707 40.3209114074707 40.3426818847656 40.2907600402832 40.2907600402832 40.2388381958008 40.2432708740234 40.2520561218262 40.2051277160645 40.2734756469727 40.2128753662109 40.1822929382324 40.1186790466309 40.2051277160645 40.2307662963867 40.307689666748
-9999 40.6282424926758 40.5056762695312 40.6862754821777 40.5830764770508 40.5056762695312 40.5538330078125 40.5244026184082 40.4465217590332 40.5503616333008 40.4465217590332 40.4465217590332 40.450309753418 40.424430847168 40.450309753418 40.450309753418 40.4540786743164 40.4024772644043 40.4798774719238 40.3806571960449 40.4578170776367 40.4320983886719 40.3034973144531 40.4024772644043 40.3508758544922 40.3508796691895 40.3250770568848 40.3467903137207 40.3467903137207 40.3467903137207 40.2173919677734 40.2907600402832 40.2128753662109 40.390625 40.2647972106934 40.2604179382324 40.1397514343262 40.0720176696777 40.0769233703613 40.1656303405762 40.0621109008789 40.1041679382324 40.1041641235352 40.1138687133789 40.1138687133789 40.2218780517578 40.2351722717285
-9999 40.4984397888184 40.5020713806152 40.4798774719238 40.4540786743164 40.4282760620117 40.4761924743652 40.4761924743652 40.450309753418 40.450309753418 40.46875 40.4427070617676 40.424430847168 40.3766784667969 40.3250770568848 40.3508758544922 40.3508758544922 40.4024772644043 40.4024772644043 40.4282760620117 40.4320983886719 40.329216003418 40.3549385070801 40.3766784667969 40.3508758544922 40.2520599365234 40.2992782592773 40.2173919677734 40.1186790466309 40.1915130615234 40.2128753662109 40.1609573364258 40.1609573364258 40.2128791809082 40.0879898071289 40.067081451416 40.0879898071289 40.0621109008789 40.234375 40.1253929138184 40.0992698669434 40.0830726623535 40.0520820617676 40.0830726623535 40.0571136474609 40.0311546325684 40.0205764770508
40.5989570617676 40.450309753418 40.424430847168 40.4024772644043 40.3806571960449 40.4024772644043 40.4282760620117 40.3766784667969 40.4024772644043 40.398551940918 40.3645820617676 40.3385429382324 40.4205627441406 40.3250770568848 40.3250770568848 40.3508758544922 40.3508758544922 40.3508758544922 40.2734794616699 40.2992782592773 40.2992782592773 40.2520561218262 40.2992782592773 40.2476768493652 40.1491775512695 40.2218780517578 40.170280456543 40.2173919677734 40.1397514343262 40.1915130615234 40.1138725280762 40.1397514343262 40.1090354919434 40.1138725280762 40.0154800415039 40.0571136474609 40.1041679382324 39.9532699584961 40.1515159606934 40.0470237731934 40.0943412780762 40.0051918029785 39.912281036377 39.9844703674316 39.9532699584961 39.9792327880859 40.0720176696777
40.4205627441406 40.424430847168 40.3250770568848 40.3250770568848 40.3766784667969 40.3766784667969 40.3508758544922 40.424430847168 40.372673034668 40.2647972106934 40.2432708740234 40.2647972106934 40.2691535949707 40.3467903137207 40.2476768493652 40.1748962402344 40.3508758544922 40.2263374328613 40.1234550476074 40.2476768493652 40.2476768493652 40.1491775512695 40.1491775512695 40.1491775512695 40.0720176696777 40.1702766418457 40.1186790466309 40.1397514343262 40.0879936218262 40.1397514343262 40.0362319946289 39.9896812438965 40.0103530883789 40.0621109008789 40.0571136474609 40.1302070617676 40.0260429382324 40.0209007263184 40.0209007263184 40 39.9479141235352 39.9792327880859 39.9068298339844 40.0154800415039 39.8550720214844 39.8864822387695 40.067081451416
40.4205627441406 40.3209114074707 40.372673034668 40.5020713806152 40.476188659668 40.3250770568848 40.2734756469727 40.3250770568848 40.3209114074707 40.2950325012207 40.2173919677734 40.1915130615234 40.2173919677734 40.2432708740234 40.1960792541504 40.2476768493652 40.2218780517578 40.170280456543 40.1702766418457 40.1702766418457 40.1491775512695 40.0720176696777 40.1491775512695 40.1444778442383 39.943416595459 40.0928802490234 40.0412788391113 40.0879898071289 40.0879936218262 40.0362319946289 39.9844703674316 40.0879936218262 40.0051918029785 39.9068336486816 40 39.9479179382324 39.9686546325684 40 39.9425277709961 39.84375 39.921875 39.8958320617676 39.9739570617676 40.0621109008789 40.0512809753418 40.0205764770508 39.8974342346191
-9999 40.372673034668 40.372673034668 40.3467903137207 40.2992782592773 40.2734756469727 40.2520561218262 40.2734756469727 40.2691535949707 40.1186790466309 40.1656341552734 40.0928802490234 40.0928802490234 40.1397514343262 40.1138725280762 40.1444778442383 40.1186790466309 40.0720138549805 40.0977363586426 40.0977363586426 40.0720138549805 40.067081451416 40.0928802490234 40.0879936218262 39.9896812438965 39.9638786315918 40.0362319946289 40.0103530883789 39.9844703674316 39.9585914611816 40.0879936218262 39.9327125549316 39.9792327880859 40 39.9479179382324 39.9479179382324 39.9686546325684 39.9425277709961 39.84375 39.8697929382324 39.921875 39.7975082397461 39.7774314880371 39.9176940917969 39.9230766296387 39.953987121582 39.979549407959
-9999 40.2691535949707 40.3209114074707 40.3250770568848 40.3250770568848 40.2006149291992 40.1960792541504 40.067081451416 40.0412788391113 40.0412788391113 40.067081451416 40.2173919677734 40.1656303405762 40.0412788391113 40.0154800415039 39.9896812438965 40.0879936218262 40.0670776367188 39.9948539733887 39.9691352844238 39.9896812438965 40.0154800415039 40.0362319946289 39.912281036377 39.9327125549316 39.9585914611816 39.9327125549316 39.9327125549316 39.9585914611816 39.9068336486816 39.9532737731934 39.8494300842285 39.9739570617676 39.8958320617676 39.921875 39.8697929382324 39.8902816772461 39.9425277709961 39.8177070617676 39.8177070617676 39.84375 39.7715492248535 39.8405380249023 39.8461532592773 39.8205108642578 39.7948722839355 39.7239265441895
-9999 40.2647972106934 40.1915130615234 40.2173919677734 40.1960792541504 40.1960754394531 40.1491775512695 40.0670776367188 40.1397514343262 40.0154800415039 40.0154800415039 40.0154800415039 40.0154800415039 40.0154800415039 39.9327125549316 40.0621109008789 39.9638786315918 39.912281036377 39.8662528991699 39.912281036377 39.8606796264648 39.9327125549316 39.8606796264648 39.9585914611816 39.8809547424316 39.9532699584961 39.9532699584961 39.9068336486816 39.8550720214844 39.7774314880371 39.9532699584961 39.9532699584961 39.8958358764648 39.8177070617676 39.9164085388184 39.7916679382324 39.8177070617676 39.84375 39.765625 39.8177070617676 39.7715492248535 39.6800842285156 39.7633743286133 39.7256736755371 39.6862144470215 39.7119331359863 39.6923065185547
-9999 40.1656341552734 40.1869163513184 40.1397514343262 40.1656303405762 40.1186790466309 40.1444778442383 40.1138725280762 40.0103530883789 39.9585914611816 39.9896812438965 40.0154800415039 39.9896812438965 39.912281036377 39.8864822387695 39.912281036377 39.912281036377 39.9896774291992 39.8348808288574 39.9327125549316 39.9585914611816 39.7832832336426 39.7832832336426 39.8291931152344 39.8550720214844 39.8033103942871 39.7774314880371 39.7715492248535 39.7975082397461 39.7975082397461 39.8177108764648 39.8177108764648 39.8177108764648 39.8119125366211 39.6875 39.6875 39.8380355834961 39.609375 39.7916679382324 39.6480331420898 39.7574844360352 39.7890930175781 39.8405342102051 39.7119331359863 39.6090545654297 39.5576133728027 39.6666679382324
-9999 40.0621147155762 40.1349945068359 40.1090354919434 40.1397514343262 40.1397514343262 40.0670776367188 40.0621109008789 40.0362319946289 39.9327125549316 39.9638786315918 39.9844703674316 39.8606796264648 39.912281036377 39.8148155212402 39.912281036377 39.9327125549316 39.7574806213379 39.7316818237305 39.705883026123 39.6604919433594 39.8348808288574 39.7256736755371 39.7515525817871 39.7515525817871 39.7256736755371 39.7975082397461 39.8234672546387 39.7196273803711 39.7196273803711 39.6875 39.6614608764648 39.8846969604492 39.7798728942871 39.806079864502 39.6812973022461 39.8119125366211 39.7596626281738 39.6221542358398 39.6157836914062 39.7515525817871 39.7316818237305 39.6284828186035 39.5833320617676 39.4994850158691 39.5061721801758 39.4358978271484
-9999 -9999 40.0621109008789 40.0362319946289 40.1138725280762 40.0670776367188 40.0928764343262 39.9844703674316 40.0830726623535 39.9068336486816 39.9792327880859 39.8809509277344 39.8864784240723 40.0103492736816 39.7574806213379 39.8606796264648 39.7119331359863 39.7574806213379 39.6542816162109 39.6800804138184 39.705883026123 39.6284828186035 39.705883026123 39.8033142089844 39.8033142089844 39.6480331420898 39.7715492248535 39.6480331420898 39.6936645507812 39.6354179382324 39.7335433959961 39.806079864502 39.7798767089844 39.7536697387695 39.7074165344238 39.7074165344238 39.765625 39.7916679382324 39.6812973022461 39.5898246765137 39.6221542358398 39.5703926086426 39.5962753295898 39.447883605957 39.447883605957 39.4032936096191 39.3589744567871
-9999 -9999 40.0621109008789 40.0103530883789 39.9844703674316 40.0362319946289 39.9896774291992 39.9380798339844 39.8809509277344 39.8753890991211 39.8550720214844 40.0103492736816 39.8550720214844 39.8753890991211 39.8753890991211 39.7316818237305 39.8291931152344 39.705883026123 39.6542816162109 39.6997909545898 39.6739120483398 39.6026840209961 39.6739120483398 39.6997947692871 39.5962715148926 39.7196273803711 39.7196273803711 39.7916679382324 39.7857894897461 39.6812973022461 39.7335433959961 39.6290512084961 39.727466583252 39.7074165344238 39.7074165344238 39.7074165344238 39.6875 39.7135429382324 39.6936645507812 39.6026840209961 39.551082611084 39.5445137023926 39.4927520751953 39.4547348022461 39.4804534912109 39.3076934814453 39.3333320617676
-9999 -9999 -9999 40.0103530883789 39.9844703674316 39.9327125549316 39.9327125549316 39.9585914611816 40.0051918029785 39.8753890991211 39.8550720214844 39.8809509277344 39.9013481140137 39.7196273803711 39.8177070617676 39.6936645507812 39.6026840209961 39.6221542358398 39.5962715148926 39.5703926086426 39.5962715148926 39.5445137023926 39.5445137023926 39.5703926086426 39.5962715148926 39.4927520751953 39.6417427062988 39.609375 39.7012596130371 39.6290512084961 39.7074203491211 39.6290473937988 39.6029243469238 39.6551704406738 39.7335433959961 39.6029243469238 39.6290512084961 39.5572929382324 39.5898208618164 39.7515525817871 39.5768852233887 39.5252838134766 39.5768852233887 39.4032936096191 39.4032936096191 39.377571105957 39.3333320617676
-9999 -9999 -9999 -9999 40.0051918029785 39.9532699584961 39.8494300842285 39.7515525817871 39.8033103942871 39.8809509277344 39.8550720214844 39.8753890991211 39.7196273803711 39.5898246765137 39.6614608764648 39.6157836914062 39.5186347961426 39.5119400024414 39.4668731689453 39.4927520751953 39.4409942626953 39.4409942626953 39.4668731689453 39.5379028320312 39.4859809875488 39.4859809875488 39.5833320617676 39.5768051147461 39.7274627685547 39.6812934875488 39.7074165344238 39.7274627685547 39.7074203491211 39.6750526428223 39.7074203491211 39.6029243469238 39.7012596130371 39.53125 39.7515525817871 39.6347732543945 39.6026840209961 39.551082611084 39.5318908691406 39.4547309875488 39.4032936096191 39.3846130371094 39.4102554321289
-9999 -9999 -9999 -9999 -9999 39.8234672546387 39.7975082397461 39.8753890991211 39.9068336486816 39.7774314880371 39.8177070617676 39.6417465209961 39.6677055358887 39.5379028320312 39.5638618469238 39.6157836914062 39.4081001281738 39.4859809875488 39.415111541748 39.4859809875488 39.415111541748 39.4340591430664 39.382137298584 39.382137298584 39.453125 39.6290473937988 39.5768051147461 39.596435546875 39.6226425170898 39.596435546875 39.6029243469238 39.609375 39.6488456726074 39.5768013000488 39.5768013000488 39.5768013000488 39.6290512084961 39.6739120483398 39.7316818237305 39.6347732543945 39.6739158630371 39.5833320617676 39.5833320617676 39.5061721801758 39.4032936096191 39.3076934814453 39.4871788024902
-9999 -9999 -9999 -9999 -9999 -9999 39.7975082397461 39.8291931152344 39.9273109436035 39.7455863952637 39.7135429382324 39.6354179382324 39.5638618469238 39.6354179382324 39.5898246765137 39.4859809875488 39.4340591430664 39.460018157959 39.453125 39.382137298584 39.2598342895508 39.2857131958008 39.4270820617676 39.4010429382324 39.3939399719238 39.4984321594238 39.4200630187988 39.5440254211426 39.5245552062988 39.6290512084961 39.5833358764648 39.5768013000488 39.5506782531738 39.596435546875 39.5245552062988 39.7213439941406 39.6226425170898 39.53125 39.6542816162109 39.80908203125 39.6347732543945 39.5641021728516 39.4871788024902 39.5576133728027 39.4358978271484 39.2820510864258 39.4102554321289
-9999 -9999 -9999 -9999 -9999 -9999 -9999 39.8234672546387 39.765625 39.7335433959961 39.6354179382324 39.6354179382324 39.5833320617676 39.5898246765137 39.460018157959 39.53125 39.4791641235352 39.304256439209 39.304256439209 39.296875 39.2523384094238 39.226375579834 39.2708320617676 39.3155708312988 39.4129981994629 39.386791229248 39.4916152954102 39.5178184509277 39.4129981994629 39.4654083251953 39.6157836914062 39.53125 39.6551742553711 39.6226425170898 39.5440254211426 39.5245590209961 39.6029281616211 39.6161918640137 39.5052070617676 39.5252838134766 39.5576133728027 39.538459777832 39.5641021728516 39.6090545654297 39.5833320617676 39.5449905395508 39.4871788024902
