Demos/Rbased/CrashCourse/data/climate_processing/PresentLayers/Shortia_galacifolia/bio_18.asc
NCOLS 603 
NROWS 190 
XLLCORNER -83.7416666666667 
YLLCORNER 34.6416666666666 
CELLSIZE 0.00833333333333332 
NODATA_value -9999 
[rows 80 to 119 of 190, columns 273 to 363 of 603]
329 330 329 328 327 328 327 326 326 328 328 328 325 325 324 324 322 321 322 321 320 320 321 321 320 320 319 319 319 319 319 320 319 320 320 320 319 319 318 317 318 318 318 319 318 317 315 315 315 313 313 313 310 313 310 310 310 310 308 308 308 308 308 308 309 309 309 309 309 308 308 308 308 308 309 309 309 309 309 309 308 308 308 309 309 307 307 307 307 309 309
329 330 327 328 328 327 327 326 326 328 328 326 326 326 324 323 322 322 321 321 320 320 320 322 320 319 318 318 319 319 319 319 318 320 321 321 319 318 318 318 318 318 318 318 315 315 315 314 313 313 313 312 313 312 310 310 310 309 308 308 308 308 308 308 308 309 309 309 308 307 308 308 308 308 309 309 308 308 309 309 307 308 308 309 308 308 307 307 308 310 310
329 327 327 327 329 327 327 326 326 326 326 326 326 324 324 324 322 322 320 322 321 319 320 322 321 318 319 320 318 318 318 318 318 319 319 318 318 318 317 318 318 318 318 315 315 314 314 314 313 313 313 313 313 312 312 310 310 309 309 309 308 308 308 307 307 309 309 307 307 307 307 307 307 309 309 308 308 307 308 308 307 308 308 308 308 308 307 308 309 308 310
330 328 327 327 328 327 326 326 326 326 326 326 325 325 323 323 322 322 321 321 320 319 319 321 321 319 318 318 320 321 319 320 321 320 318 318 318 317 316 318 318 318 317 314 314 314 313 313 313 313 312 312 312 312 311 310 309 309 309 309 308 307 307 307 307 308 308 307 307 307 307 307 307 308 308 308 308 307 307 308 309 308 308 308 308 308 309 308 308 309 310
330 329 328 327 328 328 326 326 326 326 326 326 325 324 324 322 322 322 322 322 321 319 319 321 321 319 318 318 320 320 321 321 321 320 318 318 317 316 318 317 317 316 315 314 314 314 312 312 312 312 311 312 312 312 312 312 309 309 309 309 307 307 307 307 308 308 308 308 307 307 307 307 307 308 308 308 308 307 307 309 309 308 308 308 308 309 309 308 309 310 310
330 328 328 328 327 326 326 326 326 326 325 325 325 325 323 322 322 322 322 322 322 320 318 320 320 318 318 319 319 320 320 321 321 319 319 318 316 316 317 316 317 315 314 314 314 314 312 311 312 312 311 310 312 312 310 311 310 309 309 308 307 307 307 308 308 308 308 308 307 307 307 307 307 308 308 308 308 308 306 309 308 308 308 310 309 309 309 308 310 310 310
331 330 328 328 328 328 327 326 327 326 325 324 324 324 323 323 322 322 322 321 321 321 319 319 320 318 319 320 320 320 321 320 319 319 319 317 316 316 316 316 316 314 314 314 313 312 312 311 313 312 311 310 310 310 309 311 310 309 308 308 307 307 307 308 308 308 308 307 307 306 306 306 308 308 308 308 308 307 306 308 309 307 310 310 310 309 309 308 310 310 310
328 331 329 328 328 328 327 325 327 327 325 324 325 324 323 322 321 321 320 320 320 320 319 319 319 319 319 319 319 320 321 320 319 319 318 316 316 316 314 316 315 314 314 314 313 312 311 311 313 311 310 310 309 310 309 310 309 308 308 308 307 307 307 306 307 307 307 307 307 307 307 306 307 308 308 308 307 307 308 307 308 307 310 310 309 309 309 309 309 310 308
329 329 329 328 327 327 327 327 326 327 327 326 326 324 323 323 323 323 322 322 320 320 319 319 319 319 319 319 319 319 321 320 319 319 319 317 316 315 315 315 315 313 313 313 313 312 310 310 310 310 310 310 308 310 308 308 310 308 308 308 307 306 306 306 307 307 307 307 307 307 307 308 308 307 307 307 307 307 308 307 308 307 308 310 310 310 309 309 309 309 309
329 329 329 329 327 327 327 327 326 327 327 326 326 326 325 323 323 323 323 322 320 320 319 319 319 319 319 319 319 319 321 319 319 319 318 316 316 315 315 313 313 313 313 313 313 313 312 310 310 310 310 309 308 309 308 308 309 308 308 308 307 306 306 306 307 307 307 307 307 307 307 308 308 308 307 307 307 307 308 308 307 309 308 310 309 310 309 309 309 310 309
329 329 329 329 329 328 327 326 325 326 327 326 325 325 324 323 323 323 322 321 322 321 319 319 319 319 319 319 319 319 320 319 319 319 318 318 318 316 315 315 313 312 312 312 313 313 313 311 310 309 310 309 308 309 308 309 308 308 308 307 307 306 306 307 307 307 307 307 307 307 307 308 308 308 307 307 307 307 307 306 306 306 307 308 308 309 311 309 310 310 310
329 329 329 329 329 329 328 327 325 326 326 327 326 325 324 323 324 324 323 322 322 321 321 319 319 319 319 319 320 319 320 319 319 317 318 318 317 315 315 315 315 313 312 313 314 313 313 311 310 309 309 309 309 309 308 308 308 307 307 307 307 306 306 307 307 307 307 306 307 307 306 308 308 307 308 307 307 308 307 307 307 307 307 307 308 309 309 310 310 310 310
329 329 329 329 329 328 328 326 325 325 325 326 327 325 324 324 323 324 324 324 322 321 320 320 319 319 320 320 320 320 319 319 318 317 317 317 316 315 315 314 314 312 311 313 313 311 311 311 310 309 309 309 309 309 307 307 307 307 307 307 307 307 305 306 306 306 306 306 306 306 306 307 306 306 308 308 307 307 307 307 308 308 307 307 307 308 309 310 310 310 309
329 328 329 328 329 328 328 328 326 325 325 326 327 324 324 324 322 323 323 323 323 321 320 320 319 320 320 320 320 320 318 318 318 317 317 316 316 316 315 314 313 311 311 311 311 311 311 311 311 309 309 308 308 308 307 307 307 307 307 306 306 306 305 305 306 306 306 306 306 306 305 306 307 307 307 308 307 307 307 307 308 308 308 309 308 308 308 309 310 310 310
330 328 328 328 329 329 328 328 327 327 324 326 326 326 324 323 322 323 321 322 321 321 321 320 320 320 320 320 320 319 317 317 319 317 316 316 316 316 316 314 314 314 314 312 311 311 311 310 310 309 308 308 308 307 307 308 308 307 307 306 306 306 306 306 306 306 306 306 306 305 306 307 307 307 307 308 307 307 307 308 308 308 308 309 309 308 308 309 309 311 310
329 328 329 329 329 329 328 327 326 326 324 324 324 325 325 324 322 322 322 320 320 320 320 320 320 319 320 320 320 319 316 317 318 316 316 316 316 316 316 314 314 314 314 312 310 310 310 309 309 310 308 308 308 308 308 308 307 307 307 306 304 304 306 307 306 306 306 306 305 305 305 307 307 307 307 308 307 306 307 308 308 308 308 309 309 308 308 309 310 312 312
329 329 329 329 329 329 327 327 326 326 325 324 324 324 324 323 323 323 323 322 321 320 320 320 319 319 319 319 319 318 316 318 316 316 316 316 316 316 315 315 315 315 314 312 310 310 310 308 308 310 308 308 307 308 308 308 306 306 306 306 306 304 305 304 305 306 306 305 305 305 305 306 306 306 307 308 308 306 306 306 307 308 308 308 307 308 309 309 309 311 312
329 329 329 329 329 329 329 329 328 326 325 325 325 323 323 323 323 323 323 322 322 322 321 320 320 319 318 318 317 316 317 317 316 316 316 316 316 315 315 315 315 315 312 312 312 310 310 310 308 308 308 308 306 307 308 307 306 306 306 306 305 304 305 304 305 305 305 305 305 305 305 306 306 306 308 307 306 306 306 307 307 307 307 308 308 308 310 310 309 311 312
329 329 329 329 331 329 329 329 328 326 325 326 325 325 325 325 324 324 324 323 322 322 321 321 319 319 318 317 317 317 316 316 316 316 315 315 315 315 314 315 315 315 313 312 312 310 311 310 309 306 307 307 306 307 307 307 306 305 305 306 305 304 305 305 304 305 305 304 304 304 304 306 306 306 307 307 307 307 306 307 307 307 308 308 309 310 309 310 311 311 312
329 330 330 330 330 329 329 329 328 327 327 327 325 325 325 325 324 324 324 322 322 321 321 320 321 320 320 318 318 317 317 315 315 316 315 315 314 314 314 313 314 314 314 312 311 311 310 310 309 306 306 306 306 307 307 307 305 305 305 305 305 303 305 305 303 303 304 304 305 305 305 305 306 306 307 307 307 307 306 308 308 307 308 309 309 310 309 309 311 311 312
330 330 330 330 330 329 329 328 328 328 328 328 327 326 325 324 324 324 324 323 321 321 321 321 321 321 320 320 320 318 317 317 315 315 314 315 313 313 313 313 313 313 312 312 311 311 309 309 309 308 306 306 305 307 307 307 306 305 305 304 304 304 304 303 303 303 304 304 304 305 306 306 306 306 307 307 307 307 308 308 308 309 309 309 309 309 309 309 310 310 312
330 330 330 330 330 328 328 328 328 328 328 328 326 326 325 324 324 324 324 323 322 322 322 321 322 321 320 320 320 319 317 317 316 314 313 315 313 313 313 313 313 313 311 311 311 311 309 309 309 306 306 305 305 307 307 307 306 303 304 304 304 304 304 304 304 303 304 304 304 304 305 305 306 306 307 307 307 308 308 308 308 309 309 309 310 310 309 309 310 310 310
330 330 330 330 330 329 328 328 328 328 329 328 326 326 326 326 326 325 324 324 324 322 322 322 322 322 321 320 319 318 317 316 316 313 313 313 313 313 313 313 312 312 311 311 311 310 309 309 309 308 308 305 305 307 306 306 306 303 304 304 304 304 304 304 303 303 305 304 305 304 304 305 305 305 307 308 308 309 309 308 308 309 309 309 310 310 310 311 310 310 310
330 330 330 330 330 329 328 328 329 329 328 327 329 326 326 326 326 325 325 325 325 324 322 322 322 322 325 321 319 318 317 316 316 316 314 313 313 313 313 312 312 311 311 311 311 310 310 308 307 307 305 305 305 305 305 305 306 304 303 304 304 304 303 302 302 302 305 304 303 303 304 305 306 305 306 306 307 309 309 308 308 309 309 309 310 310 310 311 311 310 311
330 330 330 329 329 329 328 328 327 328 326 328 328 328 328 326 325 325 326 326 325 325 322 322 322 322 322 321 320 318 318 318 316 316 314 313 313 313 313 312 312 311 311 311 311 310 310 310 307 305 305 305 305 304 304 304 304 305 303 302 303 303 303 303 302 302 303 303 303 305 305 305 305 305 305 306 307 309 309 308 308 309 309 309 310 310 310 311 311 313 313
330 330 329 329 329 329 329 327 328 328 328 328 328 328 328 326 326 326 325 325 324 322 322 322 322 322 321 321 319 318 318 318 316 316 314 314 314 313 312 312 312 310 312 312 312 310 310 309 307 306 306 305 304 304 304 304 304 303 302 302 302 303 303 303 302 302 302 304 304 303 303 304 304 305 305 307 307 308 308 307 307 308 309 309 310 310 310 311 311 312 312
331 329 329 329 329 329 328 328 328 328 328 328 328 328 328 328 328 327 325 325 323 322 321 322 324 324 321 321 320 318 318 318 317 316 316 315 314 313 312 312 312 312 312 311 311 310 310 309 306 306 306 306 304 304 304 304 304 302 302 302 303 303 303 303 303 303 303 303 303 304 304 305 305 306 305 307 307 308 308 308 309 309 308 309 310 310 310 311 311 311 312
330 329 329 328 328 328 328 328 328 328 328 328 328 328 328 328 328 327 326 325 323 322 321 322 323 321 321 321 320 318 318 317 317 316 314 314 314 314 312 312 311 311 311 311 311 310 310 309 307 306 306 304 304 304 304 304 303 302 302 302 302 303 303 303 302 302 302 302 303 304 304 305 305 305 306 306 307 308 308 308 308 308 308 308 309 310 311 311 311 311 312
330 328 328 328 330 328 328 328 329 328 328 329 329 328 328 328 326 326 325 324 323 321 321 321 321 321 321 320 319 319 318 317 317 317 317 314 314 313 313 312 311 311 311 311 310 310 309 308 306 306 306 305 304 303 304 303 303 301 301 302 302 303 302 302 302 302 302 302 303 304 304 305 305 305 306 307 307 308 308 308 308 308 308 308 309 309 309 310 310 311 313
328 328 328 328 330 328 328 329 329 330 329 329 329 328 328 327 326 326 324 324 322 324 322 321 321 320 320 320 319 319 317 317 317 317 316 314 314 313 313 312 311 311 311 309 309 309 309 309 306 305 305 305 304 303 303 303 301 301 302 301 301 301 301 302 302 302 302 302 303 303 304 305 305 305 306 306 307 308 308 308 308 309 309 309 309 309 310 310 312 313 313
329 328 329 329 329 327 329 329 329 329 329 329 329 329 327 327 326 325 324 323 324 324 324 322 322 321 320 319 318 317 317 317 317 317 316 314 313 313 313 311 311 311 311 310 308 309 310 309 307 305 305 305 303 303 303 302 302 302 302 301 301 301 301 301 302 302 302 302 303 303 303 305 305 305 306 306 306 308 308 308 309 309 309 309 310 310 310 311 312 313 313
331 330 329 330 329 329 329 329 329 329 329 329 329 329 329 327 326 325 325 325 325 325 323 322 322 322 320 320 319 318 317 317 316 316 315 313 313 313 313 313 313 313 314 310 308 310 310 308 307 307 305 305 304 303 303 302 302 302 301 301 301 300 300 300 301 301 301 302 303 303 303 303 304 305 305 306 306 306 307 308 310 309 309 309 310 310 310 311 312 313 313
330 330 330 330 328 328 328 329 329 329 329 329 329 329 328 328 328 325 325 325 325 325 323 323 322 322 321 320 320 318 318 317 316 316 315 315 313 314 313 313 313 312 311 309 308 307 307 307 307 306 305 304 304 303 302 302 302 302 302 302 301 300 300 300 301 301 302 302 304 303 303 303 304 304 304 307 306 306 307 307 310 310 309 310 311 310 310 311 313 314 314
330 330 330 329 329 330 330 330 330 329 329 329 330 329 329 329 328 325 325 325 325 325 324 324 322 322 321 321 321 318 318 318 316 316 316 316 315 315 315 313 312 312 311 310 310 307 307 307 307 306 305 304 304 304 302 302 302 302 302 302 301 301 301 301 302 301 302 302 302 302 302 302 304 304 304 305 305 305 307 308 308 310 310 311 311 311 312 313 313 314 314
329 329 329 330 330 329 329 331 331 331 331 331 331 331 331 331 329 328 327 325 325 324 324 324 323 321 321 321 321 321 318 318 318 317 316 316 316 315 314 312 312 312 312 310 310 307 307 307 307 306 306 305 304 303 302 302 302 302 302 301 301 301 300 300 300 301 301 301 301 302 302 302 302 304 304 304 305 305 308 308 309 309 310 311 311 311 312 313 314 314 314
329 329 329 329 329 329 329 329 329 329 330 331 331 331 331 331 328 328 327 325 324 324 323 323 321 321 321 320 320 320 319 318 318 317 317 316 316 315 315 312 312 311 310 310 310 309 306 306 306 306 306 306 304 303 302 302 302 302 301 301 301 299 299 299 299 299 300 301 301 301 302 302 302 305 304 304 305 306 307 308 308 309 310 311 311 311 313 314 315 315 314
329 329 329 330 330 330 331 329 330 330 330 330 331 329 331 331 329 328 327 324 324 324 324 321 321 320 320 319 320 319 319 318 317 317 317 315 315 315 315 313 312 311 310 310 309 309 306 306 306 306 306 305 304 303 302 302 301 301 301 301 300 300 300 299 299 299 300 302 302 301 302 302 302 303 303 304 306 306 307 308 308 309 310 311 311 311 312 314 315 315 315
330 331 332 332 331 331 330 330 330 330 330 330 330 330 330 330 328 327 327 325 324 324 323 324 323 321 321 320 320 319 319 318 317 317 317 315 315 315 315 313 312 312 311 310 309 309 306 306 306 305 305 305 304 303 302 301 301 301 301 300 300 300 300 300 300 300 301 301 301 301 301 302 303 304 303 305 306 306 307 308 308 309 309 310 311 311 313 314 315 315 315
331 332 332 331 330 330 330 330 330 330 330 330 330 330 330 330 329 327 327 326 325 324 327 327 323 321 320 320 319 319 317 317 317 317 316 315 315 315 313 313 312 312 311 311 309 308 307 306 305 305 305 305 303 303 303 303 302 301 301 300 300 300 300 300 300 298 299 301 301 301 301 301 303 303 304 306 306 306 307 308 308 309 309 310 312 312 313 314 315 315 315
331 331 331 331 331 331 330 330 330 330 330 330 330 330 329 328 328 327 327 327 326 327 332 327 323 322 320 320 318 319 317 318 318 317 317 316 315 315 314 312 311 311 311 311 309 309 309 306 306 305 305 305 305 303 303 303 302 301 301 300 300 300 300 299 299 298 298 301 301 301 302 301 301 304 304 306 306 306 307 308 308 309 309 311 312 313 313 314 315 315 315
