Demos/Rbased/CrashCourse/data/climate_processing/PresentLayers/Shortia_galacifolia/bio_14.asc
NCOLS 523 
NROWS 122 
XLLCORNER -83.2916666667633 
YLLCORNER 34.9749999999364 
CELLSIZE 0.00833333333316142 
NODATA_value -9999 
[rows 37 to 73 of 122, columns 85 to 169 of 523]
-9999 -9999 -9999 -9999 -9999 -9999 -9999 -9999 -9999 -9999 -9999 -9999 -9999 -9999 -9999 -9999 -9999 -9999 -9999 -9999 -9999 -9999 -9999 -9999 -9999 -9999 -9999 -9999 -9999 -9999 -9999 -9999 107 114 118 115 105 97 97 97 97 95 97 94 92 92 92 93 97 99 95 93 93 94 94 93 94 94 94 94 94 94 95 95 95 95 95 96 95 95 95 96 96 96 96 96 96 96 95 95 95 95 95 95 95
-9999 -9999 -9999 -9999 -9999 -9999 -9999 -9999 -9999 -9999 -9999 -9999 -9999 -9999 -9999 -9999 -9999 -9999 -9999 -9999 -9999 -9999 -9999 -9999 -9999 -9999 -9999 -9999 -9999 -9999 -9999 100 108 112 110 109 105 97 93 95 93 96 93 93 93 92 92 92 94 95 93 93 93 93 94 94 94 94 94 94 94 95 95 95 95 96 96 96 96 96 96 96 96 96 96 96 96 96 96 95 95 95 95 96 96
-9999 -9999 -9999 -9999 -9999 -9999 -9999 -9999 -9999 -9999 -9999 -9999 -9999 -9999 -9999 -9999 -9999 -9999 -9999 -9999 -9999 -9999 -9999 -9999 -9999 -9999 -9999 -9999 -9999 92 97 104 109 106 101 103 102 97 93 92 92 94 92 92 94 93 92 92 93 93 93 93 93 94 94 94 94 94 94 95 95 95 95 95 96 96 96 96 96 96 96 96 96 96 96 96 96 96 96 96 96 96 96 96 96
-9999 -9999 -9999 -9999 -9999 -9999 -9999 -9999 -9999 -9999 -9999 -9999 -9999 -9999 -9999 -9999 -9999 -9999 -9999 -9999 -9999 -9999 -9999 -9999 -9999 -9999 -9999 -9999 92 92 97 103 104 102 98 104 100 95 93 92 92 92 92 92 93 94 93 93 93 93 93 93 94 94 94 94 94 94 95 95 95 95 96 96 96 96 96 96 96 96 96 96 96 96 96 96 96 96 96 96 96 96 96 96 96
-9999 -9999 -9999 -9999 -9999 -9999 -9999 -9999 -9999 -9999 -9999 -9999 -9999 -9999 -9999 -9999 -9999 -9999 -9999 -9999 -9999 -9999 -9999 -9999 -9999 -9999 94 89 91 93 98 102 97 96 97 102 101 96 96 93 93 92 92 93 92 93 93 93 93 93 93 94 94 94 94 94 94 95 95 95 95 96 96 96 96 96 96 96 96 97 97 97 97 97 97 96 96 96 96 96 97 96 97 97 96
-9999 -9999 -9999 -9999 -9999 -9999 -9999 -9999 -9999 -9999 -9999 -9999 -9999 -9999 -9999 -9999 -9999 -9999 -9999 -9999 -9999 -9999 -9999 -9999 -9999 96 90 90 94 92 95 96 94 98 99 103 104 100 96 94 93 93 92 92 93 93 93 93 93 93 94 94 94 94 94 95 95 95 95 95 96 96 96 96 96 96 97 97 96 97 97 97 97 97 97 96 96 96 97 97 97 97 97 97 96
-9999 -9999 -9999 -9999 -9999 -9999 -9999 -9999 -9999 -9999 -9999 -9999 -9999 -9999 -9999 -9999 -9999 -9999 -9999 -9999 -9999 -9999 -9999 102 98 92 89 91 97 92 92 93 93 94 97 100 98 99 96 94 94 94 93 93 93 93 93 93 94 94 94 94 94 94 95 95 95 95 96 96 96 96 96 96 97 97 97 97 97 97 97 97 97 97 96 97 97 97 97 98 97 97 97 97 97
-9999 -9999 -9999 -9999 -9999 -9999 -9999 -9999 -9999 -9999 -9999 -9999 -9999 -9999 -9999 -9999 -9999 -9999 -9999 -9999 -9999 -9999 100 95 90 90 89 90 92 93 92 92 93 94 95 95 95 96 97 97 96 94 93 93 93 93 93 94 94 94 94 95 95 95 95 95 95 96 96 96 96 96 96 97 97 97 97 97 97 97 97 97 97 97 97 98 98 98 98 98 98 97 97 97 97
-9999 -9999 -9999 -9999 -9999 -9999 -9999 -9999 -9999 -9999 -9999 -9999 -9999 -9999 -9999 -9999 -9999 -9999 -9999 -9999 88 90 90 89 89 89 89 90 91 91 92 92 94 98 98 96 98 98 97 96 95 93 93 93 93 94 94 94 94 94 95 95 95 95 95 95 96 96 96 96 96 97 97 97 97 97 97 97 97 97 97 97 97 97 97 98 98 98 98 98 98 97 97 97 97
-9999 -9999 -9999 -9999 -9999 -9999 -9999 -9999 -9999 -9999 -9999 -9999 -9999 -9999 -9999 -9999 -9999 -9999 85 86 86 87 87 88 88 89 90 90 91 92 92 93 95 98 101 100 101 101 100 97 95 94 93 94 94 95 95 94 94 95 95 95 95 95 96 96 96 96 96 96 97 97 97 97 97 97 97 97 98 98 97 97 97 97 98 98 98 98 98 98 98 97 97 97 97
-9999 -9999 -9999 -9999 -9999 -9999 -9999 -9999 -9999 -9999 -9999 -9999 -9999 -9999 -9999 -9999 -9999 86 86 87 88 87 89 90 93 92 92 96 94 93 95 96 96 97 101 104 100 99 99 96 94 94 94 96 96 94 94 95 95 95 95 95 95 96 96 96 96 97 97 97 97 97 97 97 97 97 97 97 98 98 98 98 97 98 98 98 98 98 98 98 98 97 97 98 98
-9999 -9999 -9999 -9999 -9999 -9999 -9999 -9999 -9999 -9999 -9999 -9999 -9999 -9999 -9999 85 85 86 87 89 94 92 99 95 101 97 100 106 100 98 101 102 102 101 104 103 102 102 98 96 95 96 96 95 95 95 95 95 95 95 95 95 96 96 96 96 96 97 97 97 97 97 97 97 97 97 98 97 97 98 98 98 98 98 98 98 98 98 98 98 98 98 98 98 98
-9999 -9999 -9999 -9999 -9999 -9999 -9999 -9999 -9999 -9999 -9999 -9999 -9999 -9999 85 92 92 93 88 92 99 101 110 109 110 109 111 114 108 106 111 108 104 103 101 102 101 100 98 96 97 98 96 95 95 95 95 95 95 95 96 96 96 96 97 97 97 98 98 97 98 98 98 97 97 97 97 98 98 98 98 98 98 98 98 98 99 98 98 98 98 98 98 98 98
-9999 -9999 -9999 -9999 -9999 -9999 -9999 -9999 -9999 -9999 -9999 -9999 86 91 89 92 103 103 93 96 107 110 114 117 116 115 114 114 114 114 111 106 103 101 100 100 98 99 99 97 95 95 95 95 95 95 95 95 96 96 96 96 96 97 98 101 99 99 98 98 98 97 97 97 98 98 98 98 98 98 98 99 98 98 98 98 99 98 98 98 99 99 99 99 98
-9999 -9999 -9999 -9999 -9999 -9999 -9999 -9999 -9999 -9999 84 84 86 95 99 100 111 106 102 105 110 104 111 115 112 110 110 112 114 112 107 104 102 103 102 101 99 98 100 102 100 98 96 95 95 96 96 96 96 96 96 96 97 98 101 100 98 98 98 98 98 98 97 97 98 98 98 98 98 98 99 99 98 98 98 98 98 99 99 98 99 99 99 99 99
-9999 -9999 -9999 -9999 -9999 -9999 -9999 -9999 -9999 84 86 85 86 87 91 104 105 101 102 98 101 97 105 106 100 102 107 106 106 106 104 102 101 107 105 104 103 99 98 100 101 100 97 97 97 97 96 96 97 97 97 97 98 99 99 99 98 98 98 97 98 98 98 98 98 99 99 99 99 99 99 99 99 98 98 98 99 99 99 99 99 99 100 100 99
-9999 -9999 -9999 -9999 -9999 -9999 -9999 83 84 85 89 87 86 88 91 95 93 92 93 96 93 93 96 94 95 98 97 98 100 100 103 106 101 102 104 102 103 101 98 99 100 100 99 100 99 98 97 99 100 100 98 100 101 99 98 98 98 98 97 97 97 97 98 99 99 99 99 99 99 99 99 99 99 99 98 98 99 99 99 99 99 100 100 100 100
-9999 -9999 -9999 -9999 -9999 -9999 85 84 85 88 96 89 90 97 100 100 95 91 92 93 91 92 93 93 96 97 99 98 101 103 101 101 100 101 105 105 100 100 98 98 99 99 102 105 101 98 97 99 99 98 98 99 100 99 98 98 98 97 98 98 97 98 98 99 99 100 100 100 100 99 99 99 99 99 98 99 99 99 100 99 100 100 100 99 99
-9999 -9999 -9999 -9999 84 84 85 87 89 99 104 97 99 107 102 92 94 93 91 93 92 92 94 95 95 96 97 100 105 104 101 101 100 100 101 103 100 99 99 98 98 99 102 100 99 98 99 98 98 97 98 99 99 98 98 98 98 98 98 98 98 98 98 99 100 100 100 100 100 100 99 99 99 98 99 99 99 100 100 100 100 100 99 97 99
-9999 -9999 83 84 84 85 86 88 93 104 95 103 97 97 101 94 91 91 92 92 92 92 93 94 95 97 97 98 101 104 105 109 103 100 100 99 99 98 99 98 99 102 104 100 98 98 98 99 98 97 98 99 99 98 98 97 98 98 98 98 98 98 99 99 100 100 99 99 99 99 99 98 97 98 98 99 99 100 100 100 100 98 97 98 97
-9999 84 84 85 85 86 86 88 90 97 92 98 98 94 95 94 92 91 92 93 92 93 94 93 94 95 97 102 106 106 106 110 110 105 100 98 97 98 98 98 102 107 106 101 101 99 99 98 97 97 98 98 98 98 98 98 98 98 98 98 98 98 99 99 99 100 99 99 99 98 98 98 98 97 97 97 99 100 100 98 98 97 98 98 97
85 85 85 85 86 86 87 87 91 95 91 100 99 94 95 95 92 92 92 92 92 94 96 96 95 95 97 104 114 117 115 113 113 106 100 99 98 98 99 99 102 106 105 104 101 100 99 98 98 98 98 98 98 98 98 98 98 98 98 98 98 99 100 100 100 99 99 98 98 98 98 98 98 97 97 97 98 98 98 97 96 97 97 97 96
85 86 86 89 90 89 89 89 92 94 91 95 93 92 96 92 92 92 92 92 93 94 95 98 98 99 100 105 112 114 115 111 109 109 104 99 98 98 101 102 102 105 107 106 102 100 100 98 98 99 99 99 99 98 98 98 98 98 98 98 98 100 100 100 99 99 98 99 98 97 97 98 98 98 97 97 97 97 96 96 97 97 97 96 96
85 86 86 86 87 87 88 89 96 95 90 92 90 92 92 92 92 92 92 93 94 94 96 100 105 109 109 106 108 110 109 106 107 106 104 99 98 100 106 106 104 104 104 103 101 100 99 98 98 100 100 99 99 98 98 98 98 98 98 98 98 100 100 99 98 98 98 98 98 98 97 98 98 98 97 96 96 96 96 97 97 96 96 96 96
87 87 86 86 87 87 88 89 95 94 91 90 91 92 92 92 92 92 93 95 99 97 97 98 108 115 110 106 104 106 110 106 104 102 101 98 99 105 107 108 109 105 100 99 99 99 99 98 100 101 99 99 98 98 99 98 98 98 98 97 98 98 98 98 98 98 98 98 97 97 97 97 98 97 97 97 96 96 96 96 96 96 96 95 96
88 88 88 87 87 88 89 89 91 93 91 91 91 91 92 91 92 94 98 100 105 104 106 109 108 113 112 111 110 105 102 105 103 100 99 99 100 105 107 108 111 110 102 99 99 98 98 98 100 100 100 99 99 99 98 97 97 97 97 97 98 98 97 98 99 98 97 98 97 97 96 97 97 97 96 96 97 96 96 96 95 95 95 95 96
89 89 89 88 88 89 89 90 91 92 92 91 91 91 92 93 101 104 99 98 99 101 108 114 117 116 119 119 116 112 108 102 100 99 99 99 100 106 108 109 107 105 103 101 100 98 97 97 98 98 98 99 99 99 98 98 97 96 97 98 98 97 97 97 98 98 97 97 97 97 97 96 96 97 97 96 96 96 95 96 96 95 95 95 95
89 88 88 88 88 89 90 92 92 91 91 92 92 92 98 99 97 96 96 96 101 106 107 111 115 114 116 115 111 109 109 105 104 100 99 99 100 105 107 107 102 100 100 101 102 100 97 98 98 98 98 98 98 98 98 98 96 96 98 98 97 97 97 97 97 97 97 97 97 97 97 97 97 96 96 96 96 96 96 95 96 95 95 95 94
94 89 89 89 89 90 91 91 91 92 91 92 92 97 100 97 94 95 97 101 101 106 110 112 112 110 111 114 108 106 107 104 103 100 99 100 100 99 99 100 101 100 98 98 98 98 97 98 98 98 98 97 97 98 98 97 96 97 97 97 97 97 97 96 96 97 97 97 97 97 97 97 97 96 96 95 96 96 96 95 95 94 95 95 94
92 90 90 89 90 90 91 91 91 92 92 92 92 93 94 94 95 95 97 106 113 115 114 112 111 107 106 108 107 104 104 103 104 100 99 101 105 103 100 99 98 97 96 97 97 97 96 97 97 97 98 98 100 100 98 97 96 97 97 97 96 97 97 97 96 96 97 97 96 96 96 96 97 96 96 95 96 96 96 96 95 94 94 94 94
93 91 91 90 90 91 91 91 92 92 92 93 93 94 94 95 97 100 101 103 111 112 113 112 106 106 102 103 103 103 104 104 102 100 102 101 106 109 107 107 101 98 97 98 97 97 97 97 97 96 97 97 98 98 97 96 96 96 96 96 96 97 97 97 97 96 96 96 96 96 96 96 96 96 95 95 96 96 96 96 95 95 94 94 94
93 92 92 91 92 92 92 92 93 93 93 94 95 96 98 97 100 111 114 106 105 104 109 110 106 102 101 102 102 102 103 104 101 104 102 102 108 111 107 104 100 98 100 101 99 98 97 97 96 96 96 96 96 96 96 96 95 97 96 96 96 96 97 97 96 96 95 96 96 96 96 96 96 96 96 95 95 95 95 95 95 95 94 94 94
95 94 93 93 93 93 93 93 94 94 94 95 99 102 108 110 111 112 111 108 103 105 102 103 104 101 102 102 104 103 103 101 102 108 104 106 109 114 112 104 100 99 101 100 98 97 97 97 97 98 97 97 97 97 96 96 95 96 96 95 96 97 97 96 96 96 95 95 96 96 95 95 96 96 96 95 95 95 95 95 95 95 94 94 94
95 94 94 94 94 94 94 94 95 96 97 98 100 100 109 112 109 112 112 107 103 102 102 101 101 101 102 103 104 103 102 102 103 107 107 107 110 118 114 106 104 105 101 98 97 98 98 97 98 98 97 97 97 97 97 97 95 95 95 96 97 97 97 96 96 96 95 95 95 95 96 96 96 96 96 96 95 94 95 95 95 95 95 95 94
96 95 95 95 95 95 95 95 96 96 98 97 98 102 106 109 105 106 105 106 106 101 101 101 101 102 102 103 103 103 103 104 107 107 109 110 113 114 112 107 103 101 100 99 98 98 98 98 98 98 97 97 97 97 97 97 96 95 95 95 96 97 96 95 96 96 96 95 95 95 96 96 96 96 96 95 95 95 95 94 94 95 94 94 94
98 97 97 96 96 96 96 97 97 97 97 98 99 101 101 101 102 106 102 101 102 101 101 101 101 102 102 102 103 103 103 107 110 109 110 113 112 112 112 103 100 99 98 98 98 98 97 97 97 98 97 97 97 97 97 97 97 96 96 95 96 96 95 95 96 96 96 95 95 96 96 96 96 96 96 96 95 95 95 95 94 94 94 94 94
99 99 98 98 98 97 98 98 99 98 98 98 99 99 100 101 103 102 102 101 101 101 102 102 102 103 103 102 103 103 104 108 110 109 110 111 110 111 113 107 101 99 99 98 98 98 98 97 97 97 97 97 96 96 96 96 96 97 96 96 96 96 96 95 96 96 96 95 95 95 95 95 95 96 96 96 96 95 95 95 94 94 93 93 94
