Demos/Rbased/CrashCourse/data/climate_processing/PresentLayers/Shortia_galacifolia/bio_3.asc
NCOLS 212 
NROWS 170 
XLLCORNER -83.691666666421 
YLLCORNER 34.5083333333333 
CELLSIZE 0.00833333333316012 
NODATA_value -9999 
[rows 105 to 125 of 170, columns 0 to 46 of 212]
-9999 -9999 -9999 -9999 41.114616394043 41.6144180297852 41.8981475830078 42.0756645202637 41.8214645385742 41.5625 40.9788360595703 39.8026313781738 38.664421081543 39.285717010498 38.2768363952637 37.1660842895508 38.3503379821777 37.8027687072754 37.4274101257324 37.7314834594727 39.141414642334 40.0219306945801 39.2140464782715 38.7471656799316 37.6596984863281 37.5291366577148 37.7468070983887 40.0493431091309 41.0235824584961 41.5870475769043 41.6137580871582 41.640209197998 42.1568641662598 42.4079742431641 42.3868293762207 42.0781898498535 42.4034538269043 42.4288597106934 42.3802223205566 42.2510147094727 41.5890274047852 41.1425590515137 39.9676361083984 39.8479919433594 39.9946060180664 39.9022789001465 39.3366203308105
-9999 -9999 -9999 -9999 42.0756645202637 42.2273216247559 42.2018356323242 42 41.6924667358398 41.5104179382324 41.1934814453125 40.8945693969727 39.2660064697266 38.5028228759766 38.5310707092285 37.7147750854492 37.9152336120605 37.2222213745117 36.1409797668457 37.2359161376953 38.6621322631836 39.7009963989258 39.5555572509766 38.3333358764648 37.9918975830078 37.5 37.8761558532715 39.4927520751953 40.1864013671875 40.1815185546875 40.8845748901367 41.0790596008301 41.1591873168945 42.03125 42.0807456970215 42.0010299682617 42.3547401428223 42.2256088256836 41.7698669433594 42.1282043457031 42.0010261535645 40.9523811340332 40.1612892150879 40.2688179016113 39.7875823974609 39.3092079162598 39.1556282043457
-9999 -9999 -9999 -9999 42.1732521057129 42.1267890930176 41.9753112792969 41.7181091308594 41.328125 40.8174095153809 39.9137001037598 39.4114418029785 38.7863540649414 37.5144157409668 37.4855804443359 38.8232002258301 39.7478065490723 38.7668914794922 36.7316780090332 36.8203315734863 38.033447265625 39.3097648620605 39.3176727294922 38.4527854919434 38.3734245300293 38.2758636474609 38.6518745422363 37.7331008911133 38.8038558959961 39.7902870178223 41.04638671875 40.3278694152832 40.0990104675293 41.5611801147461 41.375659942627 42.1039085388184 42.2273178100586 42.2510147094727 41.9753074645996 41.7443084716797 41.9487190246582 40.9018974304199 40.899471282959 39.8538970947266 39.6107444763184 39.4736824035645 39.4114418029785
-9999 -9999 -9999 -9999 42.1747970581055 42.1508674621582 42.0744132995605 41.8717956542969 41.3793106079102 41.0052909851074 40.7348251342773 39.9022789001465 38.7105865478516 37.6585922241211 38.7485961914062 39.3611106872559 40.752685546875 39.4444465637207 37.6456871032715 37.0598602294922 37.1478881835938 38.4243469238281 39.2255897521973 38.8888893127441 38.2302398681641 37.8048782348633 39.6321067810059 39.2817077636719 38.247127532959 39.4927520751953 40.2412261962891 40.1540145874023 40.4220771789551 41.6403770446777 41.8224296569824 42.1553497314453 42.2546005249023 42.2273178100586 41.9753074645996 41.2748184204102 41.6925468444824 41.3793106079102 40.711254119873 40.1564178466797 39.3914451599121 39.4262275695801 39.2464256286621
-9999 -9999 -9999 -9999 41.8717956542969 41.743350982666 41.9734153747559 41.7944755554199 41.6666679382324 41.4078674316406 41.0337562561035 40.2103538513184 39.0833320617676 37.8839569091797 38.9169464111328 40.3908805847168 41.105770111084 39.9396934509277 39.113353729248 38.5381126403809 37.6596984863281 38.4132423400879 38.4703178405762 38.2990875244141 37.7039642333984 37.7893524169922 39.8117370605469 40.9139785766602 39.9339942932129 40.665584564209 41.2660255432129 40.8064498901367 40.6351776123047 41.4021148681641 41.5878028869629 42.2325096130371 42.3312873840332 42.1779136657715 42.0512809753418 41.5099258422852 41.1949691772461 41.61474609375 41.2473793029785 40.1929244995117 39.8148155212402 39.5355186462402 39.528507232666
-9999 -9999 -9999 -9999 41.8450584411621 41.6923866271973 41.328125 40.9853248596191 41.6407852172852 41.5364570617676 40.8755302429199 40.0054473876953 38.3615837097168 38.7288131713867 40 40.5303039550781 41.32275390625 40.8628082275391 40.0715065002441 38.8795051574707 37.4561424255371 38.1896553039551 38.0622863769531 37.8472213745117 37.1613655090332 38.3161506652832 40.038631439209 41.1591873168945 41.6402130126953 41.1341857910156 41.7981071472168 41.3205528259277 41.4536743164062 41.4021148681641 41.5089378356934 42.0031051635742 42.1523513793945 42.2801628112793 41.6145820617676 41.2447280883789 41.4054336547852 41.2460594177246 40.4032249450684 39.8479919433594 39.27392578125 39.5901641845703 39.5424842834473
-9999 -9999 -9999 -9999 41.896728515625 41.7695465087891 41.2760429382324 40.2103576660156 40.578556060791 40.5218315124512 39.9080085754395 39.1472854614258 39.1861763000488 39.3964538574219 40.3409080505371 41.2685775756836 41.6929550170898 40.806453704834 39.1219253540039 38.58447265625 37.1478881835938 39.1610336303711 39.0395469665527 38.6337890625 37.9500579833984 39.520622253418 40.6862754821777 41.1591873168945 42.1875 41.9801445007324 42.109375 41.6137542724609 40.9744415283203 41.4293251037598 41.6666641235352 42.0301132202148 42.1267890930176 42.1523513793945 41.6666679382324 41.8981475830078 41.820987701416 41.114616394043 40.4647445678711 39.7997817993164 39.5969505310059 39.617488861084 39.3289337158203
-9999 -9999 -9999 -9999 41.3531875610352 41.1703262329102 40.5715827941895 39.9621200561523 38.6083068847656 39.4664459228516 39.7875823974609 39.7603492736816 40.1194343566895 39.983715057373 40.9139785766602 41.4808921813965 41.6666679382324 40.9115447998047 40.2459030151367 39.5555534362793 38.172966003418 40.1540145874023 40.4723129272461 40.2686386108398 39.3736038208008 39.3456382751465 40.8845748901367 41.5872993469238 41.9295463562012 42.2135429382324 42.0572929382324 41.560848236084 41.2962951660156 41.6929550170898 41.796875 42.0278663635254 41.9989776611328 42.1282043457031 41.9753074645996 41.9734153747559 41.7440643310547 40.8201026916504 40.4419593811035 40.1881713867188 40.3804931640625 39.9406700134277 39.1832237243652
-9999 -9999 -9999 39.4607849121094 39.5355186462402 39.983715057373 39.5010948181152 39.2026596069336 39.6107444763184 40.1833877563477 41.0562629699707 40.1833877563477 40.7614479064941 40.291259765625 40.8920936584473 41.5348091125488 41.9540214538574 40.6957931518555 40.9967842102051 40.0715065002441 39.3176727294922 40.4956436157227 41.0523490905762 40.5773429870605 40.038631439209 39.5277786254883 40.6351776123047 41.5611801147461 41.902515411377 41.9540252685547 42.2377967834473 42.1842651367188 41.9772262573242 42.0548629760742 41.977222442627 41.9246673583984 42.0256385803223 42.0489311218262 41.9734153747559 41.8981475830078 41.5628242492676 41.2211723327637 40.4647445678711 39.9350662231445 40.0537643432617 39.7875823974609 39.1914176940918
-9999 -9999 -9999 39.6851234436035 39.8208465576172 40.2957000732422 40.4380340576172 40.0380020141602 41.0582008361816 41.0317459106445 41.3522033691406 40.4261054992676 40.9188041687012 41.0317459106445 40.7497329711914 41.375659942627 41.9010429382324 41.3502082824707 41.3216552734375 40.7497329711914 40.158992767334 41.1021499633789 41.105770111084 40.9385108947754 41.2126083374023 40.6623229980469 41.0733528137207 41.5343933105469 41.5605087280273 41.4293251037598 42.0301132202148 41.7972831726074 42.0031051635742 41.9246673583984 41.9495887756348 42.0512809753418 42.0256423950195 41.9734153747559 41.9734153747559 41.8717956542969 41.6924667358398 40.5520172119141 40.1125373840332 39.1004409790039 39.27392578125 38.6185684204102 38.2768363952637
-9999 -9999 -9999 40.9568862915039 40.8439483642578 41.3270645141602 41.2710952758789 41.2460594177246 41.5621719360352 41.5625 41.5099258422852 40.6451606750488 40.7348251342773 41.2962951660156 41.2710952758789 41.640380859375 41.7976913452148 41.5089378356934 41.0523529052734 40.499454498291 40.4451675415039 41.3481941223145 41.2393188476562 41.6139259338379 41.7721519470215 40.9115409851074 40.1041679382324 40.6114730834961 40.5339813232422 40.4723129272461 41.1341857910156 40.7258071899414 41.0031852722168 41.6142539978027 41.9762649536133 41.9743576049805 42.0769233703613 41.9478530883789 41.7944793701172 41.5890274047852 41.0135841369629 40.3620872497559 40.0268821716309 39.9621200561523 39.6514167785645 38.6944465637207 37.7568511962891
-9999 -9999 -9999 41.4322929382324 41.0901489257812 41.3531875610352 41.6408653259277 41.8988647460938 41.7181053161621 41.7701873779297 41.5094337463379 40.758544921875 40.7051277160645 41.0256423950195 41.4826507568359 41.4826507568359 41.9279022216797 41.2698402404785 40.9455146789551 41.1324806213379 41.375659942627 41.4543533325195 41.5878028869629 41.7711601257324 41.7190780639648 41.3756637573242 40.8628082275391 40.6926422119141 40.7824249267578 40.2823028564453 40.0546455383301 40.7880706787109 41.5089378356934 42.0031051635742 42.0267486572266 41.8974342346191 41.9230766296387 41.8974342346191 41.7956657409668 41.1964492797852 41.009464263916 40.7671966552734 40.326904296875 40.0485458374023 39.4389457702637 38.8427467346191 39.4736862182617
-9999 -9999 -9999 41.7440643310547 40.8780250549316 41.6407852172852 41.872428894043 41.6924667358398 41.3020820617676 41.1163520812988 41.0317459106445 40.575080871582 40.6784172058105 40.8896026611328 40.7852554321289 41.0809364318848 41.5882949829102 41.5356369018555 41.3492088317871 41.6666641235352 41.69287109375 41.5878028869629 41.875 42.0278625488281 41.8763122558594 41.5878028869629 41.4550285339355 40.6989250183105 41.2154960632324 40.5680618286133 40.9722213745117 41.3238410949707 41.4315567016602 41.8205108642578 41.7948722839355 41.8717956542969 41.743350982666 41.7435874938965 41.6924667358398 41.009464263916 40.2822151184082 40.308837890625 40.166130065918 40.0703468322754 39.7331161499023 39.8633880615234 40.4530754089355
-9999 -9999 -9999 41.6152267456055 41.4602661132812 41.769229888916 41.8461532592773 41.5113868713379 41.4315567016602 40.9523811340332 40.0162315368652 40.1785736083984 40.6484451293945 41.1409034729004 40.7348251342773 41.2974700927734 41.5880508422852 41.7960662841797 41.6405448913574 41.32275390625 41.875 41.8489570617676 41.9513473510742 42.0781898498535 41.9513473510742 41.8229141235352 41.6927070617676 41.5352249145508 41.0031852722168 41.6144218444824 41.7701873779297 41.7438278198242 41.8467063903809 41.7695465087891 41.7695465087891 41.6666679382324 41.8461532592773 41.4337463378906 40.880500793457 40.308837890625 39.5081977844238 39.4880142211914 39.9137001037598 39.9294242858887 40.2688179016113 41.2433853149414 41.1093406677246
-9999 -9999 -9999 41.8456039428711 41.7433547973633 41.7948722839355 41.6409454345703 41.6152267456055 41.4078674316406 41.1703224182129 40.3536987304688 40.43408203125 40.9523811340332 41.3512077331543 41.0052909851074 40.8413200378418 41.7708320617676 42.0020637512207 41.7964668273926 41.7185859680176 41.9254684448242 41.8743515014648 42.0020637512207 41.9504661560059 41.848388671875 42.0781860351562 41.925464630127 41.8229179382324 41.2460556030273 41.7964668273926 41.873706817627 41.7698669433594 41.6923866271973 41.5372657775879 40.8542976379395 41.0115280151367 41.5897445678711 41.1993751525879 41.0677108764648 40.5326995849609 40.4419593811035 39.4951133728027 40.2150535583496 40.8413200378418 40.7348251342773 41.0601272583008 41.6666679382324
-9999 -9999 -9999 41.3819885253906 41.2760429382324 41.3020858764648 41.5634651184082 41.3551406860352 41.25 41.2748184204102 40.7936515808105 40.5181617736816 40.8465614318848 41.1949691772461 41.4037857055664 41.3521995544434 41.3784065246582 41.6145820617676 42.0794639587402 41.8472671508789 41.9246635437012 41.873706817627 41.9753074645996 41.8472671508789 42.0267486572266 41.9254684448242 41.3249206542969 40.7880706787109 41.0297241210938 41.086498260498 41.1128692626953 41.3522033691406 41.3009414672852 41.3291778564453 41.1442031860352 41.1979179382324 41.538459777832 41.5123443603516 41.2784690856934 41.171875 40.6381874084473 40.1612930297852 40.5181617736816 41.2735862731934 41.4054336547852 41.4308166503906 41.3765830993652
-9999 -9999 -9999 41.4070625305176 41.1703224182129 40.9591178894043 40.8491554260254 40.4647445678711 40.8227844238281 40.7407417297363 40.2733116149902 40.6549530029297 40.9546432495117 41.0337562561035 41.0317459106445 41.2735824584961 41.61474609375 41.7960662841797 41.9753074645996 41.8214645385742 41.8988647460938 41.7701873779297 41.8981475830078 41.9772262573242 41.821949005127 41.2997932434082 40.814697265625 41.0317459106445 41.0073852539062 40.8174095153809 40.814697265625 40.7614479064941 40.6316337585449 40.4952049255371 40.7142868041992 41.25 41.6152267456055 41.25 40.661376953125 40.6349220275879 40.4685821533203 40.0162315368652 40.2465171813965 40.7585487365723 41.4570236206055 41.6927909851074 41.5882987976074
-9999 -9999 -9999 41.1180763244629 40.7700424194336 40.7142868041992 40.4458618164062 40.300106048584 40.7991600036621 41.1163520812988 40.6316337585449 40.73779296875 41.2211723327637 41.4576797485352 41.2997894287109 41.4300727844238 41.5885391235352 41.7698669433594 41.8981475830078 41.7443084716797 41.8214645385742 41.8981475830078 41.8472633361816 41.6666679382324 41.4563636779785 41.1409034729004 41.0337562561035 41.1656112670898 41.1128692626953 40.8201065063477 40.7348251342773 40.4032287597656 39.8208465576172 40.1244583129883 40.605094909668 41.3810997009277 41.4596290588379 41.1703262329102 40.5520172119141 41.090145111084 41.3009414672852 41.0337562561035 41.0601272583008 41.0031852722168 41.0031852722168 41.4308166503906 41.875
-9999 -9999 -9999 41.0397071838379 40.2822151184082 39.576545715332 39.2896194458008 39.5697174072266 40.7700424194336 41.2239608764648 41.1409034729004 40.9259262084961 41.2225723266602 41.5104141235352 41.6407051086426 41.5628242492676 41.7184257507324 41.820987701416 41.8467063903809 41.7438278198242 41.9238700866699 41.9238700866699 41.61474609375 41.6407051086426 41.2986335754395 41.2974662780762 41.086498260498 41.2183532714844 40.9259262084961 40.2373237609863 40.3991394042969 40.460880279541 40.5448722839355 41.0620422363281 41.5109024047852 41.8214645385742 41.5637855529785 41.5118675231934 41.086498260498 40.9831771850586 41.4576797485352 41.3551406860352 41.5625 41.7189140319824 41.5621719360352 41.5625 41.692626953125
-9999 -9999 -9999 39.8327941894531 40.0106811523438 39.2543869018555 39.4335517883301 39.6579780578613 40.3311958312988 41.1703262329102 41.2239608764648 41.2748184204102 41.1687622070312 40.9591178894043 41.5109024047852 41.7181053161621 41.6924667358398 41.8467063903809 41.820987701416 41.6409454345703 41.7952690124512 41.7182655334473 41.4330215454102 41.007381439209 41.2997894287109 41.1949691772461 41.2460594177246 41.007381439209 40.9259262084961 41.2460556030273 41.2735862731934 41.3521995544434 41.6407051086426 41.6150665283203 41.7956657409668 41.6923866271973 41.5892677307129 41.6925468444824 41.2986335754395 41.2473793029785 41.3793106079102 41.7445487976074 41.8743515014648 41.8224296569824 41.6407852172852 41.7445487976074 41.8224296569824
-9999 -9999 -9999 38.5761604309082 38.5451507568359 39.2817993164062 39.9249725341797 40.1709403991699 39.9406700134277 40.7700424194336 41.25 41.4078674316406 41.3270645141602 41.2473793029785 41.5113868713379 41.5895042419434 41.5631484985352 41.6150665283203 41.6666679382324 41.6666679382324 41.458984375 41.61474609375 41.1441993713379 41.1656112670898 41.3270645141602 41.404613494873 41.3249206542969 41.2486915588379 41.483226776123 41.6407051086426 41.7185859680176 41.7956657409668 41.7956657409668 41.8472633361816 41.8472633361816 41.7952690124512 41.7440643310547 41.5631484985352 41.5109024047852 41.5094337463379 41.3784065246582 41.5360488891602 41.5360488891602 41.6405410766602 41.6927070617676 41.7447929382324 41.7708320617676
