Demos/Rbased/CrashCourse/data/climate_processing/PresentLayers/Shortia_galacifolia/bio_9.asc
NCOLS 523 
NROWS 122 
XLLCORNER -83.2916666667633 
YLLCORNER 34.9749999999364 
CELLSIZE 0.00833333333316142 
NODATA_value -9999 
[rows 0 to 26 of 122, columns 240 to 299 of 523]
-9999 -9999 -9999 -9999 -9999 -9999 -9999 -9999 -9999 -9999 -9999 -9999 -9999 -9999 -9999 -9999 -9999 -9999 -9999 -9999 -9999 -9999 -9999 -9999 -9999 -9999 -9999 -9999 -9999 -9999 -9999 -9999 -9999 -9999 -9999 -9999 -9999 -9999 -9999 -9999 -9999 -9999 -9999 -9999 -9999 -9999 -9999 -9999 -9999 -9999 -9999 -9999 -9999 -9999 -9999 -9999 -9999 -9999 -9999 -9999
-9999 -9999 -9999 -9999 -9999 -9999 -9999 -9999 -9999 -9999 -9999 -9999 -9999 -9999 -9999 -9999 -9999 -9999 -9999 -9999 -9999 -9999 -9999 -9999 -9999 -9999 -9999 -9999 -9999 -9999 -9999 -9999 -9999 -9999 -9999 -9999 -9999 -9999 -9999 -9999 -9999 -9999 -9999 -9999 -9999 -9999 -9999 -9999 -9999 -9999 -9999 -9999 -9999 -9999 -9999 -9999 -9999 -9999 -9999 -9999
-9999 -9999 -9999 -9999 -9999 -9999 -9999 -9999 -9999 -9999 -9999 -9999 -9999 -9999 -9999 -9999 -9999 -9999 -9999 -9999 -9999 -9999 -9999 -9999 -9999 -9999 -9999 -9999 -9999 -9999 -9999 -9999 -9999 -9999 -9999 -9999 -9999 -9999 -9999 -9999 -9999 -9999 -9999 -9999 -9999 -9999 -9999 -9999 -9999 -9999 -9999 -9999 -9999 -9999 -9999 -9999 -9999 -9999 -9999 -9999
-9999 -9999 -9999 -9999 -9999 -9999 -9999 -9999 -9999 -9999 -9999 -9999 -9999 -9999 -9999 -9999 -9999 -9999 -9999 -9999 -9999 -9999 -9999 -9999 -9999 -9999 -9999 -9999 -9999 -9999 -9999 -9999 -9999 -9999 -9999 -9999 -9999 -9999 -9999 -9999 -9999 -9999 -9999 -9999 -9999 -9999 -9999 -9999 -9999 -9999 -9999 -9999 -9999 -9999 -9999 -9999 -9999 -9999 -9999 -9999
-9999 -9999 -9999 -9999 -9999 -9999 -9999 -9999 -9999 -9999 -9999 -9999 -9999 -9999 -9999 -9999 -9999 -9999 -9999 -9999 -9999 -9999 -9999 -9999 -9999 -9999 -9999 -9999 -9999 -9999 -9999 -9999 -9999 -9999 -9999 -9999 -9999 -9999 -9999 -9999 -9999 -9999 -9999 -9999 -9999 -9999 -9999 -9999 -9999 -9999 -9999 -9999 -9999 -9999 -9999 -9999 -9999 -9999 -9999 -9999
-9999 -9999 -9999 -9999 -9999 -9999 -9999 -9999 -9999 -9999 -9999 -9999 -9999 -9999 -9999 -9999 -9999 -9999 -9999 -9999 -9999 -9999 -9999 -9999 -9999 -9999 -9999 -9999 -9999 -9999 -9999 -9999 -9999 -9999 -9999 -9999 -9999 -9999 -9999 -9999 -9999 -9999 -9999 -9999 -9999 -9999 -9999 -9999 -9999 -9999 -9999 -9999 -9999 -9999 -9999 -9999 -9999 -9999 -9999 -9999
-9999 -9999 -9999 -9999 -9999 -9999 -9999 -9999 -9999 -9999 -9999 -9999 -9999 -9999 -9999 -9999 -9999 -9999 -9999 -9999 -9999 -9999 -9999 -9999 -9999 -9999 -9999 -9999 -9999 -9999 -9999 -9999 -9999 -9999 -9999 -9999 -9999 -9999 -9999 -9999 -9999 -9999 -9999 -9999 -9999 5.56666660308838 5.55000019073486 5.55000019073486 5.55000019073486 5.59999990463257 5.61666679382324 5.63333320617676 5.63333320617676 5.59999990463257 5.63333320617676 5.63333320617676 5.68333339691162 5.66666650772095 5.63333320617676 5.66666650772095
-9999 -9999 -9999 -9999 -9999 -9999 -9999 -9999 -9999 -9999 -9999 -9999 -9999 -9999 -9999 -9999 -9999 -9999 -9999 -9999 -9999 -9999 -9999 -9999 -9999 -9999 -9999 -9999 -9999 -9999 -9999 5.31666660308838 5.36666679382324 5.44999980926514 5.48333358764648 5.51666641235352 5.53333330154419 5.55000019073486 5.51666641235352 5.48333311080933 5.51666641235352 5.53333330154419 5.51666641235352 5.51666641235352 5.53333330154419 5.56666660308838 5.61666679382324 5.61666679382324 5.59999990463257 5.63333320617676 5.63333320617676 9.51666641235352 5.65000009536743 5.65000009536743 5.68333339691162 5.66666650772095 5.66666650772095 5.68333339691162 5.65000009536743 5.66666650772095
-9999 -9999 -9999 -9999 -9999 -9999 -9999 -9999 -9999 -9999 -9999 -9999 -9999 -9999 -9999 -9999 -9999 -9999 -9999 5.38333368301392 5.38333368301392 5.43333339691162 5.43333339691162 5.44999980926514 5.5 5.44999980926514 5.5 5.43333339691162 5.38333368301392 5.40000009536743 5.40000009536743 5.43333339691162 5.41666650772095 5.46666669845581 5.48333358764648 5.51666641235352 5.51666641235352 5.56666660308838 5.55000019073486 5.51666641235352 5.51666641235352 5.53333330154419 5.55000019073486 5.56666660308838 5.56666660308838 5.58333349227905 9.46666622161865 9.46666622161865 9.48333358764648 9.51666641235352 5.61666679382324 5.61666679382324 5.61666679382324 5.61666679382324 5.68333339691162 5.68333339691162 5.68333339691162 5.68333339691162 5.63333320617676 5.65000009536743
-9999 -9999 -9999 -9999 -9999 -9999 -9999 5.44999980926514 5.45000028610229 5.43333339691162 5.41666650772095 5.34999990463257 5.33333349227905 5.33333349227905 5.36666679382324 5.38333368301392 5.34999990463257 5.33333349227905 5.38333368301392 5.38333368301392 5.38333368301392 5.38333368301392 5.43333339691162 5.48333358764648 5.51666641235352 5.51666641235352 5.51666641235352 5.46666669845581 5.43333339691162 5.46666669845581 5.45000028610229 5.48333358764648 5.46666669845581 5.46666669845581 5.48333358764648 5.5 5.55000019073486 5.55000019073486 9.39999961853027 9.38333320617676 5.55000019073486 9.41666698455811 9.48333358764648 9.43333339691162 5.59999990463257 5.59999990463257 5.59999990463257 9.43333339691162 9.46666622161865 5.59999990463257 5.59999990463257 9.46666622161865 9.51666641235352 5.63333320617676 5.63333320617676 5.66666650772095 5.66666650772095 5.68333339691162 5.66666650772095 5.65000009536743
5.5 5.51666641235352 5.25 5.25 5.34999990463257 5.41666650772095 5.46666669845581 5.48333358764648 5.46666669845581 5.46666669845581 5.43333339691162 5.41666650772095 5.34999990463257 5.34999990463257 5.40000009536743 5.40000009536743 5.40000009536743 5.40000009536743 5.43333339691162 5.40000009536743 5.38333320617676 5.40000009536743 5.41666698455811 5.46666669845581 5.46666669845581 5.46666669845581 5.51666641235352 5.53333330154419 5.51666641235352 5.51666641235352 5.48333358764648 5.51666641235352 5.5 5.5 5.48333358764648 5.51666641235352 5.51666641235352 5.56666660308838 9.48333358764648 9.48333358764648 9.48333358764648 9.46666622161865 9.48333358764648 9.48333358764648 9.43333339691162 5.58333349227905 9.5 9.5 9.5 9.5 9.48333358764648 9.51666641235352 9.53333377838135 9.5 5.66666650772095 5.66666650772095 5.65000009536743 5.68333339691162 5.71666669845581 5.73333311080933
5.53333330154419 5.44999980926514 5.19999980926514 5.16666650772095 5.30000019073486 5.41666650772095 5.48333311080933 5.48333358764648 5.5 5.53333330154419 5.44999980926514 5.43333339691162 5.43333339691162 5.38333320617676 5.43333339691162 5.45000028610229 5.45000028610229 5.41666650772095 5.40000009536743 5.38333320617676 5.40000009536743 5.43333339691162 5.46666669845581 5.46666669845581 5.48333358764648 5.48333358764648 5.48333358764648 5.53333330154419 5.59999990463257 5.59999990463257 5.59999990463257 9.39999961853027 5.59999990463257 5.59999990463257 5.61666679382324 5.59999990463257 9.44999980926514 9.43333339691162 9.44999980926514 9.44999980926514 9.43333339691162 9.48333358764648 9.44999980926514 9.5 9.55000019073486 9.55000019073486 9.58333301544189 9.58333301544189 9.58333301544189 9.55000019073486 9.56666660308838 9.58333301544189 9.56666660308838 9.56666660308838 9.56666660308838 9.55000019073486 9.56666660308838 9.56666660308838 9.58333301544189 5.76666688919067
5.56666660308838 5.53333330154419 5.26666688919067 5.23333311080933 5.31666660308838 5.43333339691162 5.5 5.51666688919067 5.55000019073486 5.53333330154419 5.53333330154419 5.48333358764648 5.43333339691162 5.43333339691162 5.44999980926514 5.46666669845581 5.44999980926514 5.44999980926514 5.44999980926514 5.43333339691162 5.41666698455811 5.44999980926514 5.48333358764648 5.5 5.5 5.46666669845581 5.48333358764648 5.53333330154419 5.54999971389771 9.39999961853027 9.41666698455811 9.44999980926514 9.44999980926514 9.44999980926514 9.46666622161865 9.5 9.5 9.46666622161865 9.44999980926514 9.46666622161865 9.48333358764648 9.55000019073486 9.58333301544189 9.58333301544189 9.58333301544189 9.58333301544189 9.60000038146973 9.58333301544189 9.60000038146973 9.60000038146973 9.58333301544189 9.61666679382324 9.60000038146973 9.63333320617676 9.63333320617676 9.63333320617676 9.63333320617676 9.63333320617676 5.78333330154419 5.78333330154419
5.58333349227905 5.53333330154419 5.33333349227905 5.16666650772095 5.16666650772095 5.31666660308838 5.44999980926514 5.51666688919067 5.55000019073486 5.55000019073486 5.55000019073486 5.48333358764648 5.44999980926514 5.44999980926514 5.51666688919067 5.5 5.46666669845581 5.44999980926514 5.44999980926514 5.44999980926514 5.43333339691162 5.41666650772095 5.46666669845581 5.5 5.5 5.51666688919067 5.51666688919067 5.5 5.51666688919067 5.53333330154419 9.43333339691162 9.44999980926514 9.39999961853027 9.41666603088379 9.48333358764648 9.51666641235352 9.55000019073486 9.55000019073486 9.55000019073486 9.55000019073486 9.55000019073486 9.53333282470703 9.53333282470703 9.53333282470703 9.53333282470703 9.58333301544189 9.56666660308838 9.60000038146973 9.58333301544189 9.56666660308838 9.56666660308838 9.60000038146973 9.60000038146973 9.65000057220459 9.65000057220459 9.61666679382324 9.65000057220459 9.65000057220459 9.60000038146973 9.66666698455811
5.59999990463257 5.55000019073486 5.48333311080933 5.36666679382324 5.31666660308838 5.16666650772095 5.28333330154419 5.44999980926514 5.58333349227905 5.58333349227905 5.58333349227905 5.51666688919067 5.48333358764648 5.5 5.53333330154419 5.53333330154419 5.48333358764648 5.48333358764648 5.46666669845581 5.45000028610229 5.41666650772095 5.46666669845581 5.53333330154419 5.56666660308838 5.55000019073486 5.5 5.54999971389771 5.53333330154419 5.51666688919067 5.54999971389771 9.41666603088379 9.41666603088379 9.41666603088379 9.44999980926514 9.48333358764648 9.5 9.5 9.51666641235352 9.51666641235352 9.5 9.5 9.5 9.51666641235352 9.55000019073486 9.58333301544189 9.58333301544189 9.60000038146973 9.56666660308838 9.58333301544189 9.60000038146973 9.60000038146973 9.60000038146973 9.63333320617676 9.64999961853027 9.61666679382324 9.60000038146973 9.61666679382324 9.61666679382324 9.61666679382324 9.61666679382324
5.65000009536743 5.59999990463257 5.56666660308838 5.48333311080933 5.55000019073486 5.5 5.48333311080933 5.55000019073486 5.61666679382324 5.66666650772095 5.59999990463257 5.56666660308838 5.55000019073486 5.56666660308838 5.55000019073486 5.53333330154419 5.55000019073486 5.48333358764648 5.43333339691162 5.48333358764648 5.5 5.53333330154419 5.55000019073486 5.59999990463257 5.59999990463257 5.55000019073486 5.53333330154419 9.39999961853027 9.39999961853027 5.51666688919067 9.41666603088379 9.39999961853027 9.43333339691162 9.43333339691162 9.44999980926514 9.48333358764648 9.5 9.5 9.48333263397217 9.5 9.51666641235352 9.51666641235352 9.51666641235352 9.56666660308838 9.58333301544189 9.56666660308838 9.63333320617676 9.60000038146973 9.63333320617676 9.64999961853027 9.63333320617676 9.63333320617676 9.63333320617676 9.63333320617676 9.63333320617676 9.66666698455811 9.66666698455811 9.63333320617676 9.63333320617676 9.61666679382324
9.51666736602783 5.70000028610229 5.66666698455811 5.65000009536743 5.66666698455811 5.65000009536743 5.65000009536743 5.65000009536743 5.65000009536743 5.69999980926514 9.51666641235352 5.66666650772095 9.5 9.48333358764648 5.58333349227905 5.58333349227905 5.58333349227905 5.51666688919067 5.51666688919067 5.56666660308838 5.53333330154419 5.56666660308838 5.56666660308838 5.56666660308838 9.43333339691162 9.43333339691162 9.39999961853027 9.39999961853027 9.41666603088379 9.38333320617676 9.38333320617676 9.43333339691162 9.44999980926514 9.44999980926514 9.51666641235352 9.51666641235352 9.51666641235352 9.51666641235352 9.51666641235352 9.5 9.53333282470703 9.58333301544189 9.58333301544189 9.61666679382324 9.63333320617676 9.63333320617676 9.63333320617676 9.63333320617676 9.64999961853027 9.68333339691162 9.68333339691162 9.71666717529297 9.69999980926514 9.69999980926514 9.69999980926514 9.69999980926514 9.68333339691162 9.66666698455811 9.66666698455811 9.66666698455811
9.53333377838135 5.76666641235352 5.73333358764648 5.73333358764648 5.73333358764648 5.71666669845581 5.75 5.73333311080933 9.58333301544189 5.70000028610229 5.69999980926514 5.69999980926514 5.68333339691162 9.51666641235352 9.51666641235352 9.53333282470703 9.51666641235352 5.61666631698608 5.58333349227905 5.58333349227905 5.58333349227905 5.58333349227905 5.56666660308838 9.40000057220459 9.41666698455811 9.44999980926514 9.43333339691162 9.41666698455811 9.44999980926514 9.44999980926514 9.44999980926514 9.44999980926514 9.44999980926514 9.46666622161865 9.46666622161865 9.5 9.5 9.51666641235352 9.56666660308838 9.56666660308838 9.56666660308838 9.60000038146973 9.64999961853027 9.64999961853027 9.70000076293945 9.69999980926514 9.68333339691162 9.68333339691162 9.68333339691162 9.68333339691162 9.69999980926514 9.73333358764648 9.71666717529297 9.71666717529297 9.71666717529297 9.69999980926514 9.68333339691162 9.68333339691162 9.68333339691162 9.69999980926514
9.63333320617676 9.64999961853027 9.63333320617676 9.64999961853027 9.64999961853027 9.68333339691162 9.64999961853027 9.64999961853027 9.64999961853027 9.61666679382324 9.59999942779541 9.58333301544189 9.55000019073486 9.53333377838135 5.69999980926514 9.55000019073486 9.51666641235352 5.63333320617676 9.48333358764648 9.48333358764648 9.48333358764648 9.44999980926514 9.40000057220459 9.44999980926514 9.44999980926514 9.43333339691162 9.41666698455811 9.40000057220459 9.44999980926514 9.44999980926514 9.44999980926514 9.48333358764648 9.46666622161865 9.5 9.46666622161865 9.46666622161865 9.48333358764648 9.5 9.5 9.55000019073486 9.60000038146973 9.61666679382324 9.61666679382324 9.66666698455811 9.71666717529297 9.76666641235352 9.76666641235352 9.78333377838135 9.75 9.73333358764648 9.73333358764648 9.73333358764648 9.71666717529297 9.71666717529297 9.71666717529297 9.71666717529297 9.69999980926514 9.69999980926514 9.69999980926514 9.69999980926514
9.64999961853027 9.73333358764648 9.75 9.75 9.75 9.75 9.71666622161865 9.71666622161865 9.73333358764648 9.69999980926514 9.69999980926514 9.68333339691162 9.66666603088379 9.64999961853027 9.63333320617676 9.61666679382324 9.61666679382324 9.61666679382324 9.58333301544189 9.5 9.44999980926514 9.43333339691162 9.48333358764648 9.44999980926514 9.44999980926514 9.44999980926514 9.43333339691162 9.40000057220459 9.40000057220459 9.44999980926514 9.46666622161865 9.5 9.53333282470703 9.53333282470703 9.5 9.5 9.48333358764648 9.53333282470703 9.55000019073486 9.55000019073486 9.56666660308838 9.60000038146973 9.68333339691162 9.68333339691162 9.73333358764648 9.75 9.78333377838135 9.78333377838135 9.78333377838135 9.78333377838135 9.78333377838135 9.73333358764648 9.73333358764648 9.73333358764648 9.73333358764648 9.73333358764648 9.75 9.75 9.73333358764648 9.78333377838135
5.83333349227905 9.69999980926514 9.76666641235352 9.85000038146973 9.85000038146973 9.85000038146973 9.80000019073486 9.83333301544189 9.83333301544189 9.80000019073486 9.80000019073486 9.76666641235352 9.75 9.75 9.71666717529297 9.68333339691162 9.63333320617676 9.61666679382324 9.59999942779541 9.53333377838135 9.46666717529297 9.48333358764648 9.43333339691162 9.48333358764648 9.44999980926514 9.41666698455811 9.38333320617676 9.40000057220459 9.40000057220459 9.41666698455811 9.46666622161865 9.48333358764648 9.51666641235352 9.60000038146973 9.56666660308838 9.53333282470703 9.53333282470703 9.56666660308838 9.56666660308838 9.56666660308838 9.56666660308838 9.64999961853027 9.69999980926514 9.73333358764648 9.81666660308838 9.83333301544189 9.83333301544189 9.83333301544189 9.88333320617676 9.85000038146973 9.85000038146973 9.81666660308838 9.81666660308838 9.78333377838135 9.78333377838135 9.78333377838135 9.75 9.80000019073486 9.73333358764648 9.73333358764648
9.69999980926514 9.73333263397217 9.75 9.76666641235352 9.85000038146973 9.85000038146973 9.85000038146973 9.85000038146973 9.80000019073486 9.75 9.71666622161865 9.69999980926514 9.66666603088379 9.66666603088379 9.64999961853027 9.66666603088379 9.63333320617676 9.64999961853027 9.68333339691162 9.59999942779541 9.55000019073486 9.58333301544189 9.56666660308838 9.55000019073486 9.48333358764648 9.48333358764648 9.48333358764648 9.48333358764648 9.46666717529297 9.44999980926514 9.46666717529297 9.51666641235352 9.55000019073486 9.58333301544189 9.60000038146973 9.60000038146973 9.56666660308838 9.56666660308838 9.56666660308838 9.53333282470703 9.58333301544189 9.64999961853027 9.66666698455811 9.73333358764648 9.76666641235352 9.83333301544189 9.83333301544189 9.88333320617676 9.88333320617676 9.88333320617676 9.88333320617676 9.83333301544189 9.83333301544189 9.80000019073486 9.76666641235352 9.75 9.73333358764648 9.73333358764648 9.73333358764648 9.73333358764648
9.76666641235352 9.76666641235352 9.78333282470703 9.75 9.75 9.75 9.75 9.75 9.73333263397217 9.64999961853027 9.64999961853027 9.66666603088379 9.61666679382324 9.63333320617676 9.66666603088379 9.64999961853027 9.66666603088379 9.66666698455811 9.68333339691162 9.68333339691162 9.63333320617676 9.61666679382324 9.55000019073486 9.55000019073486 9.53333377838135 9.53333377838135 9.51666641235352 9.53333282470703 9.5 9.48333358764648 9.5 9.5 9.51666641235352 9.58333301544189 9.58333301544189 9.59999942779541 9.64999961853027 9.63333320617676 9.63333320617676 9.59999942779541 9.66666698455811 9.64999961853027 9.71666717529297 9.75 9.83333301544189 9.83333301544189 9.83333301544189 9.83333301544189 9.83333301544189 9.88333320617676 9.88333320617676 9.88333320617676 9.86666679382324 9.81666660308838 9.80000019073486 9.75 9.71666717529297 9.75 9.71666717529297 9.71666717529297
9.71666622161865 9.75 9.75 9.69999980926514 9.69999980926514 9.69999980926514 9.69999980926514 9.69999980926514 9.64999961853027 9.61666679382324 9.64999961853027 9.60000038146973 9.60000038146973 9.61666679382324 9.61666679382324 9.61666679382324 9.64999961853027 9.69999980926514 9.69999980926514 9.69999980926514 9.66666603088379 9.64999961853027 9.64999961853027 9.63333320617676 9.58333301544189 9.56666660308838 9.56666660308838 9.59999942779541 9.53333282470703 9.51666641235352 9.51666641235352 9.53333282470703 9.53333282470703 9.55000019073486 9.59999942779541 9.59999942779541 9.59999942779541 9.59999942779541 9.61666679382324 9.66666698455811 9.66666698455811 9.69999980926514 9.73333358764648 9.76666641235352 9.80000019073486 9.88333320617676 9.86666679382324 9.85000038146973 9.93333339691162 9.85000038146973 9.85000038146973 9.86666679382324 9.85000038146973 9.83333301544189 9.80000019073486 9.75 9.75 9.75 9.75 9.75
9.69999980926514 9.68333339691162 9.66666698455811 9.60000038146973 9.64999961853027 9.64999961853027 9.61666679382324 9.60000038146973 9.61666679382324 9.63333320617676 9.60000038146973 9.61666679382324 9.60000038146973 9.60000038146973 9.60000038146973 9.63333320617676 9.66666603088379 9.64999961853027 9.64999961853027 9.73333358764648 9.75 9.69999980926514 9.71666622161865 9.71666622161865 9.68333339691162 9.66666603088379 9.64999961853027 9.61666679382324 9.56666660308838 9.56666660308838 9.55000019073486 9.56666660308838 9.58333301544189 9.56666660308838 9.55000019073486 9.58333301544189 9.59999942779541 9.59999942779541 9.61666679382324 9.66666698455811 9.75 9.75 9.76666641235352 9.83333396911621 9.85000038146973 9.86666679382324 9.88333320617676 9.88333320617676 9.88333320617676 9.88333320617676 9.89999961853027 9.85000038146973 9.83333396911621 9.83333396911621 9.80000019073486 9.80000019073486 9.81666660308838 9.80000019073486 9.76666641235352 9.80000019073486
9.68333339691162 9.66666603088379 9.60000038146973 9.60000038146973 9.60000038146973 9.60000038146973 9.56666660308838 9.56666660308838 9.56666660308838 9.60000038146973 9.61666679382324 9.61666679382324 9.61666679382324 9.61666679382324 9.61666679382324 9.63333320617676 9.63333320617676 9.63333320617676 9.68333339691162 9.71666622161865 9.75 9.83333301544189 9.85000038146973 9.83333301544189 9.76666641235352 9.76666641235352 9.66666603088379 9.68333339691162 9.63333320617676 9.59999942779541 9.61666679382324 9.61666679382324 9.59999942779541 9.59999942779541 9.56666660308838 9.59999942779541 9.61666679382324 9.63333320617676 9.63333320617676 9.69999980926514 9.75 9.80000019073486 9.83333396911621 9.86666679382324 9.86666679382324 9.88333320617676 9.86666679382324 9.86666679382324 9.88333320617676 9.88333320617676 9.86666679382324 9.86666679382324 9.78333377838135 9.80000019073486 9.76666641235352 9.75 9.81666660308838 9.81666660308838 9.80000019073486 9.83333396911621
9.73333358764648 9.64999961853027 9.61666679382324 9.60000038146973 9.60000038146973 9.60000038146973 9.58333396911621 9.58333396911621 9.60000038146973 9.58333396911621 9.58333396911621 9.61666679382324 9.66666603088379 9.63333320617676 9.63333320617676 9.63333320617676 9.63333320617676 9.64999961853027 9.69999980926514 9.75 9.78333377838135 9.85000038146973 9.88333320617676 9.88333320617676 9.85000038146973 9.76666641235352 9.69999980926514 9.66666603088379 9.66666603088379 9.64999961853027 9.63333320617676 9.64999961853027 9.63333320617676 9.58333301544189 9.55000019073486 9.58333301544189 9.63333320617676 9.64999961853027 9.66666603088379 9.69999980926514 9.71666717529297 9.81666660308838 9.85000038146973 9.89999961853027 9.91666698455811 9.93333339691162 9.90000057220459 9.86666679382324 9.85000038146973 9.86666679382324 9.86666679382324 9.86666679382324 9.80000019073486 9.81666660308838 9.81666660308838 9.78333377838135 9.78333377838135 9.80000019073486 9.78333377838135 9.78333377838135
