Demos/Rbased/CrashCourse/data/climate_processing/PresentLayers/Shortia_galacifolia/bio_8.asc
NCOLS 523 
NROWS 122 
XLLCORNER -83.2916666667633 
YLLCORNER 34.9749999999364 
CELLSIZE 0.00833333333316142 
NODATA_value -9999 
[rows 27 to 53 of 122, columns 305 to 365 of 523]
22.2999992370605 22.3333339691162 22.3333339691162 22.3166656494141 22.3166656494141 22.3333339691162 22.3333339691162 22.3333339691162 22.3333339691162 22.3500003814697 22.4166660308838 22.4500007629395 22.5 22.466667175293 22.466667175293 22.3833332061768 22.3333339691162 22.3333339691162 22.3333339691162 22.4333343505859 22.4166660308838 22.4333343505859 22.466667175293 22.466667175293 22.466667175293 22.466667175293 22.5166664123535 22.466667175293 22.466667175293 22.466667175293 22.4833335876465 22.4333343505859 22.466667175293 22.466667175293 22.3833332061768 22.4833335876465 22.3666667938232 22.3333339691162 22.3166656494141 22.2999992370605 22.3166656494141 22.3333339691162 22.4333343505859 22.4500007629395 22.5 22.5499992370605 22.533332824707 22.6166667938232 22.6166667938232 22.6666660308838 22.7333335876465 22.7333335876465 22.716667175293 22.75 22.716667175293 22.6833324432373 22.6166667938232 22.6000003814697 22.533332824707 22.533332824707 22.5666675567627
22.283332824707 22.2333335876465 22.3166656494141 22.2999992370605 22.283332824707 22.3333339691162 22.3333339691162 22.4166660308838 22.3666667938232 22.4166660308838 22.466667175293 22.466667175293 22.466667175293 22.4166660308838 22.3999996185303 22.3666667938232 22.3666667938232 22.3999996185303 22.4333343505859 22.466667175293 22.466667175293 22.466667175293 22.466667175293 22.5 22.533332824707 22.5 22.4500007629395 22.4500007629395 22.4833335876465 22.4166660308838 22.4166660308838 22.4333343505859 22.4500007629395 22.4833335876465 22.533332824707 22.4833335876465 22.4333343505859 22.3833332061768 22.3833332061768 22.3333339691162 22.3333339691162 22.4166660308838 22.3999996185303 22.4333343505859 22.4166660308838 22.5 22.5833339691162 22.6333332061768 22.6333332061768 22.7000007629395 22.7333335876465 22.7666664123535 22.7333335876465 22.7333335876465 22.6833324432373 22.6833324432373 22.6000003814697 22.5833339691162 22.533332824707 22.5499992370605 22.5666675567627
22.25 22.2999992370605 22.2999992370605 22.2999992370605 22.3333339691162 22.3500003814697 22.4333343505859 22.4500007629395 22.4333343505859 22.466667175293 22.466667175293 22.4500007629395 22.3666667938232 22.3999996185303 22.4166660308838 22.4166660308838 22.4333343505859 22.466667175293 22.4833335876465 22.466667175293 22.4833335876465 22.5166664123535 22.5 22.533332824707 22.466667175293 22.3999996185303 22.3999996185303 22.4500007629395 22.4833335876465 22.5 22.5 22.5166664123535 22.5666656494141 22.5166664123535 22.5833339691162 22.5166664123535 22.4833335876465 22.466667175293 22.4333343505859 22.4166660308838 22.4166660308838 22.4500007629395 22.3833332061768 22.3833332061768 22.3999996185303 22.4500007629395 22.5166664123535 22.6333332061768 22.6333332061768 22.716667175293 22.783332824707 22.75 22.716667175293 22.7000007629395 22.6833324432373 22.6666660308838 22.6000003814697 22.5833339691162 22.5166664123535 22.533332824707 22.5833339691162
22.3166656494141 22.3333339691162 22.3833332061768 22.3999996185303 22.4166660308838 22.4333343505859 22.4333343505859 22.4333343505859 22.3833332061768 22.4166660308838 22.4500007629395 22.4166660308838 22.1999988555908 22.3999996185303 22.4166660308838 22.4166660308838 22.466667175293 22.466667175293 22.466667175293 22.5166664123535 22.533332824707 22.5499992370605 22.533332824707 22.466667175293 22.4333343505859 22.3833332061768 22.3999996185303 22.5 22.5 22.4500007629395 22.466667175293 22.5 22.533332824707 22.533332824707 22.533332824707 22.5833339691162 22.5833339691162 22.5666656494141 22.533332824707 22.4333343505859 22.4333343505859 22.466667175293 22.4333343505859 22.4333343505859 22.4166660308838 22.466667175293 22.533332824707 22.6333332061768 22.7000007629395 22.7333335876465 22.75 22.75 22.7333335876465 22.716667175293 22.6833324432373 22.6000003814697 22.6000003814697 22.5833339691162 22.5166664123535 22.533332824707 22.6000003814697
22.3833332061768 22.3833332061768 22.3500003814697 22.3666667938232 22.3666667938232 22.3833332061768 22.4333343505859 22.4166660308838 22.4166660308838 22.4166660308838 22.4166660308838 22.4166660308838 22.4166660308838 22.4833335876465 22.4333343505859 22.5 22.5166664123535 22.5166664123535 22.5499992370605 22.5499992370605 22.5499992370605 22.4833335876465 22.4500007629395 22.466667175293 22.3999996185303 22.3666667938232 22.4333343505859 22.5 22.466667175293 22.4500007629395 22.5166664123535 22.533332824707 22.533332824707 22.5500011444092 22.5500011444092 22.533332824707 22.533332824707 22.533332824707 22.5833339691162 22.533332824707 22.5166664123535 22.5499992370605 22.5499992370605 22.466667175293 22.4166660308838 22.5499992370605 22.533332824707 22.6333332061768 22.716667175293 22.7333335876465 22.783332824707 22.75 22.6833324432373 22.6833324432373 22.6666660308838 22.6000003814697 22.6166667938232 22.533332824707 22.5166664123535 22.533332824707 22.5833339691162
22.3500003814697 22.3500003814697 22.3166656494141 22.3333339691162 22.3500003814697 22.3999996185303 22.3999996185303 22.4166660308838 22.4333343505859 22.4500007629395 22.4333343505859 22.466667175293 22.5166664123535 22.5166664123535 22.5166664123535 22.5166664123535 22.533332824707 22.533332824707 22.5833320617676 22.5666656494141 22.5166664123535 22.4333343505859 22.3999996185303 22.4166660308838 22.466667175293 22.4333343505859 22.466667175293 22.4833335876465 22.5166664123535 22.5166664123535 22.5500011444092 22.5500011444092 22.5833339691162 22.6333332061768 22.6333332061768 22.6333332061768 22.6166667938232 22.6333332061768 22.6499996185303 22.6499996185303 22.6333332061768 22.6000003814697 22.5666656494141 22.5666656494141 22.5499992370605 22.5833339691162 22.6333332061768 22.6666660308838 22.7333335876465 22.783332824707 22.7999992370605 22.75 22.7333335876465 22.6833324432373 22.6666660308838 22.6499996185303 22.6000003814697 22.5833339691162 22.533332824707 22.6000003814697 22.5833339691162
22.2666664123535 22.2666664123535 22.3333339691162 22.3666667938232 22.4166660308838 22.4333343505859 22.4500007629395 22.466667175293 22.5 22.5 22.5166664123535 22.5166664123535 22.5166664123535 22.5499992370605 22.5499992370605 22.5166664123535 22.5499992370605 22.6000003814697 22.5666656494141 22.5166664123535 22.5 22.466667175293 22.3666667938232 22.3666667938232 22.4500007629395 22.4500007629395 22.4833335876465 22.5 22.5500011444092 22.6000003814697 22.6333332061768 22.6499996185303 22.6999988555908 22.75 22.7333335876465 22.75 22.7333335876465 22.7333335876465 22.75 22.6833343505859 22.6333332061768 22.6000003814697 22.6166667938232 22.6166667938232 22.5833339691162 22.5666675567627 22.6333332061768 22.6000003814697 22.6499996185303 22.7333335876465 22.7999992370605 22.7666664123535 22.7333335876465 22.6833324432373 22.7000007629395 22.6000003814697 22.5833339691162 22.5499992370605 22.5166664123535 22.5499992370605 22.5833339691162
22.25 22.283332824707 22.3666667938232 22.3666667938232 22.3500003814697 22.3833332061768 22.3833332061768 22.466667175293 22.4833335876465 22.5499992370605 22.5499992370605 22.5499992370605 22.5833320617676 22.6000003814697 22.6000003814697 22.5666656494141 22.6166667938232 22.6166667938232 22.5166664123535 22.4833335876465 22.5 22.4500007629395 22.3666667938232 22.3500003814697 22.4166660308838 22.4500007629395 22.5500011444092 22.5500011444092 22.6333332061768 22.716667175293 22.75 22.75 22.8166656494141 22.8500003814697 22.8666667938232 22.8500003814697 22.8833332061768 22.8333339691162 22.783332824707 22.6666660308838 22.6499996185303 22.6499996185303 22.6333332061768 22.6166667938232 22.5666675567627 22.5666675567627 22.5833339691162 22.6333332061768 22.6499996185303 22.6833343505859 22.783332824707 22.75 22.6499996185303 22.6833324432373 22.6833324432373 22.6499996185303 22.6000003814697 22.5666675567627 22.5666675567627 22.6000003814697 22.5166664123535
22.283332824707 22.3166656494141 22.2999992370605 22.3166656494141 22.3333339691162 22.3833332061768 22.3833332061768 22.466667175293 22.4833335876465 22.5 22.5166664123535 22.5166664123535 22.5166664123535 22.5166664123535 22.5166664123535 22.5833339691162 22.6166667938232 22.6000003814697 22.533332824707 22.466667175293 22.466667175293 22.4500007629395 22.3833332061768 22.4166660308838 22.4500007629395 22.5500011444092 22.5500011444092 22.6166667938232 22.6499996185303 22.7333335876465 22.8166656494141 22.8999996185303 22.9500007629395 23.0166664123535 23.0166664123535 23 22.9333343505859 22.8666667938232 22.8333339691162 22.75 22.716667175293 22.6833324432373 22.6666660308838 22.5833339691162 22.5833339691162 22.533332824707 22.5833339691162 22.5833339691162 22.6499996185303 22.7333335876465 22.7333335876465 22.6499996185303 22.6000003814697 22.6833324432373 22.6833324432373 22.6499996185303 22.6000003814697 22.533332824707 22.5666675567627 22.6499996185303 22.5666675567627
22.2999992370605 22.2999992370605 22.2999992370605 22.3333339691162 22.3666667938232 22.4166660308838 22.466667175293 22.4833335876465 22.4166660308838 22.4500007629395 22.4500007629395 22.4833335876465 22.5 22.5166664123535 22.5666675567627 22.5500011444092 22.5500011444092 22.5666675567627 22.4833335876465 22.466667175293 22.4500007629395 22.4500007629395 22.4500007629395 22.4500007629395 22.5 22.5500011444092 22.6166667938232 22.6833324432373 22.716667175293 22.8166656494141 22.8999996185303 22.9333343505859 23.0166664123535 23.033332824707 23.0666675567627 23.0166664123535 22.9500007629395 22.9333343505859 22.8666667938232 22.8500003814697 22.8500003814697 22.8166656494141 22.75 22.6666660308838 22.5833339691162 22.5833339691162 22.5833339691162 22.6499996185303 22.716667175293 22.7333335876465 22.716667175293 22.6166667938232 22.6499996185303 22.716667175293 22.6666660308838 22.6000003814697 22.6000003814697 22.533332824707 22.5499992370605 22.5666675567627 22.6666660308838
22.3166656494141 22.3333339691162 22.3666667938232 22.4166660308838 22.4166660308838 22.3999996185303 22.4166660308838 22.4166660308838 22.4333343505859 22.4833335876465 22.5166664123535 22.5666675567627 22.6000003814697 22.6000003814697 22.5500011444092 22.5666675567627 22.466667175293 22.5666675567627 22.5666675567627 22.466667175293 22.466667175293 22.466667175293 22.4833335876465 22.5 22.5500011444092 22.6166667938232 22.6499996185303 22.6666660308838 22.75 22.8500003814697 22.9166660308838 22.9333343505859 22.9833335876465 23.0166664123535 23.0499992370605 22.9833335876465 22.9500007629395 22.9500007629395 22.9500007629395 22.9166660308838 22.8666667938232 22.7999992370605 22.7999992370605 22.7333335876465 22.7000007629395 22.6499996185303 22.6499996185303 22.6333332061768 22.6499996185303 22.716667175293 22.7333335876465 22.7000007629395 22.7333335876465 22.6833324432373 22.6499996185303 22.6499996185303 22.6000003814697 22.5666675567627 22.6000003814697 22.6666660308838 22.6666660308838
22.3999996185303 22.3833332061768 22.3999996185303 22.3833332061768 22.3666667938232 22.3833332061768 22.4333343505859 22.4833335876465 22.5166664123535 22.533332824707 22.533332824707 22.5833339691162 22.6000003814697 22.5666675567627 22.5833339691162 22.5833339691162 22.5166664123535 22.5500011444092 22.5500011444092 22.5 22.5 22.5 22.5500011444092 22.5500011444092 22.6000003814697 22.6499996185303 22.6499996185303 22.6999988555908 22.75 22.8166656494141 22.8333339691162 22.8999996185303 22.9166660308838 22.9833335876465 23 22.9833335876465 22.966667175293 22.966667175293 22.9333343505859 22.9166660308838 22.8666667938232 22.783332824707 22.75 22.6833324432373 22.6833324432373 22.6833324432373 22.6833324432373 22.6499996185303 22.6666660308838 22.6499996185303 22.6499996185303 22.716667175293 22.7333335876465 22.7000007629395 22.6833324432373 22.6666660308838 22.6000003814697 22.5833339691162 22.6333332061768 22.6333332061768 22.6666660308838
22.3666667938232 22.3333339691162 22.3500003814697 22.3500003814697 22.3999996185303 22.466667175293 22.4833335876465 22.5 22.5166664123535 22.533332824707 22.5666675567627 22.6000003814697 22.5833339691162 22.5833339691162 22.6333332061768 22.5666675567627 22.5500011444092 22.5 22.4833335876465 22.466667175293 22.5 22.533332824707 22.5166664123535 22.5166664123535 22.5833339691162 22.6333332061768 22.6333332061768 22.6999988555908 22.75 22.783332824707 22.8333339691162 22.8666667938232 22.8999996185303 22.9833335876465 23.0166664123535 23 22.9500007629395 22.8833332061768 22.9333343505859 22.9166660308838 22.8166656494141 22.75 22.716667175293 22.6833324432373 22.6666660308838 22.6833324432373 22.716667175293 22.716667175293 22.7333335876465 22.716667175293 22.7000007629395 22.6666660308838 22.716667175293 22.716667175293 22.7000007629395 22.6000003814697 22.6166667938232 22.6000003814697 22.6333332061768 22.6166667938232 22.6666660308838
22.3333339691162 22.3500003814697 22.3833332061768 22.4333343505859 22.466667175293 22.4333343505859 22.4500007629395 22.5166664123535 22.533332824707 22.533332824707 22.533332824707 22.5500011444092 22.6166667938232 22.5666675567627 22.5666675567627 22.533332824707 22.533332824707 22.533332824707 22.4833335876465 22.4833335876465 22.5 22.5 22.5166664123535 22.533332824707 22.6166667938232 22.6499996185303 22.6666660308838 22.6833324432373 22.6833324432373 22.75 22.7999992370605 22.8500003814697 22.8999996185303 23 23 22.966667175293 22.966667175293 22.966667175293 22.8833332061768 22.8500003814697 22.7666664123535 22.7333335876465 22.6999988555908 22.6499996185303 22.6499996185303 22.6833324432373 22.7000007629395 22.6833324432373 22.6666660308838 22.6499996185303 22.6499996185303 22.716667175293 22.716667175293 22.716667175293 22.6833324432373 22.6166667938232 22.6499996185303 22.5833339691162 22.6166667938232 22.6666660308838 22.6666660308838
22.4166660308838 22.4500007629395 22.4500007629395 22.4166660308838 22.4166660308838 22.4500007629395 22.533332824707 22.5166664123535 22.4833335876465 22.4833335876465 22.5166664123535 22.5500011444092 22.6166667938232 22.533332824707 22.6000003814697 22.533332824707 22.5166664123535 22.5 22.5 22.5 22.5166664123535 22.533332824707 22.5666675567627 22.6166667938232 22.6499996185303 22.6833324432373 22.6666660308838 22.6333332061768 22.6666660308838 22.6999988555908 22.7999992370605 22.8666667938232 22.8999996185303 22.9333343505859 22.9500007629395 22.9333343505859 22.966667175293 22.8833332061768 22.8333339691162 22.7333335876465 22.716667175293 22.6833324432373 22.6666660308838 22.6666660308838 22.6499996185303 22.6666660308838 22.6166667938232 22.5833339691162 22.6666660308838 22.6000003814697 22.6000003814697 22.6499996185303 22.6666660308838 22.6833324432373 22.716667175293 22.6833324432373 22.6333332061768 22.6166667938232 22.6666660308838 22.7000007629395 22.6333332061768
22.4500007629395 22.3833332061768 22.3833332061768 22.3833332061768 22.4500007629395 22.533332824707 22.4833335876465 22.4833335876465 22.4833335876465 22.4833335876465 22.5166664123535 22.6166667938232 22.5833339691162 22.5833339691162 22.5833339691162 22.533332824707 22.5 22.5 22.5166664123535 22.5833339691162 22.5666675567627 22.5666675567627 22.6166667938232 22.6499996185303 22.6333332061768 22.6000003814697 22.6333332061768 22.6333332061768 22.6166667938232 22.6999988555908 22.7333335876465 22.7999992370605 22.8333339691162 22.8500003814697 22.9333343505859 22.9500007629395 22.9333343505859 22.8500003814697 22.7666664123535 22.7000007629395 22.716667175293 22.716667175293 22.7333335876465 22.6833324432373 22.6666660308838 22.6166667938232 22.5666675567627 22.6000003814697 22.6166667938232 22.6000003814697 22.6000003814697 22.6166667938232 22.6000003814697 22.6333332061768 22.716667175293 -9999 -9999 -9999 -9999 -9999 -9999
22.4166660308838 22.3666667938232 22.3833332061768 22.466667175293 22.5 22.4833335876465 22.466667175293 22.3999996185303 22.466667175293 22.5 22.5500011444092 22.5833339691162 22.5499992370605 22.6000003814697 22.5666675567627 22.5166664123535 22.5166664123535 22.533332824707 22.5833339691162 22.5833339691162 22.6166667938232 22.6166667938232 22.6333332061768 22.6833324432373 22.6166667938232 22.6000003814697 22.6000003814697 22.6000003814697 22.6166667938232 22.6333332061768 22.6999988555908 22.7333335876465 22.75 22.75 22.8500003814697 22.8999996185303 22.8166656494141 22.75 22.6833343505859 22.6333332061768 22.716667175293 22.716667175293 22.6999988555908 22.6833324432373 22.6166667938232 22.5833339691162 22.5833339691162 22.6000003814697 22.6000003814697 -9999 -9999 -9999 -9999 -9999 -9999 -9999 -9999 -9999 -9999 -9999 -9999
22.4166660308838 22.3666667938232 22.4166660308838 22.4500007629395 22.5166664123535 22.4833335876465 22.4333343505859 22.4166660308838 22.466667175293 22.533332824707 22.5833339691162 22.5166664123535 22.5666675567627 22.5666675567627 22.5 22.5166664123535 22.5166664123535 22.533332824707 22.5500011444092 22.5 22.5666675567627 22.6000003814697 22.6000003814697 22.6833324432373 22.6000003814697 22.6000003814697 22.5833339691162 22.6166667938232 22.6000003814697 22.5833339691162 22.6499996185303 22.6499996185303 22.6499996185303 22.75 22.8166656494141 22.783332824707 22.75 22.6833343505859 22.6333332061768 22.6666660308838 22.716667175293 22.7333335876465 22.7333335876465 22.6499996185303 -9999 -9999 -9999 -9999 -9999 -9999 -9999 -9999 -9999 -9999 -9999 -9999 -9999 -9999 -9999 -9999 -9999
22.4166660308838 22.4166660308838 22.466667175293 22.4833335876465 22.4833335876465 22.4833335876465 22.466667175293 22.4500007629395 22.5 22.5666675567627 22.5 22.4833335876465 22.5499992370605 22.4833335876465 22.5 22.533332824707 22.5 22.5 22.5 22.5 22.5499992370605 22.5833339691162 22.6333332061768 22.6666660308838 22.6000003814697 22.5833339691162 22.6000003814697 22.6000003814697 22.5833339691162 22.5499992370605 22.5666656494141 22.6333332061768 22.6666660308838 22.716667175293 22.716667175293 22.6833343505859 22.6499996185303 22.6000003814697 -9999 -9999 -9999 -9999 -9999 -9999 -9999 -9999 -9999 -9999 -9999 -9999 -9999 -9999 -9999 -9999 -9999 -9999 -9999 -9999 -9999 -9999 -9999
22.4333343505859 22.4166660308838 22.466667175293 22.533332824707 22.5 22.466667175293 22.4500007629395 22.466667175293 22.533332824707 22.533332824707 22.466667175293 22.466667175293 22.5 22.5 22.5166664123535 22.4833335876465 22.466667175293 22.5 22.5 22.533332824707 22.5833339691162 22.6000003814697 22.6000003814697 22.5833339691162 22.5833339691162 22.5833339691162 22.6166667938232 22.5666675567627 22.5499992370605 22.5499992370605 22.5499992370605 22.6333332061768 22.6333332061768 -9999 -9999 -9999 -9999 -9999 -9999 -9999 -9999 -9999 -9999 -9999 -9999 -9999 -9999 -9999 -9999 -9999 -9999 -9999 -9999 -9999 -9999 -9999 -9999 -9999 -9999 -9999 -9999
22.4500007629395 22.4333343505859 22.5166664123535 22.4833335876465 22.5 22.466667175293 22.4500007629395 22.4833335876465 22.5166664123535 22.5499992370605 22.5166664123535 22.4833335876465 22.4833335876465 22.4833335876465 22.4833335876465 22.5 22.5500011444092 22.533332824707 22.5666675567627 22.6000003814697 22.6000003814697 22.6166667938232 22.5833339691162 22.5499992370605 22.5499992370605 22.5833339691162 22.5833339691162 -9999 -9999 -9999 -9999 -9999 -9999 -9999 -9999 -9999 -9999 -9999 -9999 -9999 -9999 -9999 -9999 -9999 -9999 -9999 -9999 -9999 -9999 -9999 -9999 -9999 -9999 -9999 -9999 -9999 -9999 -9999 -9999 -9999 -9999
22.4333343505859 22.4333343505859 22.4333343505859 22.4500007629395 22.4833335876465 22.466667175293 22.4333343505859 22.466667175293 22.466667175293 22.4833335876465 22.5166664123535 22.4833335876465 22.5166664123535 22.5666675567627 22.5666675567627 22.5666675567627 22.5666675567627 22.5666675567627 22.6000003814697 22.6166667938232 22.6499996185303 22.6000003814697 -9999 -9999 -9999 -9999 -9999 -9999 -9999 -9999 -9999 -9999 -9999 -9999 -9999 -9999 -9999 -9999 -9999 -9999 -9999 -9999 -9999 -9999 -9999 -9999 -9999 -9999 -9999 -9999 -9999 -9999 -9999 -9999 -9999 -9999 -9999 -9999 -9999 -9999 -9999
22.4500007629395 22.4166660308838 22.4333343505859 22.4500007629395 22.4333343505859 22.4333343505859 22.4166660308838 22.4333343505859 22.4333343505859 22.466667175293 22.466667175293 22.4833335876465 22.5166664123535 22.5 22.533332824707 22.533332824707 22.5499992370605 -9999 -9999 -9999 -9999 -9999 -9999 -9999 -9999 -9999 -9999 -9999 -9999 -9999 -9999 -9999 -9999 -9999 -9999 -9999 -9999 -9999 -9999 -9999 -9999 -9999 -9999 -9999 -9999 -9999 -9999 -9999 -9999 -9999 -9999 -9999 -9999 -9999 -9999 -9999 -9999 -9999 -9999 -9999 -9999
22.466667175293 22.4333343505859 22.4500007629395 22.4500007629395 22.4500007629395 22.4500007629395 22.4333343505859 22.4166660308838 22.4166660308838 22.466667175293 22.4833335876465 -9999 -9999 -9999 -9999 -9999 -9999 -9999 -9999 -9999 -9999 -9999 -9999 -9999 -9999 -9999 -9999 -9999 -9999 -9999 -9999 -9999 -9999 -9999 -9999 -9999 -9999 -9999 -9999 -9999 -9999 -9999 -9999 -9999 -9999 -9999 -9999 -9999 -9999 -9999 -9999 -9999 -9999 -9999 -9999 -9999 -9999 -9999 -9999 -9999 -9999
22.533332824707 22.466667175293 22.533332824707 22.5 22.466667175293 22.5 -9999 -9999 -9999 -9999 -9999 -9999 -9999 -9999 -9999 -9999 -9999 -9999 -9999 -9999 -9999 -9999 -9999 -9999 -9999 -9999 -9999 -9999 -9999 -9999 -9999 -9999 -9999 -9999 -9999 -9999 -9999 -9999 -9999 -9999 -9999 -9999 -9999 -9999 -9999 -9999 -9999 -9999 -9999 -9999 -9999 -9999 -9999 -9999 -9999 -9999 -9999 -9999 -9999 -9999 -9999
22.533332824707 -9999 -9999 -9999 -9999 -9999 -9999 -9999 -9999 -9999 -9999 -9999 -9999 -9999 -9999 -9999 -9999 -9999 -9999 -9999 -9999 -9999 -9999 -9999 -9999 -9999 -9999 -9999 -9999 -9999 -9999 -9999 -9999 -9999 -9999 -9999 -9999 -9999 -9999 -9999 -9999 -9999 -9999 -9999 -9999 -9999 -9999 -9999 -9999 -9999 -9999 -9999 -9999 -9999 -9999 -9999 -9999 -9999 -9999 -9999 -9999
-9999 -9999 -9999 -9999 -9999 -9999 -9999 -9999 -9999 -9999 -9999 -9999 -9999 -9999 -9999 -9999 -9999 -9999 -9999 -9999 -9999 -9999 -9999 -9999 -9999 -9999 -9999 -9999 -9999 -9999 -9999 -9999 -9999 -9999 -9999 -9999 -9999 -9999 -9999 -9999 -9999 -9999 -9999 -9999 -9999 -9999 -9999 -9999 -9999 -9999 -9999 -9999 -9999 -9999 -9999 -9999 -9999 -9999 -9999 -9999 -9999
