Demos/Rbased/CrashCourse/data/climate_processing/PresentLayers/Shortia_galacifolia/bio_3.asc
NCOLS 212 
NROWS 170 
XLLCORNER -83.691666666421 
YLLCORNER 34.5083333333333 
CELLSIZE 0.00833333333316012 
NODATA_value -9999 
[rows 126 to 146 of 170, columns 47 to 93 of 212]
41.5621719360352 41.6666679382324 41.5099258422852 41.6145820617676 41.4855079650879 41.4344673156738 41.382869720459 41.3570671081543 41.2022705078125 41.2267074584961 41.1458320617676 41.1197929382324 41.015625 41.017650604248 41.0695762634277 40.9937896728516 41.0955352783203 41.0695762634277 41.0937538146973 41.0695724487305 41.017650604248 40.939769744873 41.1180763244629 40.8854179382324 40.9114570617676 40.9679107666016 40.8179016113281 40.7948722839355 40.7012214660645 40.7237510681152 40.7266273498535 40.6281661987305 40.6028366088867 40.5555572509766 40.4797973632812 40.6028366088867 40.3535346984863 40.3787879943848 40.4040412902832 40.3495445251465 40.4471549987793 40.4471549987793 40.3963432312012 40.4179420471191 40.3201217651367 40.4141082763672 40.461540222168
41.5887870788574 41.6407051086426 41.5625 41.3291778564453 41.3561096191406 41.3819885253906 41.3312683105469 41.3302268981934 41.124870300293 41.2008285522461 41.0416641235352 41.015625 41.0714302062988 41.0955352783203 40.9937896728516 41.0455474853516 41.0196685791016 41.0176544189453 41.0695724487305 40.9161491394043 40.9375 40.8854179382324 40.8854179382324 40.8333320617676 40.9114570617676 40.786750793457 40.7492370605469 40.8002014160156 40.6758117675781 40.625 40.6504058837891 40.5995941162109 40.5015182495117 40.5741882324219 40.4292945861816 40.501522064209 40.4292945861816 40.3787879943848 40.2777786254883 40.4217491149902 40.3709373474121 40.3455276489258 40.3455276489258 40.3201217651367 40.4652366638184 40.4320983886719 40.5056762695312
41.5372657775879 41.4344673156738 41.4078674316406 41.3561096191406 41.3561096191406 41.2037010192871 41.3043479919434 41.1522598266602 41.2022705078125 41.0732727050781 41.0455513000488 40.9937896728516 41.0455474853516 40.8926734924316 40.9679107666016 40.9916915893555 40.9937896728516 41.0196685791016 40.9161491394043 40.939769744873 41.015625 40.861888885498 40.9635391235352 40.9114570617676 40.812629699707 40.7407417297363 40.7464218139648 40.7237510681152 40.577507019043 40.5521774291992 40.625 40.5268478393555 40.5521774291992 40.4292945861816 40.4040412902832 40.3787879943848 40.3787879943848 40.3282852172852 40.3535346984863 40.298885345459 40.2228965759277 40.3414878845215 40.2650337219238 40.3455276489258 40.5128211975098 40.5572738647461 40.6832313537598
41.4070625305176 41.4078674316406 41.3054695129395 41.2294235229492 41.1779861450195 41.1522636413574 41.2525901794434 41.1734161376953 41.0973091125488 41.0714302062988 41.021671295166 40.9958686828613 40.8410720825195 40.9161491394043 41.0176544189453 40.9679069519043 40.8926696777344 40.890266418457 40.864387512207 40.8878479003906 40.9114570617676 40.9138107299805 40.8333320617676 40.9138107299805 40.792179107666 40.7208595275879 40.6982650756836 40.6758117675781 40.5521774291992 40.476188659668 40.5521774291992 40.4292945861816 40.4797973632812 40.4292945861816 40.3787879943848 40.3787879943848 40.4292907714844 40.3071517944336 40.3282814025879 40.3455276489258 40.2947158813477 40.2905197143555 40.2905197143555 40.4141120910645 40.4102554321289 40.5314750671387 40.5797119140625
41.3802070617676 41.3291816711426 41.2267074584961 41.2037048339844 41.1506690979004 41.2267074584961 41.0973091125488 41.1197891235352 40.9679107666016 41.0196685791016 40.9679107666016 41.0455474853516 41.0455474853516 40.9161491394043 40.866870880127 40.8926734924316 40.864387512207 40.8926734924316 40.838508605957 40.8878479003906 40.8359298706055 40.784008026123 40.8854141235352 40.6542053222656 40.7179489135742 40.6982650756836 40.5995941162109 40.5995941162109 40.5487785339355 40.5741882324219 40.5268478393555 40.4545440673828 40.3826789855957 40.4040412902832 40.3071479797363 40.2777786254883 40.3787879943848 40.277774810791 40.3787879943848 40.298885345459 40.2693099975586 40.3455276489258 40.2395515441895 40.4141082763672 40.4540748596191 40.5763244628906 40.703125
41.3291816711426 41.3561058044434 41.1779823303223 41.2538719177246 41.0990715026855 41.0973091125488 41.0695762634277 41.0176544189453 41.015625 41.0677070617676 41.0176544189453 40.8643913269043 40.890266418457 40.9420280456543 40.8668746948242 40.8926734924316 40.864387512207 40.890266418457 40.861888885498 40.786750793457 40.8359260559082 40.8072891235352 40.7552070617676 40.784008026123 40.7150192260742 40.669734954834 40.5963325500488 40.5963287353516 40.5708465576172 40.4979667663574 40.400203704834 40.4040412902832 40.4040412902832 40.3030319213867 40.3748741149902 40.2020225524902 40.3495445251465 40.2272720336914 40.2735557556152 40.2777786254883 40.2693099975586 40.1885833740234 40.3118629455566 40.3629875183105 40.424430847168 40.5763244628906 40.6510429382324
41.1779823303223 41.1522636413574 41.0512809753418 41.0751037597656 41.0236625671387 41.021671295166 41.0196685791016 41.0436134338379 40.9916954040527 40.9114608764648 40.9114608764648 40.9397735595703 40.939769744873 40.8926734924316 40.7894744873047 40.8878479003906 40.8099670410156 40.8099670410156 40.9114570617676 40.784008026123 40.8333320617676 40.78125 40.706127166748 40.7349891662598 40.6378593444824 40.5163612365723 40.4725608825684 40.400203704834 40.4508628845215 40.3282852172852 40.3282852172852 40.2525253295898 40.2567977905273 40.2777786254883 40.1767692565918 40.2735557556152 40.1722412109375 40.197566986084 40.1215782165527 40.0962524414062 40.2905197143555 40.2351722717285 40.2862968444824 40.3076934814453 40.4798774719238 40.5279502868652 40.5989570617676
41.1265449523926 41.0732727050781 41.0714263916016 41.0955352783203 41.0455474853516 41.0176544189453 41.0176544189453 40.9138107299805 40.9114608764648 40.9138107299805 40.861888885498 40.861888885498 40.8643913269043 40.8643913269043 40.812629699707 40.8854141235352 40.8072891235352 40.8072891235352 40.7291641235352 40.703125 40.7552070617676 40.7320899963379 40.6088752746582 40.6186103820801 40.5419235229492 40.4689102172852 40.5198783874512 40.3282852172852 40.4508628845215 40.400203704834 40.3282852172852 40.2777786254883 40.3030319213867 40.1560897827148 40.202018737793 40.197566986084 40.1469116210938 40.0962524414062 40.096248626709 40.2395477294922 40.1376152038574 40.230770111084 40.2051277160645 40.3250770568848 40.4540786743164 40.2734794616699 40.5244026184082
41.0474700927734 40.9958724975586 41.0455474853516 41.0436134338379 40.9916915893555 40.9397735595703 40.9657325744629 40.9613380432129 40.861888885498 40.9138107299805 40.8359260559082 40.838508605957 40.7378768920898 40.8099708557129 40.859375 40.78125 40.8307189941406 40.8568420410156 40.7291641235352 40.628246307373 40.706127166748 40.6121406555176 40.6410255432129 40.5453605651855 40.4725608825684 40.4217491149902 40.298885345459 40.2020225524902 40.3282852172852 40.2525253295898 40.2316207885742 40.130916595459 40.1057395935059 40.277774810791 40.1010093688965 40.1262626647949 40.1215782165527 40.0455932617188 40.0660552978516 40.1630973815918 40.1584854125977 40.1073608398438 40.3292198181152 40.1960792541504 40.3508796691895 40.325080871582 40.4503135681152
41.0973091125488 41.0695724487305 40.9420280456543 40.9420280456543 40.9420280456543 40.8902702331543 40.939769744873 40.8878517150879 40.9138107299805 40.861888885498 40.8385124206543 40.7378730773926 40.8618927001953 40.6801681518555 40.8829650878906 40.8045959472656 40.7523498535156 40.8307189941406 40.7291679382324 40.6314697265625 40.7120742797852 40.5641021728516 40.5963287353516 40.4725608825684 40.4255332946777 40.298885345459 40.400203704834 40.2525253295898 40.1767654418945 40.1560897827148 40.130916595459 40.1104431152344 40.2064437866211 40.1057395935059 40.1767654418945 40.075756072998 40.075756072998 40.1469116210938 40.0914611816406 40.0866470336914 40.1329231262207 40.1538467407227 40.2520561218262 40.2263412475586 40.2476806640625 40.1960792541504 40.2734794616699
40.9184722900391 41.0196685791016 40.9657325744629 40.9161491394043 40.9420280456543 40.812629699707 40.8878479003906 40.8099670410156 40.8099670410156 40.8385124206543 40.7894744873047 40.784008026123 40.8045959472656 40.78125 40.7552070617676 40.8045997619629 40.7552108764648 40.6770858764648 40.6801681518555 40.6378593444824 40.6121406555176 40.644172668457 40.5198783874512 40.4471549987793 40.4255332946777 40.2525253295898 40.202018737793 40.1560935974121 40.181266784668 40.1057395935059 40.0805625915527 40.0553855895996 39.9347381591797 39.9598388671875 40.0050354003906 40.096248626709 39.9747467041016 40 40.1676826477051 40.1121292114258 40.0817985534668 40.230770111084 40.2734794616699 40.2432708740234 40.2734794616699 40.2734794616699 40.2992782592773
40.8152732849121 40.9138107299805 40.8878479003906 40.7608680725098 40.864387512207 40.861888885498 40.8099670410156 40.8099670410156 40.786750793457 40.786750793457 40.8099708557129 40.6801681518555 40.6770820617676 40.78125 40.706127166748 40.706127166748 40.6022872924805 40.6022872924805 40.5797080993652 40.5349807739258 40.490795135498 40.4943923950195 40.3455276489258 40.3242149353027 40.2525253295898 40.3282814025879 40.2272720336914 40.2064437866211 40.1560935974121 40.08056640625 40.1262626647949 40.0553894042969 39.9798583984375 39.9798583984375 40.1010093688965 39.9949340820312 39.9442749023438 40.0660591125488 40.0406494140625 40.0866470336914 40.1538467407227 40.0977363586426 40.2006187438965 40.2691535949707 40.3209114074707 40.067081451416 39.9896812438965
40.9375 40.9114570617676 40.8099670410156 40.784008026123 40.8099670410156 40.8099670410156 40.784008026123 40.7608680725098 40.6862754821777 40.6573524475098 40.6862716674805 40.6832275390625 40.7320899963379 40.6088752746582 40.6832275390625 40.6022834777832 40.7001037597656 40.625 40.4984436035156 40.4282760620117 40.4141082763672 40.3709373474121 40.3963432312012 40.3495445251465 40.298885345459 40.202018737793 40.130916595459 40.130916595459 40.1767654418945 40.0302124023438 40.0302124023438 40.0302124023438 39.9798583984375 39.9747467041016 40.0252532958984 39.9189453125 40.0611610412598 40.0866470336914 39.9847106933594 40.0817985534668 40.1282043457031 40.0720176696777 40.1960792541504 40.2907600402832 40.2691535949707 40.1656341552734 40.1138725280762
40.859375 40.859375 40.8333320617676 40.7552070617676 40.7580490112305 40.7580490112305 40.5056762695312 40.6346740722656 40.6088752746582 40.6088752746582 40.6088752746582 40.660472869873 40.6635818481445 40.6378593444824 40.5864219665527 40.5797080993652 40.5989608764648 40.502067565918 40.3508758544922 40.3806571960449 40.4358978271484 40.2947158813477 40.3455276489258 40.2482261657715 40.1767692565918 40.2735557556152 40.1057395935059 40.1010093688965 40.075756072998 40.0252494812012 40.1010093688965 39.9798583984375 40.0252532958984 39.8791542053223 39.924243927002 40.0152435302734 40.0356788635254 40.1121292114258 40.0817985534668 40.0306739807129 40.0769271850586 40.067081451416 40.2907600402832 40.2128791809082 40.2647972106934 40.1349945068359 40.0103530883789
40.706127166748 40.7291641235352 40.7291641235352 40.628246307373 40.7320861816406 40.6832313537598 40.706127166748 40.6542053222656 40.625 40.6542053222656 40.628246307373 40.6862754821777 40.5641021728516 40.6410255432129 40.5349807739258 40.406379699707 40.4947929382324 40.3806571960449 40.4871788024902 40.2905197143555 40.1676826477051 40.2693099975586 40.2482261657715 40.2947158813477 40.197566986084 40.1515159606934 40.1767654418945 40.075756072998 40.1515159606934 40.075756072998 40.0505065917969 39.9747467041016 39.9494972229004 40 39.9442749023438 40.0611610412598 40.061164855957 39.9082565307617 39.953987121582 39.9743576049805 40.0462989807129 40.1915130615234 40.1869163513184 40.1822929382324 40.1349945068359 40.1609535217285 40.0879936218262
40.5989570617676 40.703125 40.625 40.628246307373 40.5056762695312 40.6542053222656 40.6770858764648 40.628246307373 40.5763244628906 40.6801643371582 40.5572776794434 40.6088752746582 40.5606994628906 40.5384635925293 40.5384635925293 40.450309753418 40.4244270324707 40.3629875183105 40.3885498046875 40.3414878845215 40.3160057067871 40.2228965759277 40.2228965759277 40.1722373962402 40.197566986084 40.1010093688965 40.0805625915527 40.1010093688965 40.1010093688965 40.0505065917969 39.9798583984375 39.924243927002 39.9494972229004 39.8484840393066 39.9696044921875 39.9644317626953 39.9847106933594 39.979549407959 39.9539909362793 39.9948577880859 40.0154800415039 40.1138725280762 40.1822891235352 40.1302108764648 40.0571136474609 40.0830726623535 40.0621109008789
40.546875 40.5503616333008 40.5763244628906 40.5538291931152 40.6510429382324 40.4984436035156 40.4984436035156 40.4984436035156 40.476188659668 40.5092582702637 40.5092582702637 40.5864181518555 40.5864181518555 40.4615364074707 40.5384635925293 40.4578170776367 40.4320983886719 40.3374252319336 40.2693099975586 40.2650375366211 40.2184982299805 40.1722412109375 40.1767654418945 40.0252532958984 40 40.1010093688965 40.0050354003906 40.0505027770996 40.0505065917969 40.0252532958984 39.9546813964844 39.8989906311035 39.8484840393066 39.842960357666 39.8682861328125 39.8882141113281 39.8373985290527 39.8827743530273 39.9795532226562 39.9230804443359 39.9638824462891 40.0103530883789 39.9844741821289 40.1041679382324 40.1349945068359 40.0571136474609 40.0362319946289
40.5244026184082 40.4540786743164 40.5503616333008 40.4724807739258 40.4205589294434 40.450309753418 40.4724807739258 40.4798774719238 40.5538330078125 40.3766784667969 40.5020713806152 40.5092582702637 40.461540222168 40.3589744567871 40.3669738769531 40.3885498046875 40.3374252319336 40.3374252319336 40.2650375366211 40.1930885314941 40.0962524414062 40.0709228515625 40.1262626647949 40.0252494812012 40.1010093688965 40.0050354003906 40.0505065917969 40 40.0252532958984 39.9798583984375 39.8791542053223 39.9442749023438 39.797981262207 39.7222213745117 39.842960357666 39.8373985290527 39.7611770629883 39.7611808776855 39.8063201904297 39.7553520202637 39.8717956542969 39.9691352844238 39.8405342102051 39.9844741821289 39.9380798339844 39.8148155212402 39.8461570739746
40.4024772644043 40.4465179443359 40.4205627441406 40.5433654785156 40.4947929382324 40.424430847168 40.5314750671387 40.4798736572266 40.4761924743652 40.2777786254883 40.4063758850098 40.3589744567871 40.3629875183105 40.3589744567871 40.3160057067871 40.2905197143555 40.2395515441895 40.2140693664551 40.2650375366211 40.1930885314941 40.0914649963379 40.020263671875 40.0252532958984 40.0252532958984 40 40.0505065917969 40.0252532958984 39.9747467041016 39.9494972229004 39.9546813964844 39.828800201416 39.8484840393066 39.8682861328125 39.8232345581055 39.7474746704102 39.8373985290527 39.7357711791992 39.7103691101074 39.8318061828613 39.659553527832 39.780834197998 39.8261756896973 39.7239265441895 39.7179489135742 39.8461532592773 39.6410255432129 39.8461532592773
40.2432708740234 40.3209114074707 40.3645820617676 40.3866271972656 40.4166641235352 40.450309753418 40.4102554321289 40.3333358764648 40.4024772644043 40.4282760620117 40.329216003418 40.3333320617676 40.3118629455566 40.3374252319336 40.2905197143555 40.2905197143555 40.2395515441895 40.1631011962891 40.1930885314941 40.142276763916 39.9949340820312 40.020263671875 39.9242401123047 39.9747467041016 39.8989868164062 40.0252532958984 40 39.9747467041016 39.924243927002 39.8791542053223 39.9494934082031 39.7727279663086 39.8936157226562 39.7727279663086 39.6212120056152 39.741641998291 39.5896644592285 39.6087379455566 39.7103652954102 39.640323638916 39.6849594116211 39.6849594116211 39.729866027832 39.576961517334 39.5449905395508 39.4938659667969 39.5961151123047
40.3167190551758 40.2647972106934 40.2864570617676 40.3125 40.4166641235352 40.3167190551758 40.3766746520996 40.4358978271484 40.2820510864258 40.2051277160645 40.4578170776367 40.2863006591797 40.2607383728027 40.3118629455566 40.1930885314941 40.2439041137695 40.2439041137695 40.1930885314941 40.0660552978516 40.116870880127 39.9696044921875 39.8737373352051 40.020263671875 40.020263671875 39.924243927002 40.020263671875 39.9747467041016 39.924243927002 39.7532730102539 39.8484840393066 39.8989906311035 39.842960357666 39.8232307434082 39.7474746704102 39.7727279663086 39.6717185974121 39.640323638916 39.5202026367188 39.564338684082 39.5707054138184 39.5896644592285 39.5643348693848 39.5071144104004 39.4817085266113 39.5071144104004 39.4817085266113 39.4376907348633
