Demos/Rbased/CrashCourse/data/climate_processing/PresentLayers/Shortia_galacifolia/bio_3.asc
NCOLS 212 
NROWS 170 
XLLCORNER -83.691666666421 
YLLCORNER 34.5083333333333 
CELLSIZE 0.00833333333316012 
NODATA_value -9999 
[rows 42 to 62 of 170, columns 0 to 46 of 212]
-9999 -9999 -9999 -9999 -9999 -9999 -9999 37.9408416748047 38.0261650085449 38.2653045654297 38.3786849975586 37.6297569274902 37.7298851013184 38.265308380127 38.0172424316406 37.7739334106445 37.5289344787598 36.9718322753906 36.4952735900879 36.4768676757812 36.4472122192383 36.6607780456543 36.4472122192383 35.5374374389648 34.5679016113281 35.1212120056152 37.1212120056152 38.5310745239258 39.1666679382324 39.3487854003906 39.4389457702637 40.3763427734375 40.0215759277344 40.6283302307129 39.8268394470215 38.4507827758789 37.5995445251465 38.0912170410156 39.4188613891602 39.3715858459473 40.6784210205078 42.0289878845215 42.9797973632812 42.0278625488281 41.7445487976074 42.7744216918945 42.2764205932617
-9999 -9999 -9999 -9999 -9999 -9999 -9999 38.1235847473145 38.7485961914062 39.4114418029785 38.552188873291 37.5432548522949 37.0920753479004 37.4564476013184 36.6134757995605 36.7370872497559 36.6430282592773 36.4768676757812 35.9205780029297 35.5151519775391 34.6863479614258 34.2936820983887 33.5534591674805 33.0470733642578 34.7478485107422 35.6498184204102 36.0416679382324 36.8006973266602 37.883960723877 38.9258041381836 40.43408203125 41.0317459106445 41.2460594177246 41.5364570617676 40.3269004821777 39.4262313842773 38.2435455322266 37.6848678588867 39.1914176940918 40.575080871582 41.5882949829102 41.7698669433594 42.0794639587402 42.9545478820801 42.6767692565918 42.9679679870605 42.2051277160645
-9999 -9999 -9999 -9999 -9999 -9999 -9999 38.6566352844238 39.6655693054199 39.7203941345215 38.6261253356934 37.8865966796875 38.1968116760254 38.4009017944336 37.1794891357422 38.1156921386719 38.2420082092285 37.8160934448242 37.6724166870117 36.9131469726562 35.6280174255371 35.9319000244141 35.5215835571289 34.2627029418945 35.6197357177734 37.0789794921875 37.8579635620117 36.7543869018555 38.1235809326172 38.870433807373 40.1564178466797 41.328125 41.3020820617676 41.8472633361816 40.661376953125 39.1089096069336 39.1447372436523 38.5555572509766 38.0912170410156 39.8809509277344 40.1929244995117 40.0485420227051 40.3846168518066 42.0031051635742 42.7272758483887 43.3333320617676 42.6010093688965
-9999 -9999 -9999 -9999 -9999 -9999 -9999 38.9258003234863 40.2912635803223 39.7875823974609 38.5802459716797 38.8796005249023 39.3487854003906 38.6261253356934 37.8293228149414 38.6083030700684 39.6655693054199 39.2419166564941 38.9821014404297 37.6009216308594 37.6736106872559 38.2821388244629 37.6009216308594 35.7014389038086 36.081241607666 37.8710060119629 38.907470703125 37.8139266967773 38.6465339660645 39.4736862182617 40.8439483642578 41.9246635437012 41.4838027954102 42.1553497314453 41.1979141235352 40.2197227478027 38.907283782959 38.0592842102051 37.9786033630371 37.7118644714355 38.2882881164551 38.7222213745117 39.6786499023438 40.73779296875 41.2225685119629 42.5025329589844 43.1840782165527
-9999 -9999 -9999 -9999 -9999 -9999 -9999 40.1515159606934 40.8704872131348 40.3804931640625 39.9350662231445 39.9565696716309 38.9353408813477 38.664421081543 39.4591598510742 40.503246307373 40.7556266784668 40.7020378112793 40.0273208618164 39.6107444763184 39.9726791381836 39.1111106872559 37.5 36.0714263916016 36.9005851745605 38.1802711486816 39.3964576721191 39.1666679382324 39.2660064697266 40.7614479064941 41.4838027954102 41.9762649536133 42.4057083129883 42.0769233703613 40.7964134216309 40.2510681152344 39.2896194458008 39.515251159668 38.2435455322266 37.8117904663086 38.5277786254883 40.2373237609863 40.8439483642578 41.1919822692871 41.8472633361816 42.4566764831543 43.1840782165527
-9999 -9999 -9999 -9999 -9999 -9999 -9999 40.711254119873 41.1656112670898 40.3763427734375 39.7814178466797 38.7123756408691 39.1583061218262 40.4261054992676 40.8920936584473 41.4826507568359 41.8495292663574 41.0828018188477 41.054313659668 41.105770111084 40 38.6723175048828 37.9438705444336 39.0572395324707 37.8865966796875 38.3674621582031 39.781421661377 40.3365898132324 39.0277786254883 39.9180335998535 40.9788360595703 42.3333358764648 42.7337417602539 41.8478240966797 40.575080871582 40.8227844238281 40.4113273620605 39.576545715332 37.9096069335938 38.8611106872559 39.4335517883301 41.0031852722168 41.5094337463379 41.009464263916 41.6925468444824 42.4542655944824 43.4223556518555
-9999 -9999 -9999 -9999 -9999 -9999 -9999 41.3009414672852 40.1125411987305 39.3839378356934 38.1638412475586 39.0642280578613 40.318229675293 40.7556266784668 41.3238410949707 41.9270820617676 42.261905670166 42.0548629760742 41.7711601257324 40.618278503418 39.2222213745117 38.8047142028809 39.5348815917969 40.5303039550781 39.0380325317383 40.1143798828125 40.2233085632324 40.8360137939453 39.5489540100098 40.1244583129883 40.9766464233398 42.1025657653809 42.7492446899414 42.0278625488281 41.4054336547852 41.1180763244629 40.2510681152344 39.0983619689941 38.461540222168 39.6786460876465 40.7377891540527 41.5099258422852 42.5613479614258 42.6829261779785 43.0010070800781 43.3830833435059 43.5594863891602
-9999 -9999 -9999 -9999 -9999 -9999 -9999 40.2197227478027 39.8751373291016 38.75 37.981861114502 39.3014297485352 40.4340858459473 41.0317459106445 41.8234062194824 42.4382705688477 42.3868293762207 41.7714920043945 40.9989318847656 40.3637351989746 39.2303428649902 40.6148872375488 41.0562629699707 41.4012756347656 41.0256423950195 41.6139259338379 41.2962989807129 40.4491348266602 40.0871467590332 41.6666679382324 42.2582321166992 42.7492446899414 42.3802223205566 41.3793106079102 41.9762649536133 41.820987701416 41.1993789672852 40.1976509094238 40.4647445678711 40.4032249450684 41.5360488891602 41.2447280883789 42.1052627563477 42.2051277160645 42.5128211975098 42.9002990722656 43.7009811401367
-9999 -9999 -9999 -9999 -9999 -9999 -9999 38.5833320617676 37.9943504333496 37.9408416748047 38.2996635437012 39.6786499023438 40.4647445678711 41.5099258422852 42.0548667907715 42.737003326416 41.9791679382324 40.8360137939453 40.2280120849609 40.0599136352539 40.758544921875 41.0790596008301 42.1858749389648 41.6929550170898 42.0572929382324 41.2406806945801 39.9671020507812 38.8982124328613 40.7585487365723 42.0548629760742 43.0091171264648 42.9797973632812 42.7304954528809 41.3020858764648 42.5558967590332 42.3780479431152 40.9591178894043 40.2733116149902 41.7960662841797 42.0278625488281 41.5099258422852 41.1640243530273 40.728832244873 41.7189140319824 42.6291809082031 43.4275817871094 43.5349044799805
-9999 -9999 -9999 -9999 -9999 -9999 -9999 39.008861541748 38.0102043151855 39.2303428649902 40.0162353515625 40.0162353515625 40.7585487365723 41.5615158081055 42.0289878845215 42.8318138122559 42.5384635925293 41.7711601257324 40.728832244873 40.4800453186035 41.6142578125 41.6666679382324 42.612476348877 42.2600631713867 41.3481979370117 39.7689743041992 39.9396934509277 39.5764579772949 41.0256423950195 42.2600631713867 43.1224899291992 43.1636734008789 42.9003028869629 41.7184257507324 42.7995948791504 42.1794853210449 39.8924713134766 41.0639419555664 42.4265441894531 42.1810722351074 42.3312873840332 42.461540222168 41.1358833312988 42.230770111084 43.3133735656738 43.7254905700684 43.4911231994629
-9999 -9999 -9999 -9999 -9999 -9999 -9999 38.2203369140625 38.8795967102051 39.6107444763184 40.2056274414062 41.4563636779785 41.4570236206055 41.7450370788574 42.7083320617676 42.9506530761719 42.4566764831543 41.3502082824707 41.2974662780762 41.2974662780762 41.9003105163574 42.561351776123 42.8099594116211 42.4171867370605 41.1341857910156 39.9453582763672 41.375659942627 40.5339813232422 40.8920936584473 42.1079940795898 42.6575202941895 43.2634735107422 43.1181182861328 42.7558250427246 42.8247718811035 41.3531875610352 41.0883293151855 42.4796752929688 42.975830078125 43.2385215759277 43.4470825195312 43.0555534362793 42.1553497314453 42.9545440673828 43.644905090332 43.5239486694336 43.2338333129883
-9999 -9999 -9999 -9999 -9999 -9999 -9999 39.8420486450195 39.8633880615234 41.0276908874512 40.4491348266602 41.377498626709 42.2820510864258 42.1296310424805 42.8535346984863 42.8965873718262 42.6575202941895 41.899585723877 41.5621719360352 42.1826629638672 42.6575202941895 42.975830078125 42.6380386352539 41.6927909851074 40.9163970947266 40.9163970947266 42.0301132202148 41.7972831726074 41.3238410949707 42.4125518798828 42.921688079834 43.2835807800293 43.2587089538574 43.2135734558105 42.2546005249023 42.1810684204102 42.7710838317871 43.1343269348145 43.2587089538574 43.5267868041992 43.510326385498 43.407958984375 43.338321685791 43.5157775878906 43.6519622802734 43.2089576721191 42.9391212463379
-9999 -9999 -9999 -9999 -9999 -9999 -9999 41.5356369018555 41.3238410949707 41.9791679382324 41.8489608764648 41.2673034667969 42.2084617614746 42.6067085266113 42.8212852478027 43.0180168151855 42.8751258850098 42.2034759521484 42.5357856750488 42.6095809936523 43.0220909118652 42.8064842224121 42.3611106872559 42.2564086914062 42.1066246032715 41.9522323608398 42.4591026306152 42.4846649169922 42.3868293762207 43.0471878051758 43.3084564208984 43.4027786254883 43.3333320617676 42.992992401123 42.8714866638184 42.9467887878418 43.4223518371582 43.3481712341309 43.411994934082 43.510326385498 43.5049018859863 43.7069816589355 43.6086540222168 43.6029396057129 43.5539207458496 43.5784301757812 43.529411315918
-9999 -9999 -9999 -9999 -9999 -9999 -9999 41.9010429382324 42.5128211975098 42.838939666748 42.6183128356934 42.4897117614746 42.8535346984863 42.7777786254883 42.702018737793 42.8075408935547 42.992992401123 42.8212852478027 42.892894744873 43.0180168151855 43.043041229248 42.6798400878906 42.7777786254883 42.9506530761719 42.8353652954102 42.8134536743164 42.9040412902832 42.9545478820801 42.9292945861816 43.3333320617676 43.3185386657715 43.407958984375 43.1636734008789 43.3582077026367 43.3234405517578 43.3481712341309 43.338249206543 43.4911231994629 43.4857444763184 43.6086502075195 43.4313697814941 43.4523811340332 43.4275779724121 43.3728981018066 43.4313735961914 43.49951171875 43.436580657959
-9999 -9999 -9999 -9999 -9999 -9999 42.4772033691406 42.3096733093262 42.2820510864258 42.8751258850098 42.8751258850098 42.942943572998 42.8323402404785 42.9850730895996 42.9141731262207 42.8819427490234 42.9353256225586 42.9850769042969 42.9179191589355 42.9811515808105 43.0099487304688 43.0389213562012 43.1592063903809 43.1299591064453 43.1137733459473 43.2432441711426 43.1886215209961 43.0471878051758 43.233829498291 43.2199211120605 43.1907577514648 43.1998023986816 43.1886253356934 43.3283729553223 43.3185424804688 43.3136672973633 43.235294342041 43.4365768432617 43.3578414916992 43.5349044799805 43.5349082946777 43.4664688110352 43.3874130249023 43.4470825195312 43.1998023986816 43.3528823852539 43.3040084838867
-9999 -9999 -9999 -9999 -9999 -9999 42.5347213745117 42.789421081543 42.789421081543 42.8143730163574 42.789421081543 42.8393211364746 42.8606948852539 42.8075408935547 42.8041534423828 42.7546997070312 42.8536109924316 42.9030647277832 42.9277954101562 43.0019760131836 43.0803565979004 43.0761604309082 43.0514335632324 43.125617980957 43.125617980957 43.1008911132812 43.1547622680664 43.0761642456055 43.1952667236328 43.0924263000488 43.1907577514648 43.2445755004883 43.3234443664551 43.2445755004883 43.4171600341797 43.2399215698242 43.3874130249023 43.2107849121094 43.4611587524414 43.411994934082 43.3136672973633 43.4857406616211 43.455883026123 43.4313735961914 43.3284454345703 43.3823509216309 43.3823509216309
-9999 -9999 -9999 -9999 -9999 -9999 42.5347213745117 42.6587295532227 42.5816040039062 42.7114410400391 42.7331352233887 42.6310577392578 42.6282043457031 42.6775131225586 42.8041534423828 42.7021713256836 42.8819427490234 42.8783378601074 42.8783378601074 42.874755859375 42.8994102478027 42.9772491455078 43.0307540893555 43.0761604309082 42.9941024780273 43.1008911132812 43.1706123352051 43.1952667236328 43.0924301147461 43.1127471923828 43.1170120239258 43.1415939331055 43.2445755004883 43.2153396606445 43.0882377624512 43.2645034790039 43.269229888916 43.2890853881836 43.338249206543 43.2843132019043 43.3088226318359 43.3333320617676 43.3333320617676 43.3823509216309 43.3333320617676 43.2645034790039 43.1661758422852
-9999 -9999 -9999 -9999 -9999 -9999 42.408504486084 42.4603157043457 42.4826889038086 42.455623626709 42.5788955688477 42.5542411804199 42.6310577392578 42.7546997070312 42.6528587341309 42.7546997070312 42.8323402404785 42.8041534423828 42.8075408935547 42.6646690368652 42.8075408935547 42.8358192443848 42.9811515808105 42.8358192443848 43.0186805725098 43.0432662963867 42.9166679382324 43.0678443908691 43.014705657959 42.9901962280273 42.9901962280273 43.0924301147461 43.0882339477539 43.2153396606445 43.1617622375488 43.1952667236328 42.9141693115234 43.0348281860352 43.3185424804688 43.1862716674805 43.2598037719727 43.2843132019043 43.2598037719727 43.3088226318359 43.2598037719727 43.3088226318359 43.2645034790039
-9999 -9999 -9999 -9999 -9999 -9999 42.2672691345215 42.4851188659668 42.4287109375 42.4309692382812 42.5295867919922 42.606330871582 42.6587295532227 42.5788955688477 42.7268257141113 42.7268257141113 42.8288841247559 42.7514801025391 42.7299690246582 42.5175170898438 42.6896209716797 42.6865653991699 42.7177200317383 42.3694763183594 42.9640731811523 42.9449348449707 42.9901962280273 42.9901962280273 42.9901962280273 42.9656867980957 42.9449348449707 42.9695167541504 43.0719909667969 43.0473365783691 42.9179153442383 42.1763496398926 41.8214645385742 42.7492446899414 43.2938842773438 43.1706123352051 43.235294342041 43.1862716674805 43.1085052490234 43.2598037719727 43.1862754821777 43.2107849121094 42.9449348449707
-9999 -9999 -9999 -9999 -9999 -9999 42.2654685974121 42.4579620361328 42.4309692382812 42.4041290283203 42.5049324035645 42.5788955688477 42.5295867919922 42.5270385742188 42.6007881164551 42.6253700256348 42.6745338439941 42.6225471496582 42.7236976623535 42.779426574707 42.7761344909668 42.5925941467285 41.9979591369629 42.195369720459 42.9277954101562 42.9940986633301 42.9695167541504 42.9411773681641 43.0432624816895 43.0432624816895 42.8783378601074 43.1008911132812 42.9602012634277 42.617618560791 42.6204833984375 41.6408653259277 41.5887832641602 42.6485404968262 43.1750717163086 43.2245292663574 43.1299591064453 43.1750755310059 43.3185424804688 43.0840682983398 43.2399215698242 43.0473365783691 43.0267066955566
-9999 -9999 -9999 -9999 -9999 -9999 42.5124397277832 42.5568771362305 42.5321464538574 42.4556198120117 42.581600189209 42.5321464538574 42.6805152893066 42.5762023925781 42.7268257141113 42.5490226745605 42.5735282897949 42.6253700256348 42.6007881164551 42.6991157531738 42.8323402404785 42.567569732666 42.4219512939453 42.7579345703125 42.7827377319336 42.9733734130859 42.920352935791 42.9277954101562 42.9315490722656 42.8323402404785 42.4447784423828 42.6455841064453 42.717716217041 42.0744132995605 41.9743576049805 41.0377388000488 41.8467063903809 42.4518737792969 43.2043647766113 43.2587051391602 43.1998023986816 43.2587051391602 43.1907577514648 43.2645034790039 43.1372528076172 43.2153396606445 43.1661758422852
