Demos/Rbased/CrashCourse/data/climate_processing/PresentLayers/Shortia_galacifolia/bio_14.asc
NCOLS 603 
NROWS 190 
XLLCORNER -83.7416666666667 
YLLCORNER 34.6416666666666 
CELLSIZE 0.00833333333333332 
NODATA_value -9999 
[rows 44 to 87 of 190, columns 96 to 191 of 603]
80 75 82 79 81 79 71 69 71 71 68 64 65 71 74 71 67 65 64 64 64 64 63 63 63 64 66 64 64 69 70 69 66 70 73 75 74 69 67 68 69 70 75 79 84 79 76 77 75 73 75 76 74 74 74 75 77 78 77 82 89 87 87 85 86 92 87 89 92 102 109 107 98 97 98 92 88 93 99 104 108 115 120 119 104 96 93 91 90 90 89 89 90 93 95 92
85 82 96 97 99 85 74 69 67 67 66 65 66 71 75 69 67 66 65 66 67 64 64 63 63 64 65 63 64 68 70 66 66 68 69 70 74 70 67 67 69 72 73 80 76 75 73 74 75 73 72 73 73 73 75 79 80 78 77 79 81 82 88 87 91 94 89 97 102 105 107 110 104 105 97 90 89 94 99 99 108 113 119 122 111 102 97 93 92 90 90 90 91 94 93 92
97 92 97 101 98 86 76 69 66 65 64 64 66 70 75 74 70 69 67 64 64 63 64 63 63 63 63 64 65 67 69 66 65 65 67 70 73 70 67 66 70 71 70 73 71 72 71 72 72 73 72 72 73 74 75 76 76 76 77 78 81 87 93 90 92 97 97 98 107 112 111 104 99 100 92 89 93 91 93 98 105 108 120 119 108 99 94 91 91 91 90 90 91 92 93 92
90 88 87 85 84 78 72 70 66 65 65 67 70 73 74 80 75 68 65 64 66 68 64 64 64 64 66 64 64 69 68 65 65 65 68 67 71 68 67 66 68 68 69 70 70 70 71 72 72 72 73 72 72 74 75 75 75 78 83 83 85 85 92 96 96 100 105 106 107 113 110 102 98 92 91 91 99 98 93 96 100 109 120 118 105 98 95 92 91 90 90 91 91 92 94 93
86 79 76 74 71 70 67 66 66 66 66 69 75 83 81 81 76 69 65 65 71 70 64 64 64 63 64 63 63 65 65 65 64 66 65 65 67 67 67 66 67 68 69 69 69 70 72 72 71 72 72 72 72 73 75 75 76 78 79 80 82 88 92 100 103 108 109 113 116 117 111 103 100 99 96 91 101 105 98 97 105 112 120 118 107 99 94 93 91 90 90 91 92 95 96 95
86 89 88 79 72 68 73 70 72 68 66 69 80 90 86 77 74 68 65 67 70 70 67 65 64 64 63 63 63 63 63 64 65 65 64 66 68 66 66 66 67 68 68 68 69 70 71 71 71 72 72 72 73 74 76 79 82 85 83 88 88 95 94 96 97 99 103 111 110 106 105 106 110 107 98 93 103 110 105 101 105 114 121 114 106 101 97 93 91 91 92 92 93 96 97 97
97 88 82 74 73 77 80 76 71 70 66 68 76 88 81 75 69 67 68 77 74 68 65 64 64 64 64 64 65 63 63 63 64 64 64 66 68 67 66 66 67 68 68 68 69 69 70 71 71 71 72 74 78 77 75 78 84 86 83 85 89 86 92 89 93 99 99 103 100 98 102 110 117 109 98 94 101 109 112 110 112 117 125 116 106 99 94 92 91 93 95 97 97 97 97 95
91 87 82 75 74 81 76 71 68 67 68 74 83 86 79 72 70 72 75 79 70 65 66 67 64 64 64 64 64 64 64 64 64 63 65 66 67 66 66 66 66 67 68 69 69 70 70 70 71 71 72 73 75 77 75 82 83 80 80 82 81 87 84 87 88 91 90 91 93 100 108 116 120 111 102 95 99 105 106 111 117 125 127 114 107 99 95 92 92 93 95 99 99 99 96 93
91 89 82 80 74 77 73 69 68 67 70 79 91 82 75 70 73 83 82 76 68 65 67 65 64 64 64 64 64 64 64 64 64 64 64 65 66 66 66 66 67 67 68 68 69 69 70 70 71 72 72 73 73 74 75 76 78 77 78 78 80 80 81 83 85 87 92 98 104 106 114 123 116 111 102 95 97 100 104 108 116 124 127 115 108 102 95 93 92 95 98 97 98 99 98 93
90 86 84 83 76 79 78 70 68 72 75 82 94 85 74 74 76 86 87 80 73 68 66 64 64 64 64 64 65 64 65 66 66 65 65 65 65 65 66 66 67 67 68 68 69 70 70 71 71 72 73 73 74 75 74 75 76 76 77 78 82 87 88 91 92 97 102 107 107 106 108 119 114 107 99 100 102 102 107 114 121 129 124 117 112 103 95 94 92 95 96 95 96 98 95 92
96 91 85 79 79 76 71 69 68 75 86 87 95 83 79 78 78 90 95 86 75 69 65 65 65 65 65 65 66 65 65 67 65 65 65 65 65 66 66 66 68 68 68 69 69 70 71 72 72 73 73 74 75 80 76 77 80 78 78 79 80 81 84 91 87 88 95 97 95 98 107 116 120 111 102 102 111 109 110 117 123 129 120 111 105 99 97 93 93 93 93 94 96 96 96 94
91 84 83 85 86 80 75 69 69 79 85 96 98 91 85 79 89 90 86 80 72 67 67 65 66 67 67 65 66 66 66 66 65 65 65 66 66 67 67 67 68 69 69 69 70 71 71 72 73 75 77 78 79 79 81 79 89 81 81 88 80 80 85 89 85 89 94 90 93 100 108 115 121 115 113 106 106 114 119 124 129 131 122 111 107 103 100 95 95 96 96 96 97 93 93 92
89 86 94 97 96 88 75 72 72 77 83 89 90 95 90 93 96 90 75 69 67 72 69 66 68 74 71 68 67 68 66 65 65 66 66 67 67 68 68 69 68 69 70 70 70 71 72 73 75 78 82 83 83 87 89 84 90 81 83 89 83 81 82 83 83 84 85 88 93 100 105 111 118 121 122 111 108 110 117 125 127 124 122 115 109 99 96 95 97 97 98 96 94 94 91 92
96 99 103 105 98 88 79 80 73 74 77 80 89 98 98 88 83 76 70 76 72 82 72 73 72 70 69 67 67 67 66 66 66 67 67 67 68 68 68 68 68 69 69 70 71 71 72 74 76 74 76 76 83 93 99 96 92 82 91 92 85 85 89 84 88 92 93 97 98 101 108 114 120 125 124 117 117 119 124 128 124 117 112 109 103 97 97 96 100 101 100 95 92 91 91 91
100 93 99 104 91 90 92 84 76 77 77 79 84 94 102 97 88 76 81 87 84 80 70 71 69 67 68 66 66 66 66 66 66 66 67 67 68 68 68 68 69 69 69 70 71 72 72 73 74 77 84 84 83 90 96 100 89 85 95 96 90 95 94 87 89 93 94 100 108 112 112 117 114 120 128 125 122 125 132 126 120 113 109 103 99 99 100 99 102 105 100 95 93 91 91 91
99 86 88 103 103 96 89 79 77 78 84 86 93 104 104 99 94 85 87 80 79 72 68 69 68 67 67 67 67 67 67 67 67 67 67 67 68 68 68 68 69 69 70 70 71 72 72 74 77 79 86 93 92 97 97 91 90 90 98 104 103 107 105 93 95 108 102 104 110 114 121 118 108 114 116 123 125 127 128 122 117 110 106 101 99 104 106 108 108 104 101 95 93 93 92 92
93 80 83 97 100 88 82 78 88 88 84 93 95 102 100 88 84 77 74 72 72 73 69 68 67 67 67 67 68 68 68 67 67 68 68 68 68 68 68 69 69 70 70 71 72 72 73 76 80 86 88 94 96 94 88 83 83 86 95 99 109 113 104 100 98 107 110 109 115 120 123 113 107 103 109 116 117 115 118 118 114 111 107 102 105 110 112 109 102 98 96 98 96 94 93 93
87 77 87 95 97 93 87 83 92 96 92 98 99 97 91 83 75 72 70 69 69 69 68 68 68 68 69 68 68 68 68 67 68 68 68 68 69 69 69 70 70 71 71 72 72 73 74 75 77 79 86 90 86 82 80 80 81 83 87 93 98 107 114 110 109 106 115 118 120 124 118 109 103 99 108 114 107 107 110 116 118 115 110 107 109 108 108 102 97 95 94 95 95 96 97 98
82 76 80 89 98 102 91 86 94 97 103 106 103 90 79 74 71 70 70 70 70 68 68 69 69 70 69 69 69 69 68 68 68 69 69 69 70 69 69 70 71 71 72 72 72 73 77 78 77 78 79 83 80 78 80 83 83 87 89 90 93 99 108 118 118 115 118 125 125 123 112 104 99 96 104 101 100 104 110 119 119 115 111 106 103 102 102 103 96 93 94 94 94 95 97 100
79 75 84 86 93 97 91 96 105 107 105 96 93 81 77 74 71 75 74 72 70 69 73 72 71 70 69 69 69 69 69 69 69 69 69 70 70 70 70 70 71 71 72 72 73 73 74 75 75 76 76 77 77 78 85 87 91 96 101 97 100 103 109 116 116 118 125 124 115 113 114 107 99 94 96 99 104 111 118 112 109 111 110 103 98 97 99 98 94 92 93 95 94 94 96 99
75 77 79 84 98 99 105 109 112 104 94 85 79 81 79 74 74 74 71 70 69 73 74 72 70 70 69 69 70 69 69 70 70 70 70 70 70 70 70 71 71 72 72 73 73 73 74 74 75 76 77 78 78 82 81 82 88 101 111 107 112 113 118 117 109 112 124 119 111 104 107 102 94 93 98 103 111 117 113 107 102 104 104 101 99 94 93 94 92 92 93 96 97 94 93 95
77 79 81 86 96 105 117 115 102 91 83 81 74 77 76 71 71 70 70 70 73 72 70 70 70 70 70 70 70 70 70 71 71 71 71 71 71 71 71 71 72 73 73 74 74 74 74 75 78 77 80 85 85 86 87 83 87 98 109 117 117 116 118 109 103 110 117 117 115 107 98 95 92 94 101 107 114 118 115 105 97 97 97 97 95 97 94 92 92 92 93 97 99 95 93 93
78 80 85 91 101 112 116 107 95 85 77 73 72 72 72 71 71 71 72 76 78 71 73 73 71 72 71 70 71 71 71 71 71 71 71 71 71 71 71 72 72 73 74 75 77 76 76 76 78 80 81 85 93 93 90 92 93 101 109 112 103 106 107 106 100 104 110 113 107 107 102 95 91 94 100 108 112 110 109 105 97 93 95 93 96 93 93 93 92 92 92 94 95 93 93 93
81 89 94 107 112 114 106 106 98 89 84 75 73 72 71 73 73 72 75 81 74 74 78 74 72 71 71 71 71 71 71 71 71 71 71 71 72 72 72 73 73 74 76 77 81 84 84 81 82 87 91 93 95 98 101 94 89 96 108 100 95 102 102 100 97 105 113 113 102 95 95 91 92 97 104 109 106 101 103 102 97 93 92 92 94 92 92 94 93 92 92 93 93 93 93 93
87 102 110 118 112 101 91 99 105 90 78 82 76 75 73 77 74 81 86 77 73 76 74 72 72 73 72 72 72 72 71 71 71 72 72 72 72 73 73 73 73 74 76 76 80 84 82 83 85 87 88 84 88 95 100 86 87 89 101 93 93 103 99 98 95 107 116 113 104 95 90 92 92 97 103 104 102 98 104 100 95 93 92 92 92 92 92 93 94 93 93 93 93 93 93 94
85 96 107 118 108 93 87 98 107 94 90 93 86 75 77 85 83 93 91 76 74 75 73 74 82 76 73 72 72 72 72 72 72 72 73 73 73 73 74 74 74 74 76 75 79 80 78 78 78 79 80 82 86 93 90 84 83 87 92 88 97 97 97 98 94 96 106 108 101 94 89 91 93 98 102 97 96 97 102 101 96 96 93 93 92 92 93 92 93 93 93 93 93 93 94 94
83 93 95 105 95 85 84 95 104 101 105 96 82 77 91 99 99 105 90 76 80 77 74 77 77 73 73 72 72 72 73 73 73 73 73 73 74 74 74 75 74 74 75 75 76 77 77 78 79 80 82 85 96 100 90 83 83 85 88 94 88 87 88 90 93 91 99 103 96 90 90 94 92 95 96 94 98 99 103 104 100 96 94 93 93 92 92 93 93 93 93 93 93 94 94 94
82 81 88 97 87 80 89 101 98 95 106 94 89 87 104 111 109 98 86 83 84 76 75 76 74 74 74 73 73 73 74 74 74 74 74 74 75 75 75 75 75 75 76 76 77 78 78 79 83 86 89 95 95 93 89 85 82 84 86 86 86 85 90 89 90 97 102 98 92 89 91 97 92 92 93 93 94 97 100 98 99 96 94 94 94 93 93 93 93 93 93 94 94 94 94 94
76 78 91 95 82 79 93 101 92 93 103 103 108 102 111 112 105 94 90 91 79 77 76 80 77 75 74 74 75 76 76 76 75 75 75 76 76 76 76 76 76 76 76 76 77 78 78 79 86 89 87 93 84 86 91 84 83 83 83 85 86 85 89 90 98 100 95 90 90 89 90 92 93 92 92 93 94 95 95 95 96 97 97 96 94 93 93 93 93 93 94 94 94 94 95 95
75 81 87 81 79 78 83 86 84 100 106 114 109 99 104 106 108 102 96 83 80 80 79 76 75 75 75 76 81 82 83 79 76 76 77 77 77 77 77 79 77 77 77 77 77 78 78 79 84 83 86 90 82 84 84 82 84 83 83 84 84 84 85 88 90 90 89 89 89 89 90 91 91 92 92 94 98 98 96 98 98 97 96 95 93 93 93 93 94 94 94 94 94 95 95 95
76 78 77 77 77 78 78 84 95 101 110 111 103 89 100 101 108 102 94 85 87 91 83 77 75 76 81 85 90 82 80 78 78 81 86 84 80 78 79 78 78 78 78 77 78 78 79 80 84 81 87 84 81 83 84 83 83 83 84 84 84 85 86 86 87 87 88 88 89 90 90 91 92 92 93 95 98 101 100 101 101 100 97 95 94 93 94 94 95 95 94 94 95 95 95 95
76 77 76 79 80 79 84 95 100 108 111 104 95 86 89 100 113 116 104 97 99 101 83 77 79 81 84 90 86 85 83 83 88 88 87 84 80 78 78 78 78 78 78 78 78 79 80 80 82 81 83 81 81 83 84 83 83 84 87 86 86 86 87 88 87 89 90 93 92 92 96 94 93 95 96 96 97 101 104 100 99 99 96 94 94 94 96 96 94 94 95 95 95 95 95 95
77 85 82 91 85 84 92 97 103 103 109 101 90 82 87 96 97 97 100 112 101 84 79 82 89 85 84 81 81 84 86 88 92 82 84 87 80 79 78 78 78 78 78 78 78 79 79 81 82 81 81 81 82 82 83 83 83 84 85 85 86 87 89 94 92 99 95 101 97 100 106 100 98 101 102 102 101 104 103 102 102 98 96 95 96 96 95 95 95 95 95 95 95 95 95 96
77 78 81 87 97 95 103 103 91 95 107 93 85 82 90 88 86 85 91 101 90 84 90 99 94 81 79 79 80 80 79 81 82 81 79 80 80 79 79 79 79 79 79 79 79 79 80 81 81 81 81 81 82 82 83 83 84 85 92 92 93 88 92 99 101 110 109 110 109 111 114 108 106 111 108 104 103 101 102 101 100 98 96 97 98 96 95 95 95 95 95 95 95 96 96 96
78 81 89 104 112 107 95 96 86 85 89 92 86 82 86 90 84 86 90 90 96 101 94 89 85 84 81 79 79 80 79 80 80 82 79 79 80 79 79 79 79 79 80 79 80 80 80 80 81 81 82 82 82 83 84 86 91 89 92 103 103 93 96 107 110 114 117 116 115 114 114 114 114 111 106 103 101 100 100 98 99 99 97 95 95 95 95 95 95 95 95 96 96 96 96 96
80 84 95 101 101 98 86 82 81 81 82 85 82 82 88 85 83 84 89 98 104 94 89 83 81 81 80 79 79 80 79 80 80 80 80 80 79 79 80 79 79 80 80 80 80 80 80 81 81 82 82 83 83 84 84 86 95 99 100 111 106 102 105 110 104 111 115 112 110 110 112 114 112 107 104 102 103 102 101 99 98 100 102 100 98 96 95 95 96 96 96 96 96 96 96 97
78 82 92 89 87 85 82 81 80 81 81 82 82 82 85 83 84 92 104 109 101 88 82 84 82 80 80 80 80 80 80 80 80 80 80 80 80 80 80 80 80 80 80 80 81 81 82 82 82 83 83 83 84 86 85 86 87 91 104 105 101 102 98 101 97 105 106 100 102 107 106 106 106 104 102 101 107 105 104 103 99 98 100 101 100 97 97 97 97 96 96 97 97 97 97 98
78 78 81 81 81 80 80 80 80 81 81 82 83 85 85 84 87 92 95 93 89 83 81 81 81 81 81 81 81 81 80 80 80 80 80 80 80 81 81 81 81 81 81 81 81 82 83 84 84 83 83 84 85 89 87 86 88 91 95 93 92 93 96 93 93 96 94 95 98 97 98 100 100 103 106 101 102 104 102 103 101 98 99 100 100 99 100 99 98 97 99 100 100 98 100 101
79 78 78 79 79 79 80 80 81 83 83 82 83 83 83 83 83 83 84 84 83 82 81 81 81 81 81 81 81 81 81 82 81 81 81 82 82 82 81 82 82 82 82 82 82 82 83 85 85 85 84 85 88 96 89 90 97 100 100 95 91 92 93 91 92 93 93 96 97 99 98 101 103 101 101 100 101 105 105 100 100 98 98 99 99 102 105 101 98 97 99 99 98 98 99 100
79 79 79 79 80 81 84 86 89 90 86 83 83 85 85 86 90 91 91 97 90 85 84 83 83 83 86 83 82 82 83 84 83 82 82 85 91 85 83 83 83 83 83 83 83 83 83 84 84 85 87 89 99 104 97 99 107 102 92 94 93 91 93 92 92 94 95 95 96 97 100 105 104 101 101 100 100 101 103 100 99 99 98 98 99 102 100 99 98 99 98 98 97 98 99 99
81 83 82 81 81 85 96 98 94 87 84 84 84 86 87 86 90 92 95 110 103 98 93 88 87 89 87 84 84 83 83 85 83 83 84 88 87 90 88 85 84 84 83 83 84 83 84 84 85 86 88 93 104 95 103 97 97 101 94 91 91 92 92 92 92 93 94 95 97 97 98 101 104 105 109 103 100 100 99 99 98 99 98 99 102 104 100 98 98 98 99 98 97 98 99 99
86 87 83 82 83 90 92 88 85 85 84 85 86 87 89 89 89 94 103 108 94 90 88 87 86 86 86 85 85 85 85 86 86 88 85 86 90 91 86 85 84 84 83 84 84 84 85 85 86 86 88 90 97 92 98 98 94 95 94 92 91 92 93 92 93 94 93 94 95 97 102 106 106 106 110 110 105 100 98 97 98 98 98 102 107 106 101 101 99 99 98 97 97 98 98 98
87 92 91 91 91 105 102 95 87 85 86 87 89 91 94 97 91 97 110 110 100 92 88 87 87 85 85 85 86 87 86 87 91 87 88 91 96 87 86 85 85 84 84 85 85 85 85 86 86 87 87 91 95 91 100 99 94 95 95 92 92 92 92 92 94 96 96 95 95 97 104 114 117 115 113 113 106 100 99 98 98 99 99 102 106 105 104 101 100 99 98 98 98 98 98 98
92 104 113 111 102 91 88 84 85 86 88 88 95 104 100 98 92 100 115 106 96 90 91 91 88 87 89 87 87 89 87 89 94 100 100 96 92 88 86 85 85 87 85 85 86 86 89 90 89 89 89 92 94 91 95 93 92 96 92 92 92 92 92 93 94 95 98 98 99 100 105 112 114 115 111 109 109 104 99 98 98 101 102 102 105 107 106 102 100 100 98 98 99 99 99 99
