Demos/Rbased/CrashCourse/data/climate_processing/PresentLayers/Shortia_galacifolia/bio_9.asc
NCOLS 212 
NROWS 170 
XLLCORNER -83.691666666421 
YLLCORNER 34.5083333333333 
CELLSIZE 0.00833333333316012 
NODATA_value -9999 
[rows 0 to 21 of 170, columns 48 to 95 of 212]
-9999 -9999 -9999 -9999 -9999 -9999 -9999 -9999 -9999 -9999 -9999 -9999 -9999 -9999 -9999 -9999 -9999 -9999 -9999 -9999 -9999 -9999 -9999 -9999 -9999 -9999 -9999 -9999 -9999 -9999 -9999 -9999 -9999 -9999 -9999 -9999 -9999 -9999 -9999 -9999 -9999 -9999 -9999 -9999 -9999 -9999 -9999 -9999
-9999 -9999 -9999 -9999 -9999 -9999 -9999 -9999 -9999 -9999 -9999 -9999 -9999 -9999 -9999 -9999 -9999 -9999 -9999 -9999 -9999 -9999 -9999 -9999 -9999 -9999 -9999 -9999 -9999 -9999 -9999 -9999 -9999 -9999 -9999 -9999 -9999 -9999 -9999 -9999 -9999 -9999 -9999 -9999 -9999 -9999 -9999 -9999
-9999 -9999 -9999 -9999 -9999 -9999 -9999 -9999 -9999 -9999 -9999 -9999 -9999 -9999 -9999 -9999 -9999 -9999 -9999 -9999 -9999 -9999 -9999 -9999 -9999 -9999 -9999 -9999 -9999 -9999 -9999 -9999 -9999 -9999 -9999 -9999 -9999 -9999 -9999 -9999 -9999 -9999 -9999 -9999 -9999 -9999 -9999 -9999
-9999 -9999 -9999 -9999 -9999 -9999 -9999 -9999 -9999 -9999 -9999 -9999 -9999 -9999 -9999 -9999 -9999 -9999 -9999 -9999 -9999 -9999 -9999 -9999 -9999 -9999 -9999 -9999 -9999 -9999 -9999 -9999 -9999 -9999 -9999 -9999 -9999 -9999 -9999 -9999 -9999 -9999 -9999 -9999 -9999 -9999 -9999 -9999
-9999 -9999 -9999 -9999 -9999 -9999 -9999 -9999 -9999 -9999 -9999 -9999 -9999 -9999 -9999 -9999 -9999 -9999 -9999 -9999 -9999 -9999 -9999 -9999 -9999 -9999 -9999 -9999 -9999 -9999 -9999 -9999 -9999 -9999 -9999 -9999 -9999 -9999 -9999 -9999 -9999 -9999 -9999 -9999 -9999 -9999 -9999 -9999
-9999 -9999 -9999 -9999 -9999 -9999 -9999 -9999 -9999 -9999 -9999 -9999 -9999 -9999 -9999 -9999 -9999 -9999 -9999 -9999 -9999 -9999 -9999 -9999 -9999 -9999 -9999 -9999 -9999 -9999 -9999 -9999 -9999 -9999 -9999 -9999 -9999 -9999 -9999 -9999 -9999 -9999 -9999 -9999 -9999 -9999 -9999 -9999
-9999 -9999 -9999 -9999 -9999 -9999 -9999 -9999 -9999 -9999 -9999 -9999 -9999 -9999 -9999 -9999 -9999 -9999 -9999 -9999 -9999 -9999 -9999 -9999 -9999 -9999 -9999 -9999 -9999 -9999 -9999 -9999 -9999 -9999 -9999 -9999 -9999 -9999 -9999 -9999 -9999 -9999 12.466667175293 12.9166660308838 12.5500001907349 12.6666669845581 12.8333339691162 12.9666662216187
-9999 -9999 -9999 -9999 -9999 -9999 -9999 -9999 -9999 -9999 -9999 -9999 -9999 -9999 -9999 -9999 -9999 -9999 -9999 -9999 -9999 -9999 -9999 -9999 -9999 -9999 -9999 -9999 -9999 -9999 13.6666669845581 13.7333335876465 13.6333332061768 13.6666669845581 13.8500003814697 13.8000001907349 13.6666669845581 13.2833337783813 12.7333335876465 12.216667175293 12.4333333969116 12.1833333969116 12.1166667938232 12.5999994277954 12.3999996185303 12.5666666030884 12.75 12.8166666030884
-9999 -9999 -9999 -9999 -9999 -9999 -9999 -9999 -9999 -9999 -9999 -9999 -9999 -9999 -9999 -9999 -9999 12.9499998092651 13.1666669845581 13.4333333969116 13.5166664123535 13.5833330154419 13.6999998092651 13.6333332061768 13.4833335876465 13.1666669845581 13.0833339691162 13.2166662216187 13.3333330154419 13.3333330154419 13.3000001907349 13.466667175293 13.6000003814697 13.6000003814697 13.5333337783813 13.6333332061768 13.4833335876465 13.1000003814697 12.4833335876465 11.8666667938232 11.9333333969116 11.6999998092651 12.0833330154419 12.3666667938232 11.9833335876465 12.1000003814697 12.0500001907349 12.1833333969116
-9999 -9999 -9999 14.3333330154419 14.25 14.216667175293 14.2666664123535 14.3499994277954 14.4499998092651 14.3499994277954 14.3333330154419 14.3166666030884 14.5166664123535 14.3833332061768 14.0166664123535 13.4833335876465 13.0833330154419 13.5 13.6499996185303 13.7333335876465 13.5666666030884 13.5500001907349 13.6166667938232 13.6499996185303 13.5166673660278 13.4499998092651 13.4333333969116 13.1999998092651 12.8333330154419 13.0166664123535 13.2666664123535 13.3833332061768 13.5 13.4666662216187 13.3499994277954 13.3666667938232 13.3333330154419 12.9499998092651 12.25 11.533332824707 11.6833333969116 11.6666669845581 11.7666664123535 11.9666662216187 11.3166666030884 11.283332824707 11.2333335876465 11.8499994277954
14.2666664123535 14.1833333969116 14.1666669845581 14.1166667938232 14.1999998092651 14.1833333969116 14.3499994277954 14.3666667938232 14.3833332061768 14.2666664123535 14.3499994277954 14.3666667938232 14.3333330154419 14.4333333969116 13.8666667938232 13.2333335876465 13.1666669845581 13.6499996185303 13.8666667938232 13.8999996185303 13.75 13.6333332061768 13.4166669845581 13.5666666030884 13.4499998092651 13.2166662216187 13.1166667938232 13.1833333969116 12.9833335876465 13.0333337783813 13.2166662216187 13.1999998092651 13.2833337783813 13.2833337783813 13.1833333969116 13.1333332061768 13.0500001907349 12.8333330154419 12.5166664123535 12.1166667938232 12.1166667938232 11.6499996185303 11.2333335876465 11.466667175293 11.2666664123535 11.1000003814697 11.25 11.8333330154419
14.283332824707 14.1833333969116 14.1000003814697 14.1666669845581 14.25 14.3000001907349 14.216667175293 14.1333332061768 14.1333332061768 14.1833333969116 14.1166667938232 13.8000001907349 13.8666667938232 14.1833333969116 13.5 13.3666667938232 13.5166673660278 13.8999996185303 14.033332824707 13.9666662216187 13.8833332061768 13.5500001907349 13.4333333969116 13.4833335876465 13.3333330154419 13 13.0333337783813 13.1999998092651 13.1833333969116 12.9833335876465 12.8333330154419 12.7333335876465 12.8999996185303 13.1333332061768 12.9166669845581 12.4833335876465 12.1499996185303 12.0833330154419 12.0333337783813 12.25 11.9833335876465 11.7333335876465 11.5 11.6166667938232 11.6999998092651 11.8166666030884 11.8833332061768 12.1999998092651
14.0666666030884 13.9499998092651 14.1000003814697 14.1166667938232 14.2333335876465 14.25 13.8999996185303 13.5 13.5666666030884 13.5666666030884 13.4833335876465 13.5666666030884 13.966667175293 14.1500005722046 13.6999998092651 13.9666662216187 14.216667175293 14.2666664123535 14.1666669845581 14 13.75 13.5833330154419 13.3833332061768 13.3999996185303 13.3999996185303 13.2666664123535 13.1166667938232 12.9333333969116 13.0666666030884 13.1166667938232 12.783332824707 12.1999998092651 12.3000001907349 12.5166664123535 12.2666664123535 11.7166662216187 11.3333330154419 11.3333330154419 11.6999998092651 12.0666666030884 11.5500001907349 11.2166662216187 11.6499996185303 12.0166673660278 12.1999998092651 12.3666667938232 12.5999994277954 12.6999998092651
14.1666669845581 14.0500001907349 14.0333337783813 14.1166667938232 14.1333332061768 14.1499996185303 13.6166667938232 13.4166669845581 13.5999994277954 13.4833335876465 13.3166666030884 13.466667175293 13.6499996185303 14.1166667938232 14.1333332061768 14.033332824707 13.8166666030884 14.1666669845581 13.8999996185303 13.6166667938232 13.5500001907349 13.3500003814697 13.3166666030884 13.3999996185303 13.4333333969116 13.3500003814697 13.1999998092651 13.0333337783813 12.6000003814697 12.6333332061768 12.8833332061768 12.6833333969116 12.5833330154419 12.2666664123535 12.1000003814697 12.0166664123535 11.7666664123535 11.3833332061768 11.6499996185303 11.6833333969116 11.2666664123535 11.3833332061768 11.6333332061768 11.5666666030884 11.6500005722046 12.0833330154419 12.5500001907349 12.8833332061768
14.033332824707 13.9833335876465 14.0500001907349 13.9333333969116 14.0333337783813 14.0666666030884 13.9499998092651 13.9833335876465 14.0333337783813 13.9166660308838 13.8166666030884 13.9166660308838 14.0333337783813 13.9833335876465 13.8166666030884 13.6666669845581 13.7333335876465 13.7333335876465 14 13.8166666030884 13.5833330154419 13.1000003814697 12.9833335876465 13.1999998092651 13.2166662216187 13.1333332061768 13.0833330154419 12.9166669845581 12.4499998092651 12.2666664123535 12.5500001907349 12.716667175293 12.4333333969116 12.4666662216187 12.3000001907349 12.1333332061768 11.7333335876465 11.4333333969116 11.4166669845581 11.2166662216187 11 11.0833339691162 11.1833333969116 11.6333332061768 11.9333333969116 12.3500003814697 12.4333333969116 12.3000001907349
13.9666662216187 14.0333337783813 13.9666662216187 13.8833332061768 14 13.9499998092651 14.0666666030884 13.9499998092651 13.8666667938232 13.9333333969116 13.8666667938232 13.8666667938232 13.8833332061768 13.7666664123535 13.6999998092651 13.533332824707 13.3666667938232 13.5166664123535 13.6333332061768 13.9333333969116 13.8666667938232 13.7999992370605 13.3999996185303 13.2166662216187 12.9333333969116 12.6499996185303 12.5166664123535 12.3666667938232 12.0666666030884 12 12.283332824707 12.4666662216187 12.3833332061768 12.4166669845581 12.3000001907349 12.1833333969116 11.8833332061768 11.6666669845581 11.3999996185303 10.9833335876465 10.9333333969116 11.1999998092651 11.4166669845581 11.6833333969116 11.9166669845581 12.2833337783813 12.4333333969116 12.0500001907349
13.8999996185303 13.8999996185303 13.8000001907349 13.716667175293 13.8999996185303 13.8500003814697 13.8833332061768 13.9166660308838 13.7666664123535 13.8166666030884 13.7666664123535 13.6999998092651 13.6000003814697 13.4000005722046 13.1166667938232 12.9333333969116 13.1166667938232 13.283332824707 13.533332824707 13.5833330154419 13.75 13.9166669845581 13.6166667938232 13.3833332061768 12.8000001907349 12.3999996185303 12.0833330154419 11.8666667938232 11.6166667938232 11.5833330154419 11.8333330154419 12.1499996185303 12.4166669845581 12.1999998092651 12.1000003814697 11.9833335876465 11.6833333969116 11.3333330154419 11.1666669845581 11.1500005722046 11.1666669845581 11.3666667938232 11.4666662216187 11.5500001907349 11.9333333969116 12.0333337783813 12.4000005722046 12.25
13.8500003814697 13.6999998092651 13.6666669845581 13.75 13.7833337783813 13.8000001907349 13.75 13.6666669845581 13.6666669845581 13.7166662216187 13.6166667938232 13.4833335876465 13.2333335876465 12.9499998092651 12.7333335876465 12.4666662216187 12.1499996185303 12.5833330154419 13.0333337783813 13.3833332061768 13.5666666030884 13.75 13.8833332061768 13.5333337783813 13.1666669845581 13 12.6166667938232 12.2833337783813 11.8333330154419 11.8333330154419 12.0666666030884 12.4166669845581 12.25 11.9499998092651 11.783332824707 11.8000001907349 11.4333333969116 11.25 11.5500001907349 11.4166669845581 11.3999996185303 11.4499998092651 11.533332824707 11.7166662216187 11.8500003814697 11.9000005722046 12.2833337783813 12.1499996185303
13.7333335876465 13.6499996185303 13.6499996185303 13.5666666030884 13.466667175293 13.533332824707 13.4000005722046 12.9499998092651 13.2833337783813 13.5333337783813 13.3666667938232 13.2333335876465 12.8166666030884 12.4833335876465 12.1666669845581 11.8333330154419 11.8333330154419 12.3833332061768 12.7333335876465 12.8333330154419 13.0166664123535 13.466667175293 13.7166662216187 13.6999998092651 13.7166662216187 13.3999996185303 12.7666664123535 12.5 12.1166667938232 12.3000001907349 12.6000003814697 12.6500005722046 12.3666667938232 12 11.6500005722046 11.7666664123535 11.783332824707 11.7333335876465 11.9833335876465 11.8000001907349 11.3000001907349 11.3000001907349 11.25 11.533332824707 11.8333330154419 12.0833330154419 12.1499996185303 12.3000001907349
13.3333339691162 13.3833332061768 13.3000001907349 13.0833330154419 12.8833332061768 12.75 12.8166666030884 12.6999998092651 13.0500001907349 13.25 13.0666666030884 12.8500003814697 12.4666662216187 11.8000001907349 11.4499998092651 14.9833335876465 11.4499998092651 11.9166669845581 12.3333339691162 12.7666664123535 13 13.4499998092651 13.6999998092651 13.5333337783813 13.3999996185303 13.5333337783813 13.3166666030884 12.8999996185303 12.6999998092651 12.716667175293 13.0333337783813 12.8333330154419 12.3000001907349 12.0500001907349 11.8500003814697 12.1666669845581 12.3166666030884 12.2833337783813 12.0833330154419 11.4833335876465 11.0666666030884 11.1333332061768 11.5166664123535 11.8500003814697 11.9333333969116 11.8500003814697 11.8500003814697 12.1333332061768
13 13 12.8166666030884 12.5166664123535 12.3999996185303 12.25 12.0500001907349 12.3500003814697 12.6999998092651 12.8666667938232 12.8666667938232 12.4666662216187 12.0166673660278 11.7666664123535 15.1999998092651 14.8166666030884 15.4333333969116 11.75 12.1666669845581 12.4499998092651 12.8666667938232 13.3666667938232 13.3666667938232 13.2333335876465 13.3166666030884 13.1833333969116 13.5333337783813 13.3000001907349 13.3500003814697 13.283332824707 13.283332824707 13.0166664123535 12.5 12.1833333969116 12.4333333969116 12.4666662216187 12.2666664123535 12.0500001907349 11.6666669845581 11.25 11.1333332061768 11.3166666030884 11.6333332061768 11.7666664123535 11.4499998092651 11.3500003814697 11.4166669845581 11.8000001907349
12.5833330154419 12.5166664123535 12.1333332061768 11.8499994277954 11.7333335876465 11.6333332061768 11.3000001907349 11.5333337783813 12.1333332061768 12.2666664123535 12.2666664123535 12.1333332061768 11.3833332061768 15.0999994277954 14.75 15.3666667938232 11.5666666030884 11.7666664123535 11.9499998092651 12.3500003814697 13.0166664123535 13.25 13 12.9166669845581 13.2166662216187 13.1999998092651 13.0833330154419 12.966667175293 12.716667175293 12.6500005722046 13.1833333969116 13.0166664123535 12.8000001907349 12.6333332061768 12.7333335876465 12.3666667938232 11.9166669845581 11.5666666030884 11.2666664123535 11.3166666030884 11.25 11.3999996185303 11.3333330154419 11.2666664123535 11.0666666030884 11.033332824707 11.3000001907349 11.8000001907349
