Demos/Rbased/CrashCourse/data/climate_processing/PresentLayers/Shortia_galacifolia/bio_9.asc
NCOLS 523 
NROWS 122 
XLLCORNER -83.2916666667633 
YLLCORNER 34.9749999999364 
CELLSIZE 0.00833333333316142 
NODATA_value -9999 
[rows 54 to 80 of 122, columns 60 to 119 of 523]
-9999 -9999 -9999 -9999 -9999 -9999 -9999 -9999 -9999 -9999 -9999 -9999 -9999 -9999 -9999 -9999 -9999 -9999 -9999 -9999 -9999 -9999 -9999 -9999 -9999 -9999 -9999 -9999 -9999 -9999 -9999 8.44999980926514 8.48333358764648 8.41666698455811 8.30000019073486 8 8.26666641235352 8.21666622161865 7.94999980926514 7.78333330154419 7.81666660308838 8 8.19999980926514 8.13333320617676 8.11666679382324 8.21666717529297 8.19999980926514 8.19999980926514 8.18333339691162 8.05000019073486 7.98333311080933 7.95000028610229 7.98333311080933 7.80000019073486 7.71666669845581 7.83333349227905 7.83333349227905 7.95000028610229 7.90000009536743 7.69999980926514
-9999 -9999 -9999 -9999 -9999 -9999 -9999 -9999 -9999 -9999 -9999 -9999 -9999 -9999 -9999 -9999 -9999 -9999 -9999 -9999 -9999 -9999 -9999 -9999 -9999 -9999 -9999 -9999 -9999 8.51666641235352 8.5 8.46666622161865 8.38333320617676 8.28333377838135 7.90000009536743 7.69999980926514 7.98333311080933 7.88333368301392 7.56666660308838 7.73333311080933 8.15000057220459 8.08333301544189 8.15000057220459 8.25 8.19999980926514 8.19999980926514 8.25 8.15000057220459 8.13333320617676 8.16666698455811 8.14999961853027 8.03333282470703 7.95000028610229 7.63333320617676 7.68333339691162 7.90000009536743 7.90000009536743 8 8.03333377838135 7.98333358764648
-9999 -9999 -9999 -9999 -9999 -9999 -9999 -9999 -9999 -9999 -9999 -9999 -9999 -9999 -9999 -9999 -9999 -9999 -9999 -9999 -9999 -9999 -9999 -9999 -9999 -9999 -9999 13.6166667938232 13.5666666030884 8.48333358764648 8.5 8.43333339691162 8.36666679382324 8.13333320617676 7.69999980926514 8.05000019073486 7.75 7.96666669845581 7.96666669845581 7.83333349227905 8.11666679382324 8.26666641235352 8.28333282470703 8.25 8.25 8.30000019073486 8.30000019073486 8.28333282470703 8.23333358764648 8.19999980926514 8.11666679382324 8.14999961853027 8.09999942779541 7.96666669845581 7.76666641235352 7.66666698455811 7.46666669845581 7.78333330154419 8.06666660308838 8.13333320617676
-9999 -9999 -9999 -9999 -9999 -9999 -9999 -9999 -9999 -9999 -9999 -9999 -9999 -9999 -9999 -9999 -9999 -9999 -9999 -9999 -9999 -9999 -9999 -9999 -9999 -9999 13.5666666030884 13.5500001907349 13.5166664123535 8.46666717529297 8.44999980926514 8.44999980926514 8.41666698455811 8.28333282470703 8 8.19999980926514 7.96666669845581 7.98333311080933 8.13333320617676 8.10000038146973 8.11666679382324 8.26666641235352 8.33333301544189 8.25 8.25 8.35000038146973 8.26666641235352 8.30000019073486 8.30000019073486 8.31666660308838 8.26666641235352 8.16666698455811 7.93333339691162 7.68333339691162 7.63333368301392 7.63333368301392 7.41666650772095 7.34999990463257 7.68333339691162 8.14999961853027
-9999 -9999 -9999 -9999 -9999 -9999 -9999 -9999 -9999 -9999 -9999 -9999 -9999 -9999 -9999 -9999 -9999 -9999 -9999 -9999 -9999 -9999 -9999 -9999 13.466667175293 13.4333333969116 13.4499998092651 13.4833335876465 13.5166664123535 8.43333339691162 8.48333358764648 8.5 8.43333339691162 8.26666641235352 8.14999961853027 8.28333282470703 7.91666698455811 7.95000028610229 8.18333339691162 8.10000038146973 8.13333320617676 8.26666641235352 8.33333301544189 8.33333301544189 8.35000038146973 8.36666679382324 8.30000019073486 8.16666698455811 8.21666717529297 8.33333301544189 8.33333301544189 8.23333358764648 7.88333368301392 7.25 7.01666641235352 7.11666679382324 7.25 7.18333339691162 7.63333368301392 8.18333339691162
-9999 -9999 -9999 -9999 -9999 -9999 -9999 -9999 -9999 -9999 -9999 -9999 -9999 -9999 -9999 -9999 -9999 -9999 -9999 -9999 -9999 -9999 -9999 13.3500003814697 13.5333337783813 13.4499998092651 13.4833335876465 13.5 8.33333301544189 8.36666679382324 8.44999980926514 8.43333339691162 8.44999980926514 8.28333282470703 8.21666717529297 8.35000038146973 8.13333320617676 8.21666717529297 8.26666641235352 8.10000038146973 8.26666641235352 8.33333301544189 8.33333301544189 8.38333320617676 8.38333320617676 8.38333320617676 8.30000019073486 8.26666641235352 8.16666698455811 8.14999961853027 8.14999961853027 8.11666679382324 7.81666660308838 7.38333368301392 7.23333358764648 7.18333339691162 7.44999980926514 7.51666688919067 7.56666660308838 7.93333339691162
-9999 -9999 -9999 -9999 -9999 -9999 -9999 -9999 -9999 -9999 -9999 -9999 -9999 -9999 -9999 -9999 -9999 -9999 -9999 -9999 -9999 13.4000005722046 13.3000001907349 13.3666667938232 13.5166664123535 13.5500001907349 13.5500001907349 13.6166667938232 13.5999994277954 8.58333301544189 8.58333301544189 8.60000038146973 8.51666641235352 8.23333358764648 8.25 8.38333320617676 8.33333301544189 8.38333320617676 8.26666641235352 8.35000038146973 8.35000038146973 8.36666679382324 8.38333320617676 8.43333339691162 8.36666679382324 8.33333301544189 8.34999942779541 8.28333282470703 8.08333301544189 7.84999990463257 7.61666679382324 7.63333320617676 7.80000019073486 7.71666669845581 7.58333349227905 7.63333320617676 7.81666660308838 7.73333311080933 7.81666660308838 7.98333358764648
-9999 -9999 -9999 -9999 -9999 -9999 -9999 -9999 -9999 -9999 -9999 -9999 -9999 -9999 -9999 -9999 -9999 -9999 -9999 13.2833337783813 13.0833339691162 12.966667175293 13.0333337783813 13.3500003814697 13.4166669845581 13.5333337783813 13.5666666030884 13.6166667938232 13.716667175293 8.64999961853027 8.68333339691162 8.66666698455811 8.58333301544189 8.33333301544189 8.33333301544189 8.39999961853027 8.39999961853027 8.39999961853027 8.35000038146973 8.38333320617676 8.38333320617676 8.41666698455811 8.46666622161865 8.43333339691162 8.28333377838135 8.13333320617676 8.21666717529297 8.28333377838135 8.23333358764648 7.76666641235352 7.31666660308838 7.59999990463257 7.83333301544189 7.96666669845581 7.86666631698608 7.58333301544189 7.88333320617676 8.05000019073486 8.18333339691162 8.31666660308838
-9999 -9999 -9999 -9999 -9999 -9999 -9999 -9999 -9999 -9999 -9999 -9999 -9999 -9999 -9999 -9999 -9999 -9999 13.0666666030884 12.8666667938232 12.8333330154419 13.1166667938232 13.1833333969116 13 13.25 13.5166664123535 13.5 13.5999994277954 13.7833337783813 8.71666622161865 8.75 8.75 8.66666698455811 8.53333377838135 8.39999961853027 8.44999980926514 8.41666698455811 8.41666698455811 8.46666622161865 8.46666622161865 8.46666622161865 8.46666622161865 8.33333301544189 8.16666698455811 8.11666679382324 7.90000009536743 7.98333311080933 7.86666679382324 7.75 7.78333330154419 7.5 7.51666641235352 7.56666660308838 7.61666679382324 7.93333339691162 8.19999980926514 8.06666660308838 8.19999980926514 8.44999980926514 8.64999961853027
-9999 -9999 -9999 -9999 -9999 -9999 -9999 -9999 -9999 -9999 -9999 -9999 -9999 -9999 -9999 -9999 12.8166666030884 12.8333330154419 12.6999998092651 12.8666667938232 13.1666660308838 13.25 13.3666667938232 13.3333330154419 13.4499998092651 13.5166664123535 13.5833330154419 13.6166667938232 13.75 13.8500003814697 8.80000019073486 8.78333377838135 8.68333339691162 8.61666679382324 8.53333377838135 8.46666622161865 8.44999980926514 8.46666622161865 8.46666622161865 8.48333358764648 8.41666698455811 8.05000019073486 7.94999980926514 8.18333339691162 8.23333358764648 8.23333358764648 8.13333320617676 7.86666679382324 7.51666641235352 7.28333330154419 7.33333301544189 7.06666660308838 2 7.28333330154419 7.53333330154419 7.85000038146973 8.31666660308838 8.55000019073486 8.71666717529297 8.71666717529297
-9999 -9999 -9999 -9999 -9999 -9999 -9999 -9999 -9999 -9999 -9999 -9999 -9999 -9999 -9999 12.25 12.3333330154419 12.3000001907349 12.716667175293 13.1333332061768 13.2333335876465 13.3333330154419 13.3833332061768 13.5 13.5166664123535 13.5333337783813 13.6333332061768 13.6999998092651 13.8000001907349 13.8666667938232 8.76666641235352 8.73333358764648 8.59999942779541 8.59999942779541 8.58333301544189 8.53333377838135 8.46666622161865 8.51666641235352 8.5 8.25 8.19999980926514 8.28333377838135 8.34999942779541 8.38333320617676 8.38333320617676 8.19999980926514 7.98333358764648 7.93333339691162 7.68333339691162 7.43333339691162 7.48333358764648 7.31666660308838 7.38333320617676 7.65000009536743 7.83333349227905 7.83333349227905 8.14999961853027 8.23333358764648 8.58333301544189 8.93333339691162
-9999 -9999 -9999 -9999 -9999 -9999 -9999 -9999 -9999 -9999 -9999 -9999 -9999 12.4000005722046 12.6333332061768 12.5833330154419 12.6666669845581 12.3166666030884 12.3499994277954 12.8666667938232 12.8333330154419 12.9499998092651 13.2166662216187 13.4166669845581 13.1833333969116 13.3500003814697 13.5833330154419 13.716667175293 13.7666664123535 13.7666664123535 8.69999980926514 8.66666698455811 13.6833333969116 13.6333332061768 8.58333301544189 8.58333301544189 13.5833330154419 8.58333301544189 8.33333301544189 8.21666717529297 8.35000038146973 8.51666641235352 8.51666641235352 8.38333320617676 8.21666717529297 8.19999980926514 8 7.83333301544189 7.71666669845581 7.70000028610229 7.81666660308838 7.71666669845581 7.53333330154419 7.90000009536743 8.01666641235352 8 8.30000019073486 8.31666660308838 8.73333358764648 8.93333339691162
-9999 -9999 -9999 -9999 -9999 -9999 -9999 -9999 -9999 -9999 -9999 12.4499998092651 12.6999998092651 12.5500001907349 12.5500001907349 12.8500003814697 12.8500003814697 12.6999998092651 12.5666666030884 12.6833333969116 12.5333337783813 12.8500003814697 13.2333335876465 13.1666660308838 13.0333337783813 13.4833335876465 13.6166667938232 13.6833333969116 13.716667175293 13.6833333969116 13.7333335876465 8.66666698455811 13.6999998092651 13.6999998092651 8.59999942779541 13.6333332061768 13.6333332061768 13.6499996185303 13.6000003814697 8.56666660308838 8.60000038146973 8.56666660308838 8.56666660308838 8.48333358764648 8.10000038146973 7.73333358764648 7.65000009536743 7.65000009536743 7.75 7.79999971389771 8.01666641235352 8.09999942779541 7.91666650772095 8.05000019073486 8.28333377838135 8.26666641235352 8.40000057220459 8.40000057220459 8.78333377838135 8.98333358764648
-9999 -9999 -9999 -9999 -9999 -9999 -9999 -9999 -9999 -9999 12.1999998092651 12.5500001907349 12.6833333969116 12.6666669845581 12.8000001907349 12.783332824707 13 12.8500003814697 12.8166666030884 12.8666667938232 12.8000001907349 13.0333337783813 13.3166666030884 13.25 13.2333335876465 13.4666662216187 13.5500001907349 13.6333332061768 13.6999998092651 13.716667175293 13.7333335876465 13.7333335876465 13.716667175293 8.61666679382324 13.6999998092651 13.7166662216187 13.7166662216187 13.6499996185303 8.60000038146973 8.60000038146973 13.5500001907349 8.53333377838135 8.36666679382324 8.35000038146973 8.26666641235352 7.86666679382324 7.83333301544189 7.75 7.79999971389771 8.13333320617676 8.13333320617676 8.35000038146973 8.28333377838135 8.35000038146973 8.39999961853027 8.38333320617676 8.40000057220459 8.56666660308838 8.78333377838135 8.69999980926514
-9999 -9999 -9999 -9999 -9999 -9999 -9999 -9999 12.033332824707 12.2833337783813 12.5 12.5666666030884 12.6000003814697 12.8166666030884 12.8166666030884 13 13.0333337783813 12.9499998092651 12.8666667938232 13.0500001907349 13.0166664123535 13.1333332061768 13.0833339691162 13.3833332061768 13.4499998092651 13.5166664123535 13.5500001907349 13.6166667938232 13.6666669845581 13.6999998092651 13.716667175293 13.7333335876465 13.6666669845581 13.716667175293 13.6999998092651 13.7166662216187 13.6666660308838 8.56666660308838 8.53333377838135 8.5 13.4833335876465 8.44999980926514 8 7.80000019073486 8.18333339691162 8.23333358764648 8.26666641235352 8 7.95000028610229 8.13333320617676 8.44999980926514 8.51666641235352 8.44999980926514 8.46666622161865 8.46666622161865 8.44999980926514 8.41666698455811 8.68333339691162 8.48333358764648 8.71666717529297
-9999 -9999 -9999 -9999 -9999 -9999 15.3333330154419 15.6999998092651 15.8666667938232 11.8166666030884 12.1000003814697 12.2666664123535 12.5500001907349 12.5 12.5333337783813 12.9833335876465 13.1166667938232 13.0833339691162 12.8666667938232 13.2666664123535 13.0833339691162 13.0833339691162 13.3666667938232 13.3833332061768 13.2166662216187 13.4333333969116 13.5166664123535 13.6000003814697 13.6000003814697 13.6000003814697 13.716667175293 13.716667175293 13.6999998092651 13.6999998092651 13.6833333969116 13.6499996185303 13.5999994277954 13.4166669845581 8.36666679382324 8.13333320617676 8.05000019073486 8.01666641235352 7.96666669845581 8.01666641235352 8.11666679382324 8.36666679382324 8.26666641235352 8.38333320617676 8.36666679382324 8.30000019073486 8.51666641235352 8.51666641235352 8.48333358764648 8.35000038146973 8.5 8.55000019073486 8.66666698455811 8.66666698455811 8.26666641235352 8.53333282470703
-9999 -9999 -9999 -9999 -9999 14.5833339691162 14.6833333969116 15.1499996185303 15.5166664123535 15.6999998092651 15.8500003814697 16.0166664123535 11.9666662216187 12.2666664123535 12.7333335876465 12.9666662216187 13.0500001907349 13.2166662216187 13.2666664123535 13.3000001907349 13.2166662216187 13.0333337783813 13.2166662216187 13.4666662216187 13.4666662216187 13.5166664123535 13.5500001907349 13.5666666030884 13.5666666030884 13.6166667938232 13.6999998092651 13.6999998092651 13.6999998092651 13.6833333969116 13.5999994277954 13.5833330154419 13.5333337783813 13.4499998092651 13.4499998092651 8.13333320617676 7.98333311080933 8.13333320617676 8.01666641235352 7.96666669845581 8.19999980926514 8.38333320617676 8.43333339691162 8.41666698455811 8.51666641235352 8.51666641235352 8.56666660308838 8.53333377838135 8.46666622161865 8.41666698455811 8.56666660308838 8.59999942779541 8.66666698455811 8.61666679382324 8.33333301544189 8.38333320617676
-9999 -9999 -9999 14.5666666030884 15.1666669845581 15.4166669845581 15.2666673660278 15.4499998092651 16.0166664123535 11.9499998092651 12.1000003814697 12.1999998092651 12.0166664123535 12.1999998092651 12.4333333969116 12.5833330154419 12.6833333969116 13.0500001907349 13.0833330154419 13.3000001907349 13.4333333969116 13.4166669845581 13.5 13.5166664123535 13.5500001907349 13.5500001907349 13.6166667938232 13.6499996185303 13.6666669845581 13.6666669845581 13.7333335876465 13.7333335876465 13.6999998092651 13.6999998092651 13.7333335876465 13.5833330154419 13.6499996185303 13.6166667938232 13.4499998092651 8.28333377838135 8.14999961853027 8.33333301544189 8.33333301544189 8.36666679382324 8.26666641235352 8.26666641235352 13.5166664123535 13.5333337783813 13.5333337783813 8.55000019073486 8.56666660308838 8.55000019073486 8.5 8.5 8.56666660308838 8.60000038146973 8.5 8.33333301544189 8.36666679382324 8.30000019073486
-9999 14.4833335876465 14.9499998092651 15.5 15.9333333969116 16.0666656494141 16.0833339691162 11.9499998092651 12.1333332061768 12.1000003814697 12.1833333969116 12.3000001907349 12.4333333969116 12.3833332061768 12.25 12.6166667938232 12.9499998092651 12.8833332061768 13.0666666030884 13.1833333969116 13.3666667938232 13.4166669845581 13.5 13.3500003814697 13.4666662216187 13.5 13.5833330154419 13.6333332061768 13.6666669845581 13.6833333969116 13.716667175293 13.6999998092651 13.6499996185303 13.7166662216187 13.75 13.6833333969116 13.6833333969116 13.6666660308838 13.5166673660278 13.5500001907349 13.5500001907349 13.5500001907349 8.33333301544189 8.53333377838135 13.5500001907349 13.5 8.55000019073486 13.5833330154419 13.6000003814697 13.6000003814697 8.53333377838135 8.60000038146973 13.5333337783813 8.56666660308838 8.60000038146973 8.58333301544189 8.35000038146973 8.18333339691162 8.28333282470703 8.33333301544189
14.75 15.0500001907349 15.5666675567627 15.9166669845581 12.0500001907349 12.0999994277954 12.1333332061768 11.9833335876465 16.1499996185303 12.0500001907349 12.1833333969116 12.2666664123535 12.4166669845581 12.6333332061768 12.5833330154419 12.7333335876465 12.9833335876465 13.1333332061768 13.1999998092651 13.1499996185303 13.3666667938232 13.4333333969116 13.3000001907349 13.3666667938232 13.4666662216187 13.5166664123535 13.5833330154419 13.6499996185303 13.6666669845581 13.6833333969116 13.6999998092651 13.6999998092651 13.6499996185303 13.6333332061768 13.7166662216187 13.75 13.7333335876465 13.6999998092651 13.6999998092651 13.6999998092651 13.6166667938232 13.5166664123535 13.5333337783813 13.5666666030884 13.6333332061768 13.6333332061768 13.6333332061768 13.6000003814697 13.6000003814697 13.6000003814697 8.5 8.56666660308838 8.58333301544189 8.60000038146973 8.61666679382324 8.60000038146973 8.35000038146973 8.25 8.33333301544189 8.33333301544189
15.1666669845581 15.75 11.9333333969116 12.0666666030884 12.1499996185303 12.1999998092651 12.1166667938232 15.966667175293 15.5833339691162 16.0499992370605 16.1000003814697 16.1166667938232 12.3833332061768 12.8166666030884 12.9499998092651 12.9166669845581 12.8000001907349 13.1166667938232 13.3333330154419 13.3500003814697 13.2166662216187 13.1833333969116 13.2333335876465 13.4499998092651 13.5500001907349 13.5833330154419 13.6166667938232 13.6333332061768 13.6499996185303 13.6999998092651 13.7166662216187 13.6999998092651 13.6333332061768 13.5666666030884 13.6166667938232 13.6833333969116 13.7666664123535 13.7666664123535 13.75 13.6833333969116 13.5666666030884 13.6499996185303 13.6499996185303 13.6499996185303 13.7166662216187 13.6499996185303 13.6166667938232 13.5666666030884 8.46666622161865 8.55000019073486 13.6166667938232 13.5666666030884 8.60000038146973 8.55000019073486 8.61666679382324 8.55000019073486 8.38333320617676 8.35000038146973 8.36666679382324 8.39999961853027
15.4333333969116 16.1166667938232 12.1166667938232 12.1999998092651 12.1833333969116 12.1499996185303 12.1499996185303 15.8666667938232 15.6999998092651 16.216667175293 12.283332824707 12.1666669845581 12.5833330154419 12.7833337783813 12.8500003814697 13.0833339691162 13.0333337783813 13.0666666030884 13.3000001907349 12.9499998092651 12.75 13.1166667938232 13.4499998092651 13.533332824707 13.5666666030884 13.5666666030884 13.6000003814697 13.6333332061768 13.6499996185303 13.6999998092651 13.6499996185303 13.6666669845581 13.6499996185303 13.6666660308838 13.5666666030884 13.6166667938232 13.6499996185303 13.7166662216187 13.783332824707 13.7166662216187 13.6833333969116 13.7333326339722 13.7333326339722 13.7333326339722 13.6666669845581 13.6166667938232 13.5500001907349 13.4499998092651 8.44999980926514 13.5500001907349 13.5666666030884 13.5666666030884 8.55000019073486 8.55000019073486 8.61666679382324 8.5 8.46666717529297 8.41666698455811 8.41666698455811 8.61666679382324
15.6499996185303 12.0833330154419 12.1499996185303 16.3166656494141 16.033332824707 16.283332824707 12.2833337783813 16.25 16.3000011444092 12.1666669845581 12.4666662216187 12.3000001907349 12.4499998092651 12.5666666030884 12.8000001907349 12.9833335876465 13.1000003814697 13.1999998092651 13.1666669845581 12.8999996185303 13.2666664123535 13.4333333969116 13.5500001907349 13.5666666030884 13.5666666030884 13.5166664123535 13.5499992370605 13.6333332061768 13.7166662216187 13.6666669845581 13.6166667938232 13.6000003814697 13.4833335876465 13.5666666030884 13.6499996185303 13.5666666030884 13.3666667938232 13.6666669845581 13.8000001907349 13.75 13.7333326339722 13.7666664123535 13.7333326339722 13.7333326339722 13.6666669845581 13.6666669845581 13.6000003814697 13.5333337783813 13.5333337783813 13.5333337783813 13.5666666030884 13.5166664123535 8.53333282470703 8.64999961853027 8.64999961853027 8.53333377838135 8.35000038146973 8.46666717529297 8.61666679382324 8.58333301544189
16.2999992370605 16.283332824707 16.033332824707 15.966667175293 16.0166664123535 16.4333324432373 12.3833332061768 12.3999996185303 12.2666664123535 12.3166666030884 12.6499996185303 12.7833337783813 12.6833333969116 12.75 12.9666662216187 13.0333337783813 12.9833335876465 12.8500003814697 12.9333333969116 13.3500003814697 13.5 13.5 13.5166664123535 13.5666666030884 13.5500001907349 13.5500001907349 13.6000003814697 13.6666669845581 13.6833333969116 13.6666669845581 13.6000003814697 13.5 13.3833332061768 13.3000001907349 13.5 13.6166667938232 13.6666669845581 13.6999998092651 13.8000001907349 13.8166666030884 13.8166666030884 13.8000001907349 13.7333326339722 13.6999998092651 13.6333332061768 13.6000003814697 13.6166667938232 13.5833339691162 13.5666666030884 13.5 13.4833335876465 13.533332824707 13.6166667938232 13.6333332061768 13.6333332061768 8.53333377838135 8.48333358764648 8.61666679382324 8.65000057220459 8.53333377838135
12.25 16.033332824707 16.1333332061768 12.3166666030884 16.4833335876465 16.0833339691162 16.283332824707 16.5 12.5 12.5666666030884 12.7333335876465 12.6999998092651 12.8999996185303 12.9833335876465 12.9833335876465 12.9333333969116 13.0666666030884 13.0833339691162 13.3500003814697 13.4833335876465 13.4000005722046 13.4499998092651 13.4499998092651 13.5500001907349 13.6666669845581 13.6833333969116 13.6833333969116 13.5 13.5833330154419 13.5333337783813 13.6666669845581 13.6833333969116 13.6000003814697 13.5666666030884 13.4333333969116 13.6000003814697 13.6833333969116 13.7333335876465 13.8166666030884 13.8166666030884 13.783332824707 13.783332824707 13.7666664123535 13.6999998092651 13.6833333969116 13.6666660308838 13.6000003814697 13.6000003814697 13.5666666030884 13.5500001907349 13.5666666030884 13.6499996185303 13.716667175293 13.6833333969116 13.6333332061768 8.5 8.69999980926514 8.73333358764648 8.55000019073486 8.56666660308838
12.3333339691162 16.0833320617676 12.5500001907349 12.6999998092651 12.6333332061768 12.4333333969116 16.0666675567627 16.0833339691162 16.5 12.4333333969116 12.5999994277954 12.5833330154419 12.716667175293 12.7666664123535 12.6333332061768 13.0500001907349 13.2166662216187 13.3833332061768 13.4333333969116 13.4333333969116 13.466667175293 13.5 13.5666666030884 13.6333332061768 13.6833333969116 13.6833333969116 13.5333337783813 13.2666664123535 13.4833335876465 13.4333333969116 13.4499998092651 13.4833335876465 13.6833333969116 13.6999998092651 13.6333332061768 13.4666662216187 13.6500005722046 13.8000001907349 13.8000001907349 13.8333330154419 13.8500003814697 13.8666667938232 13.8333330154419 13.8000001907349 13.7166662216187 13.6999998092651 13.6666660308838 13.6666660308838 13.6333332061768 13.6000003814697 13.6000003814697 13.6333332061768 13.716667175293 13.6833333969116 13.8000001907349 13.6666669845581 8.80000019073486 8.60000038146973 8.48333358764648 8.84999942779541
12.5166664123535 16.4833335876465 16.5166664123535 12.6833333969116 12.8833332061768 12.8000001907349 16.5 16.3666667938232 16.3999996185303 12.6166667938232 12.783332824707 12.75 12.8999996185303 12.8333339691162 12.9833335876465 13.3000001907349 13.3666667938232 13.3333330154419 13.3500003814697 13.3833332061768 13.5 13.533332824707 13.5999994277954 13.6333332061768 13.6166667938232 13.6833333969116 13.5166664123535 13.2833337783813 13.2833337783813 13.3833332061768 13.2833337783813 13.2666673660278 13.3833332061768 13.3000001907349 13.4833335876465 13.6333332061768 13.6666669845581 13.7166662216187 13.75 13.7666664123535 13.8333330154419 13.8500003814697 13.8333330154419 13.8000001907349 13.783332824707 13.75 13.6833333969116 13.6833333969116 13.6666669845581 13.6000003814697 13.5500001907349 13.533332824707 13.716667175293 13.8499994277954 13.8833332061768 13.7833337783813 8.78333282470703 8.55000019073486 8.58333301544189 8.83333301544189
