Demos/Rbased/CrashCourse/data/climate_processing/PresentLayers/Shortia_galacifolia/bio_18.asc
NCOLS 603 
NROWS 190 
XLLCORNER -83.7416666666667 
YLLCORNER 34.6416666666666 
CELLSIZE 0.00833333333333332 
NODATA_value -9999 
[rows 120 to 159 of 190, columns 182 to 272 of 603]
346 346 346 345 346 346 344 346 347 345 347 345 344 344 344 344 344 344 344 344 345 345 345 343 343 345 345 345 344 345 344 344 343 341 341 342 341 341 340 339 339 339 339 339 338 339 340 339 339 337 338 338 337 338 337 336 336 337 337 337 337 337 336 335 336 337 337 338 337 337 335 335 335 335 334 334 334 335 335 335 335 335 336 336 336 334 334 334 332 330 331
347 347 347 347 345 344 343 343 345 345 345 344 344 344 344 344 342 343 343 343 344 345 345 345 345 345 345 345 345 345 345 344 344 343 343 342 342 340 340 339 339 339 340 341 341 338 339 339 339 336 336 337 337 338 339 339 338 339 337 337 337 336 336 335 335 337 337 337 337 337 336 335 334 335 335 335 335 336 335 335 335 335 335 337 335 335 334 334 331 331 331
349 350 349 349 347 345 345 344 343 345 343 343 343 343 344 344 343 342 342 343 345 344 344 346 346 345 345 345 345 345 345 345 344 343 343 342 341 341 341 340 337 339 339 339 340 339 337 337 338 339 338 338 340 340 339 339 339 339 337 340 339 338 338 338 337 336 336 336 336 336 336 336 334 335 336 336 336 336 336 336 336 335 335 336 335 334 334 333 331 331 331
351 351 352 349 347 345 344 343 341 343 343 343 343 344 342 342 342 342 343 345 345 344 346 346 346 346 345 346 346 345 346 345 345 344 344 343 343 340 340 340 340 338 339 339 340 341 340 339 339 340 340 339 340 340 339 339 339 338 338 340 340 339 338 338 337 338 338 336 336 336 335 335 334 337 337 336 336 336 336 336 336 335 337 336 334 333 333 331 331 332 333
355 353 350 347 346 345 344 345 343 341 341 341 342 342 342 342 340 342 341 342 343 344 344 345 346 345 346 345 345 345 345 346 346 346 345 344 343 343 341 340 342 342 342 342 343 340 340 340 341 341 342 340 340 340 340 341 339 338 339 340 340 340 338 338 338 339 339 339 339 337 336 335 335 337 337 337 336 335 335 335 335 337 337 336 335 333 333 333 333 333 333
351 352 350 347 347 347 346 345 343 343 346 343 344 342 341 340 343 343 344 341 342 342 344 344 344 344 346 346 346 345 344 345 345 345 346 345 345 344 343 343 342 343 342 342 341 340 340 340 341 342 343 342 340 340 341 341 341 340 339 340 340 339 339 339 339 339 339 339 339 338 337 335 335 334 336 336 336 335 335 337 336 336 336 335 333 332 333 333 333 333 333
350 350 350 347 347 345 345 344 344 345 346 346 345 344 343 344 345 345 345 344 343 342 342 342 344 344 344 346 346 345 344 344 344 345 344 345 345 344 343 343 344 344 343 343 341 342 341 341 341 342 343 342 340 339 341 341 341 339 340 341 340 339 339 338 337 338 338 339 338 338 338 337 336 335 336 336 336 336 337 336 335 336 336 334 333 333 333 334 334 335 335
348 349 348 348 345 346 346 344 345 346 347 346 346 344 345 345 345 345 345 345 345 343 342 342 342 342 344 344 346 345 345 344 344 344 344 345 346 343 343 344 344 344 343 343 343 343 342 342 342 343 342 341 340 341 341 341 341 341 341 341 341 340 340 340 340 337 337 338 338 337 337 336 336 335 336 336 336 335 335 335 337 336 334 333 333 333 334 335 335 335 335
348 346 348 346 345 345 345 345 345 346 346 346 346 346 345 345 344 345 343 344 343 345 344 344 342 342 342 345 347 347 346 346 345 344 344 344 344 344 343 344 343 344 344 343 343 343 342 342 343 343 342 341 342 341 341 341 341 342 342 342 340 340 340 340 339 338 338 338 338 338 337 337 336 335 335 335 335 335 337 337 336 335 333 335 335 335 335 335 336 336 335
348 347 345 345 345 345 345 345 344 345 346 344 344 346 346 345 345 346 345 345 343 343 344 344 344 342 343 345 345 347 347 347 345 344 344 343 344 344 343 344 343 343 341 343 343 343 343 344 344 342 342 342 342 341 341 341 342 342 342 342 342 340 339 339 339 339 338 338 339 339 339 339 337 335 335 335 335 336 336 337 336 336 335 336 335 335 336 337 337 337 334
347 347 345 345 345 343 345 345 343 344 346 344 344 344 346 346 347 346 345 345 344 343 342 342 343 345 343 343 345 345 345 345 345 344 344 344 342 344 343 343 343 342 342 342 342 342 342 343 344 343 342 342 342 342 343 342 342 342 341 341 340 340 340 339 339 339 339 339 339 339 337 337 337 336 334 334 334 336 336 336 336 335 333 335 335 338 340 338 336 335 335
347 347 345 345 345 343 343 343 342 343 345 344 342 342 344 344 344 344 344 345 343 343 344 344 343 343 343 343 344 345 345 345 345 345 344 344 342 342 342 342 342 342 342 341 342 342 342 342 343 343 342 342 342 344 344 343 342 342 342 341 340 340 340 339 339 339 339 339 337 337 338 338 338 337 336 334 334 336 335 335 335 333 333 335 336 337 337 336 335 334 334
349 349 348 347 347 345 344 343 343 342 342 344 343 342 342 344 342 343 343 343 343 342 342 344 344 344 344 343 343 343 343 344 344 344 344 344 343 342 341 342 342 342 342 343 342 342 342 342 343 342 342 342 342 344 345 343 342 340 341 341 338 339 339 339 339 338 338 338 337 337 337 338 337 337 337 335 334 334 333 333 335 335 335 335 337 337 337 337 336 334 334
349 348 347 347 347 346 344 343 343 342 341 342 342 342 342 342 342 341 341 342 341 341 341 341 343 343 344 343 343 343 343 342 343 343 342 342 342 342 342 340 340 342 343 342 342 342 341 342 342 340 342 342 342 343 345 343 340 339 339 338 338 338 339 339 338 338 338 337 337 336 336 336 336 337 337 337 336 333 335 336 336 337 336 337 337 336 336 336 337 335 334
347 347 347 345 346 344 343 343 341 343 342 341 341 341 339 342 341 342 342 341 341 341 341 342 342 343 343 343 343 343 343 343 343 343 342 342 341 340 341 340 340 341 342 341 342 340 341 341 340 341 342 341 341 341 341 340 339 339 339 337 337 338 339 339 339 339 338 338 336 336 336 336 335 335 336 336 336 335 335 336 337 337 337 336 336 336 336 336 336 335 335
347 347 347 344 344 343 343 343 343 343 343 343 341 341 342 343 342 344 343 343 342 342 343 344 344 343 343 343 344 344 344 343 343 342 343 343 343 340 340 340 340 339 340 340 341 340 341 341 342 341 341 341 339 339 339 339 339 338 337 337 337 339 338 338 339 338 338 338 338 336 336 335 335 335 335 336 336 335 335 336 337 337 337 336 335 336 336 337 336 336 335
347 347 345 344 344 343 346 344 343 342 343 343 341 342 342 344 344 344 344 343 342 343 343 343 343 342 344 343 344 344 344 342 343 343 343 343 343 343 341 340 338 338 340 341 341 340 341 340 340 341 341 341 338 339 338 337 337 336 335 335 337 338 338 338 338 338 337 337 336 336 337 337 337 336 336 335 335 335 335 336 336 336 335 336 337 336 336 336 335 334 334
346 346 347 345 345 345 347 345 343 342 343 343 341 343 344 343 343 344 344 342 342 342 342 343 343 341 343 342 343 343 343 343 343 343 343 343 342 341 340 340 338 338 339 340 340 339 338 339 340 341 340 341 338 338 338 339 339 338 337 335 336 337 338 336 337 337 337 337 337 338 338 337 337 336 336 336 336 335 335 334 335 336 336 337 337 336 336 335 334 333 334
345 345 345 346 346 347 347 344 343 343 342 344 343 344 345 343 343 342 342 342 342 342 341 342 342 342 343 343 343 343 343 343 343 343 343 342 341 340 340 341 338 338 338 339 339 338 338 339 340 341 339 339 338 339 339 339 339 338 337 336 336 336 336 336 336 334 336 337 338 338 338 336 336 336 336 336 335 335 335 334 334 336 336 336 336 336 335 335 333 333 333
343 343 345 346 347 347 346 344 344 344 343 344 344 345 345 343 343 343 342 342 341 341 340 342 342 342 342 342 343 343 343 343 343 343 343 341 341 341 341 341 339 338 336 338 339 337 338 339 341 341 340 340 339 339 339 339 339 338 336 336 335 336 336 335 334 337 337 337 338 339 338 338 337 336 336 337 337 337 336 336 334 334 334 335 335 336 335 334 335 333 332
343 343 345 345 345 345 343 343 342 344 344 346 345 344 343 343 343 341 342 342 341 339 339 342 342 341 341 342 342 342 342 342 342 341 341 341 341 341 341 339 339 339 339 336 338 337 337 339 339 339 339 340 339 339 338 338 338 338 337 336 336 333 334 334 335 335 337 337 337 338 338 338 337 336 337 337 337 337 337 337 336 334 334 334 333 334 335 333 333 333 332
341 343 343 343 343 344 343 342 342 344 344 344 342 342 340 340 342 341 340 340 341 339 339 339 340 339 339 342 342 342 341 339 339 341 341 341 341 340 339 339 339 338 336 336 336 337 338 339 339 339 337 337 339 339 338 338 337 337 336 335 333 333 334 334 334 334 335 337 338 338 338 338 337 336 337 338 338 337 336 336 334 334 334 334 333 333 333 333 332 332 332
341 341 343 341 343 342 340 340 342 342 342 342 341 340 339 339 339 340 340 338 338 338 338 339 339 339 339 339 341 341 341 339 339 340 340 341 340 339 339 339 339 339 338 337 336 334 337 338 338 339 337 337 337 338 338 335 335 336 334 333 332 333 334 334 334 334 333 335 335 336 336 336 336 336 336 336 337 336 335 335 336 336 335 334 333 333 333 332 332 332 332
341 339 341 340 340 339 339 339 342 341 339 340 341 339 339 339 339 338 338 338 338 338 338 338 338 338 338 339 339 339 340 339 338 338 338 339 339 339 339 339 339 338 337 337 334 334 336 336 337 337 337 337 336 335 335 335 334 334 334 333 332 332 334 332 332 333 333 335 335 336 336 336 336 336 335 335 335 336 336 336 336 336 334 334 335 334 332 332 330 332 332
341 339 339 338 338 338 338 338 340 339 339 339 339 339 339 339 339 339 338 337 337 337 337 337 337 337 337 337 337 337 337 337 337 337 339 339 339 339 338 337 338 337 337 337 334 333 334 335 336 337 337 337 337 335 335 335 334 333 333 332 332 332 332 331 332 333 333 335 335 336 336 336 334 335 335 335 335 335 335 335 334 335 334 335 335 334 333 332 330 332 332
340 339 338 338 339 340 338 337 337 337 337 336 336 336 336 336 336 338 339 337 337 336 337 337 337 337 337 337 337 337 336 337 337 337 337 337 337 337 337 336 336 335 337 337 335 334 332 335 335 337 337 335 335 335 335 334 333 331 331 331 332 332 330 330 333 333 333 335 335 336 336 334 334 333 333 334 334 335 334 334 334 334 334 332 332 333 332 332 330 329 331
339 339 338 337 338 338 338 338 336 337 337 336 335 335 335 336 336 337 338 336 336 337 337 337 337 337 337 337 337 337 336 334 335 335 335 336 335 337 337 336 334 334 335 335 334 332 332 332 334 336 335 335 335 333 332 331 331 331 332 332 329 330 329 330 330 333 333 335 335 336 336 335 334 333 332 332 332 334 334 334 333 332 332 332 332 332 332 332 329 329 331
338 339 337 336 336 337 336 335 335 335 335 335 335 335 334 333 335 336 336 336 336 336 336 337 338 337 336 337 337 335 335 335 335 335 334 333 335 337 337 334 334 334 333 332 332 332 332 333 333 333 333 333 333 334 333 333 333 332 333 332 331 330 329 330 330 331 333 334 334 334 334 334 332 332 332 331 331 332 333 333 333 333 332 332 332 330 332 332 329 329 329
336 336 336 336 336 339 337 336 335 333 333 334 334 334 334 332 333 334 334 335 335 335 335 336 336 336 335 335 336 335 336 335 335 335 335 332 334 334 334 335 335 335 335 334 334 332 332 330 330 330 331 331 332 334 333 333 332 333 332 332 332 331 330 330 329 330 332 332 334 333 332 332 332 332 332 331 330 331 333 332 333 333 332 331 331 329 332 332 329 329 329
335 335 335 334 335 335 336 336 336 334 334 333 332 334 334 334 332 334 334 334 334 333 335 335 335 335 335 335 335 335 335 335 335 334 333 332 332 333 334 334 334 334 335 333 332 332 332 330 330 328 330 331 331 333 331 332 331 330 329 329 330 329 330 330 329 329 331 331 331 332 331 330 330 332 332 331 328 331 331 331 331 331 332 331 329 329 329 331 329 326 328
335 333 335 335 333 333 334 335 335 333 333 332 331 331 331 332 332 331 333 333 334 332 334 334 334 332 333 333 333 334 335 334 333 332 332 332 331 330 332 332 332 332 332 332 332 333 333 330 330 330 328 328 331 331 331 332 332 329 331 330 330 330 330 328 328 328 330 328 331 331 330 330 329 330 332 331 330 328 328 329 329 330 332 332 329 329 329 329 329 326 329
335 332 332 333 333 332 331 332 333 333 333 333 333 331 330 330 330 330 331 331 331 331 333 333 333 333 332 332 333 333 333 333 333 333 332 330 330 330 330 332 332 331 330 332 332 330 330 330 331 331 330 328 328 328 331 332 331 331 331 331 331 330 330 330 330 328 328 328 328 328 329 329 329 329 329 330 330 330 330 328 328 329 329 329 330 329 327 328 326 328 328
333 332 332 331 329 330 331 332 330 333 332 333 332 332 330 330 330 330 328 331 331 330 331 331 331 332 332 331 330 330 331 330 331 331 330 330 332 332 329 329 329 329 329 330 330 330 330 330 330 328 328 328 328 328 330 330 331 331 330 330 331 330 330 330 330 328 328 327 327 327 327 327 329 328 329 328 328 329 330 329 328 327 326 328 329 329 329 -9999 -9999 -9999 -9999
335 335 332 330 329 329 329 329 330 329 330 330 330 330 332 330 329 329 328 328 328 328 328 330 330 330 333 330 330 330 330 330 330 330 329 330 329 331 329 329 329 330 328 327 327 328 328 328 328 328 330 328 326 327 329 329 329 329 327 328 330 330 330 330 328 328 328 328 328 327 327 326 326 326 326 328 328 330 329 328 329 -9999 -9999 -9999 -9999 -9999 -9999 -9999 -9999 -9999 -9999
335 333 332 330 331 330 329 328 328 329 329 328 328 328 329 329 329 327 328 328 326 326 328 329 329 330 331 330 330 330 328 329 328 327 328 329 328 329 330 330 330 330 328 327 327 328 328 328 328 330 330 328 327 326 326 328 327 327 326 327 329 328 329 328 328 328 328 329 328 328 328 328 328 326 327 326 -9999 -9999 -9999 -9999 -9999 -9999 -9999 -9999 -9999 -9999 -9999 -9999 -9999 -9999 -9999
333 332 330 329 329 328 327 328 326 326 327 328 329 327 327 327 327 328 326 326 326 326 326 327 329 330 330 331 329 329 329 329 328 328 325 326 327 327 328 330 330 328 328 329 329 329 329 329 330 328 327 327 326 326 324 326 325 327 326 324 328 327 327 327 326 328 328 328 329 328 329 -9999 -9999 -9999 -9999 -9999 -9999 -9999 -9999 -9999 -9999 -9999 -9999 -9999 -9999 -9999 -9999 -9999 -9999 -9999 -9999
330 330 329 329 329 329 328 328 328 326 325 325 328 328 328 325 326 326 327 326 326 326 326 326 327 328 328 328 329 329 328 328 328 327 327 325 325 327 327 327 328 328 328 328 329 329 328 328 327 327 326 326 326 326 327 328 326 325 324 324 325 326 325 325 325 325 -9999 -9999 -9999 -9999 -9999 -9999 -9999 -9999 -9999 -9999 -9999 -9999 -9999 -9999 -9999 -9999 -9999 -9999 -9999 -9999 -9999 -9999 -9999 -9999 -9999
330 329 330 330 330 330 330 328 328 325 325 325 325 325 326 325 324 323 324 326 326 325 324 324 326 328 328 328 328 328 327 327 327 325 327 325 324 324 326 326 327 327 327 328 327 327 327 327 327 326 326 328 327 326 328 328 327 327 324 324 324 -9999 -9999 -9999 -9999 -9999 -9999 -9999 -9999 -9999 -9999 -9999 -9999 -9999 -9999 -9999 -9999 -9999 -9999 -9999 -9999 -9999 -9999 -9999 -9999 -9999 -9999 -9999 -9999 -9999 -9999
329 329 330 330 330 330 329 328 327 326 326 325 325 322 325 325 324 324 324 323 324 324 324 323 325 325 325 325 327 327 327 325 325 324 324 324 323 323 324 325 327 326 325 325 325 327 326 327 327 328 328 328 328 328 328 328 328 -9999 -9999 -9999 -9999 -9999 -9999 -9999 -9999 -9999 -9999 -9999 -9999 -9999 -9999 -9999 -9999 -9999 -9999 -9999 -9999 -9999 -9999 -9999 -9999 -9999 -9999 -9999 -9999 -9999 -9999 -9999 -9999 -9999 -9999
329 329 330 330 328 327 327 327 326 326 325 325 325 322 322 324 324 324 324 324 321 321 322 322 322 323 323 325 326 325 326 326 324 324 324 323 322 322 323 325 325 325 325 325 325 324 326 326 327 328 326 325 -9999 -9999 -9999 -9999 -9999 -9999 -9999 -9999 -9999 -9999 -9999 -9999 -9999 -9999 -9999 -9999 -9999 -9999 -9999 -9999 -9999 -9999 -9999 -9999 -9999 -9999 -9999 -9999 -9999 -9999 -9999 -9999 -9999 -9999 -9999 -9999 -9999 -9999 -9999
