Demos/Rbased/CrashCourse/data/climate_processing/PresentLayers/Shortia_galacifolia/bio_15.asc
NCOLS 212 
NROWS 170 
XLLCORNER -83.691666666421 
YLLCORNER 34.5083333333333 
CELLSIZE 0.00833333333316012 
NODATA_value -9999 
[rows 126 to 146 of 170, columns 141 to 187 of 212]
9.91046047210693 9.78629875183105 10.0050888061523 10.152419090271 9.8595085144043 9.77768707275391 9.88457870483398 9.94645881652832 9.83081245422363 9.96793460845947 10.0308103561401 10.0627403259277 10.0734786987305 10.1183881759644 10.2114295959473 10.1294651031494 10.1002969741821 10.2171325683594 10.0034008026123 10.0724506378174 10.0724506378174 10.3788223266602 10.3813228607178 10.470064163208 10.429723739624 10.3657388687134 10.4942502975464 10.6201734542847 10.5518198013306 10.6318798065186 10.7355337142944 10.7355337142944 10.7161798477173 10.7951307296753 10.7610216140747 10.7610216140747 10.7610216140747 10.7610216140747 10.7739105224609 10.6530666351318 10.5155000686646 -9999 -9999 -9999 -9999 -9999 -9999
9.96896743774414 9.78259372711182 10.0050888061523 10.051305770874 10.0003681182861 9.87866592407227 9.8595085144043 9.96660327911377 9.95562839508057 10.092155456543 9.98576736450195 10.0713596343994 10.1394329071045 10.0968637466431 10.1794166564941 10.2675504684448 10.2945938110352 10.2945938110352 10.207179069519 10.154426574707 10.0535545349121 10.0468702316284 10.0802268981934 10.209002494812 10.3266487121582 10.526050567627 10.3144197463989 10.5939235687256 10.4737033843994 10.6318798065186 10.7538728713989 10.7856483459473 10.7161798477173 10.8833513259888 10.8148708343506 10.72523021698 10.8148708343506 10.7739105224609 10.7739105224609 10.8172063827515 10.6798257827759 -9999 -9999 -9999 -9999 -9999 -9999
10.1046113967896 9.96866989135742 9.96896743774414 10.051305770874 10.0660419464111 10.0660419464111 9.92360305786133 9.91934204101562 9.9166316986084 10.2052812576294 10.1040344238281 10.1131248474121 10.1844005584717 10.0461540222168 10.1627111434937 10.2977838516235 10.2064580917358 10.34938621521 10.2679767608643 10.0792036056519 10.2648983001709 10.1651182174683 10.2911157608032 10.2490615844727 10.3395614624023 10.3477840423584 10.5544376373291 10.4561376571655 10.6892929077148 10.5683450698853 10.7947282791138 10.7947282791138 10.5650186538696 10.7822017669678 10.7087097167969 10.8817300796509 10.8817300796509 10.8817300796509 10.692982673645 10.8817300796509 10.627781867981 -9999 -9999 -9999 -9999 -9999 -9999
10.1423482894897 10.0272989273071 10.0974140167236 10.1835327148438 10.1835327148438 10.1073665618896 9.99058246612549 10.0658769607544 9.94195747375488 10.0296621322632 10.0470104217529 9.93497085571289 10.3152551651001 10.4043073654175 10.1944971084595 10.4150009155273 10.1477031707764 10.1743659973145 10.3708457946777 10.3826398849487 10.1671676635742 10.208869934082 10.3032808303833 10.3813228607178 10.188796043396 10.3661222457886 10.3631248474121 10.5183658599854 10.4561376571655 10.6892929077148 10.5508346557617 10.8444623947144 10.7947282791138 10.7041654586792 10.6910848617554 10.8817300796509 10.686240196228 10.6746482849121 10.8817300796509 10.6332321166992 -9999 -9999 -9999 -9999 -9999 -9999 -9999
10.1160049438477 10.1731977462769 10.2353496551514 10.1506280899048 10.204478263855 10.2147369384766 10.1835327148438 10.1467542648315 10.0962085723877 10.1216526031494 10.0866079330444 10.2943687438965 10.2075624465942 10.1193752288818 10.207179069519 10.2215051651001 10.3779067993164 10.2470226287842 10.3925132751465 10.3544178009033 10.4368619918823 10.3167915344238 10.3728885650635 10.3728885650635 10.2294187545776 10.2422647476196 10.4203824996948 10.4789171218872 10.6394510269165 10.6850423812866 10.4978723526001 10.6914672851562 10.6494741439819 10.8241968154907 10.8100509643555 10.5881261825562 10.9451475143433 10.7337198257446 10.686240196228 10.8673343658447 -9999 -9999 -9999 -9999 -9999 -9999 -9999
10.3244647979736 10.3358240127563 10.3108434677124 10.3433666229248 10.2251033782959 10.2586078643799 10.1741571426392 10.036301612854 10.2149028778076 9.96602153778076 10.2212448120117 10.1446352005005 10.2613945007324 10.2137088775635 10.2398014068604 10.3288431167603 10.366021156311 10.5035629272461 10.2972688674927 10.4186573028564 10.3408737182617 10.3046598434448 10.3728885650635 10.4407958984375 10.381254196167 10.381254196167 10.5018186569214 10.4402179718018 10.6435613632202 10.573392868042 10.7355909347534 10.6188688278198 10.6914653778076 10.7888841629028 10.6766366958618 10.72523021698 10.8661994934082 10.9376382827759 10.686240196228 -9999 -9999 -9999 -9999 -9999 -9999 -9999 -9999
10.1365756988525 10.351469039917 10.3809442520142 10.4160385131836 10.2389297485352 10.151665687561 10.151665687561 10.0931434631348 10.0909185409546 10.3023338317871 10.3023338317871 10.0727500915527 10.3121213912964 10.4017925262451 10.0778436660767 10.1946706771851 10.2897529602051 10.3943033218384 10.4098205566406 10.3408737182617 10.2972688674927 10.4566345214844 10.5292921066284 10.5292921066284 10.4641361236572 10.5292921066284 10.4322824478149 10.5891580581665 10.5537357330322 10.5949974060059 10.635555267334 10.6188688278198 10.6630773544312 10.6381874084473 10.7892532348633 10.7606801986694 10.7083740234375 10.7662448883057 10.7546644210815 -9999 -9999 -9999 -9999 -9999 -9999 -9999 -9999
10.1297779083252 10.1387720108032 10.4099311828613 10.2972974777222 10.3548917770386 10.5337467193604 10.1991376876831 10.1798419952393 10.2239837646484 10.2212448120117 10.3121213912964 10.1732835769653 10.2844438552856 10.4686031341553 10.2422647476196 10.4255800247192 10.2977838516235 10.3588886260986 10.3806114196777 10.4098205566406 10.4098205566406 10.4633512496948 10.4099779129028 10.3600234985352 10.3600234985352 10.5010375976562 10.4840621948242 10.5393886566162 10.5518198013306 10.607852935791 10.7122440338135 10.5784215927124 10.6630773544312 10.756459236145 10.7739105224609 10.7582006454468 10.8100538253784 10.8100538253784 -9999 -9999 -9999 -9999 -9999 -9999 -9999 -9999 -9999
10.215989112854 10.4872035980225 10.3036804199219 10.3036804199219 10.3374586105347 10.4657516479492 10.4692268371582 10.4692268371582 10.1798419952393 10.1798419952393 10.1798419952393 10.1933307647705 10.4762086868286 10.3035230636597 10.5605669021606 10.3102512359619 10.2672452926636 10.4423999786377 10.6407489776611 10.3744440078735 10.4876670837402 10.5095472335815 10.5285186767578 10.5808219909668 10.5147294998169 10.527289390564 10.4695882797241 10.6547765731812 10.6547765731812 10.620566368103 10.8224487304688 10.6761140823364 10.730299949646 10.7582006454468 10.7582006454468 10.7628545761108 10.8077392578125 -9999 -9999 -9999 -9999 -9999 -9999 -9999 -9999 -9999 -9999
10.2680835723877 10.2036018371582 10.2036018371582 10.331805229187 10.3172883987427 10.4125423431396 10.4523315429688 10.2389297485352 10.4268817901611 10.4268817901611 10.3288984298706 10.2514657974243 10.357159614563 10.4091653823853 10.6201877593994 10.6160945892334 10.5290203094482 10.5626764297485 10.7107410430908 10.5319538116455 10.5319538116455 10.5630960464478 10.6847352981567 10.5285186767578 10.5407361984253 10.4835481643677 10.7329301834106 10.455361366272 10.7538728713989 10.7844114303589 10.8236265182495 10.7175579071045 10.8551921844482 10.8291206359863 10.9454736709595 10.7590398788452 -9999 -9999 -9999 -9999 -9999 -9999 -9999 -9999 -9999 -9999 -9999
10.4125328063965 10.190619468689 10.1513299942017 10.2036018371582 10.3539218902588 10.4183883666992 10.6707973480225 10.3325710296631 10.2715158462524 10.5014781951904 10.4527196884155 10.3552598953247 10.3404159545898 10.3035230636597 10.489914894104 10.489914894104 10.4084501266479 10.4084501266479 10.7107410430908 10.7107410430908 10.7107410430908 10.6642875671387 10.7327566146851 10.4945650100708 10.6847352981567 10.6201467514038 10.8302612304688 10.7166204452515 10.6379089355469 10.7283134460449 10.7455520629883 10.9230012893677 10.7285022735596 10.7070188522339 -9999 -9999 -9999 -9999 -9999 -9999 -9999 -9999 -9999 -9999 -9999 -9999 -9999
10.4244365692139 10.3930311203003 10.3806400299072 10.2552127838135 10.4337520599365 10.5237627029419 10.6153402328491 10.4106454849243 10.4227457046509 10.5438108444214 10.3686971664429 10.5438108444214 10.5014781951904 10.3973159790039 10.52414894104 10.4380435943604 10.4837417602539 10.4558715820312 10.7107410430908 10.6092691421509 10.8380765914917 10.7182340621948 10.4754276275635 10.6951961517334 10.5781393051147 10.697624206543 10.6734380722046 10.7191514968872 10.6940240859985 10.7166204452515 10.8240900039673 10.8055381774902 -9999 -9999 -9999 -9999 -9999 -9999 -9999 -9999 -9999 -9999 -9999 -9999 -9999 -9999 -9999
10.4336585998535 10.5900917053223 10.4244365692139 10.3189964294434 10.3914957046509 10.4810771942139 10.5722169876099 10.4836568832397 10.5305986404419 10.4106454849243 10.4227457046509 10.4447040557861 10.5770320892334 10.5044574737549 10.4684257507324 10.4596509933472 10.6101932525635 10.4905452728271 10.5059928894043 10.5957946777344 10.6327981948853 10.6572093963623 10.4754276275635 10.6779203414917 10.6064758300781 10.6023540496826 10.6365127563477 10.6201467514038 10.7260179519653 10.770468711853 -9999 -9999 -9999 -9999 -9999 -9999 -9999 -9999 -9999 -9999 -9999 -9999 -9999 -9999 -9999 -9999 -9999
10.491584777832 10.391674041748 10.554705619812 10.4808330535889 10.4400291442871 10.5144319534302 10.4836568832397 10.6991662979126 10.6319637298584 10.4499673843384 10.4106454849243 10.72536277771 10.585955619812 10.4742212295532 10.6428079605103 10.4837417602539 10.4837417602539 10.6094064712524 10.6773948669434 10.6804122924805 10.7866487503052 10.6914672851562 10.7030687332153 10.7030687332153 10.7810163497925 10.7511444091797 10.6365127563477 10.7511444091797 -9999 -9999 -9999 -9999 -9999 -9999 -9999 -9999 -9999 -9999 -9999 -9999 -9999 -9999 -9999 -9999 -9999 -9999 -9999
10.7620496749878 10.5724763870239 10.5724763870239 10.391674041748 10.52405834198 10.6928768157959 10.6125802993774 10.6434459686279 10.7154769897461 10.5957651138306 10.6399879455566 10.7298059463501 10.6881303787231 10.6428079605103 10.5700731277466 10.5661125183105 10.5099601745605 10.6681575775146 10.6035203933716 10.7729425430298 10.8924026489258 10.8371543884277 10.7098951339722 10.6542196273804 10.6424694061279 -9999 -9999 -9999 -9999 -9999 -9999 -9999 -9999 -9999 -9999 -9999 -9999 -9999 -9999 -9999 -9999 -9999 -9999 -9999 -9999 -9999 -9999
10.7110252380371 10.7169370651245 10.6877508163452 10.7513036727905 10.5724763870239 10.5724763870239 10.6960334777832 10.8213949203491 10.6298961639404 10.6928815841675 10.656717300415 10.7437982559204 10.7527170181274 10.7298059463501 10.6570844650269 10.5166921615601 10.5700731277466 10.7108297348022 10.6035203933716 10.6904830932617 10.7259111404419 10.8371543884277 10.8707895278931 -9999 -9999 -9999 -9999 -9999 -9999 -9999 -9999 -9999 -9999 -9999 -9999 -9999 -9999 -9999 -9999 -9999 -9999 -9999 -9999 -9999 -9999 -9999 -9999
10.6877508163452 10.8047075271606 10.8613939285278 10.8728189468384 10.7802457809448 10.7595872879028 10.9063377380371 10.6807384490967 10.6227865219116 10.7281332015991 10.7687883377075 10.8719491958618 10.8054256439209 10.5653734207153 10.6428079605103 10.6035308837891 10.634786605835 10.6978540420532 10.7995481491089 10.6188735961914 -9999 -9999 -9999 -9999 -9999 -9999 -9999 -9999 -9999 -9999 -9999 -9999 -9999 -9999 -9999 -9999 -9999 -9999 -9999 -9999 -9999 -9999 -9999 -9999 -9999 -9999 -9999
10.7046604156494 10.8108081817627 10.8708429336548 10.8108081817627 10.6926069259644 10.8728189468384 10.9690389633179 10.7802457809448 10.7970762252808 10.8087549209595 10.8137674331665 10.919849395752 10.9285926818848 10.8231420516968 10.7791690826416 10.6035308837891 10.6978540420532 10.7451190948486 -9999 -9999 -9999 -9999 -9999 -9999 -9999 -9999 -9999 -9999 -9999 -9999 -9999 -9999 -9999 -9999 -9999 -9999 -9999 -9999 -9999 -9999 -9999 -9999 -9999 -9999 -9999 -9999 -9999
10.7549724578857 10.7928514480591 10.8541259765625 10.8108081817627 10.9184455871582 10.9184455871582 10.9671154022217 10.7360038757324 10.7360038757324 10.8055562973022 10.7222280502319 10.735897064209 10.8519954681396 10.8401966094971 10.7725620269775 10.8401966094971 -9999 -9999 -9999 -9999 -9999 -9999 -9999 -9999 -9999 -9999 -9999 -9999 -9999 -9999 -9999 -9999 -9999 -9999 -9999 -9999 -9999 -9999 -9999 -9999 -9999 -9999 -9999 -9999 -9999 -9999 -9999
10.7910203933716 10.7910203933716 10.8017673492432 10.9074487686157 10.8965892791748 10.9169902801514 11.0615110397339 10.787371635437 10.8038969039917 10.9671154022217 11.0847702026367 10.8183193206787 10.8254089355469 -9999 -9999 -9999 -9999 -9999 -9999 -9999 -9999 -9999 -9999 -9999 -9999 -9999 -9999 -9999 -9999 -9999 -9999 -9999 -9999 -9999 -9999 -9999 -9999 -9999 -9999 -9999 -9999 -9999 -9999 -9999 -9999 -9999 -9999
10.9829025268555 10.8017673492432 10.9198551177979 10.7449722290039 10.9191198348999 11.0156774520874 11.1139583587646 11.0558786392212 11.0558786392212 10.9407444000244 10.9167833328247 -9999 -9999 -9999 -9999 -9999 -9999 -9999 -9999 -9999 -9999 -9999 -9999 -9999 -9999 -9999 -9999 -9999 -9999 -9999 -9999 -9999 -9999 -9999 -9999 -9999 -9999 -9999 -9999 -9999 -9999 -9999 -9999 -9999 -9999 -9999 -9999
