Demos/Rbased/CrashCourse/data/climate_processing/PresentLayers/Shortia_galacifolia/bio_18.asc
NCOLS 523 
NROWS 122 
XLLCORNER -83.2916666667633 
YLLCORNER 34.9749999999364 
CELLSIZE 0.00833333333316142 
NODATA_value -9999 
[rows 72 to 107 of 122, columns 82 to 163 of 523]
363 370 363 362 359 357 357 355 354 355 356 356 355 356 356 359 365 362 364 364 375 364 361 364 361 361 359 359 363 361 361 364 363 364 376 386 383 383 393 391 388 390 361 351 346 343 343 343 342 340 340 341 341 338 338 338 338 338 339 338 337 336 335 338 338 336 336 338 338 337 335 337 338 338 339 339 339 339 339 338 336 337
374 369 366 363 363 360 359 358 357 358 359 359 358 357 358 359 359 359 364 367 367 365 361 360 360 362 362 362 366 364 364 364 364 366 378 383 383 386 388 385 388 392 376 353 348 345 342 342 342 342 340 340 339 339 341 338 337 337 338 339 340 337 336 336 336 337 336 336 338 338 336 337 338 337 337 338 339 339 339 339 339 339
381 370 367 365 363 363 362 360 360 360 362 366 363 361 360 360 360 362 367 365 363 363 362 363 363 365 369 366 364 364 364 367 364 369 378 383 381 383 380 385 380 388 370 354 348 343 342 341 342 341 340 339 341 341 339 339 339 338 338 340 340 340 338 334 335 336 336 336 336 337 336 336 337 337 338 339 339 339 337 339 339 339
376 371 370 369 368 366 365 364 364 364 364 364 368 367 365 364 362 364 365 364 364 363 363 366 368 371 372 368 365 367 368 369 369 373 376 381 383 377 382 378 366 363 352 347 344 342 342 341 340 340 341 341 341 341 341 341 340 340 339 338 340 338 337 338 337 337 338 337 337 336 335 336 338 339 340 340 338 338 337 339 341 341
374 374 372 374 373 369 367 367 369 369 375 372 367 372 383 368 364 364 365 364 365 365 366 366 368 370 370 369 368 370 373 367 368 375 385 380 377 379 380 366 357 349 344 344 344 343 342 341 341 340 342 342 342 339 341 342 341 340 340 338 337 338 338 339 338 337 335 337 339 338 336 337 339 339 341 340 339 337 339 340 341 341
379 376 377 376 373 372 369 370 372 377 385 388 378 373 371 370 367 366 367 367 367 368 369 369 369 369 369 371 373 370 368 368 369 377 380 377 377 386 366 355 347 345 344 344 342 342 342 341 341 341 341 340 340 342 342 342 340 338 338 336 337 338 338 340 338 337 337 337 339 338 338 336 338 340 341 340 338 338 338 340 340 340
386 382 376 376 374 382 376 379 372 373 375 378 386 378 373 371 368 368 370 369 370 370 371 370 370 370 371 372 372 369 367 368 369 381 374 374 385 387 359 349 344 344 342 342 342 339 341 341 340 341 340 340 340 340 340 340 339 339 339 336 339 339 336 337 340 340 340 339 336 337 337 337 337 339 340 338 338 338 338 340 341 342
384 381 379 379 383 397 386 387 384 383 375 375 378 386 378 373 371 371 370 369 369 371 371 370 370 370 371 372 372 371 368 370 366 371 373 380 390 377 357 353 346 343 342 341 341 341 344 343 341 341 340 341 340 340 340 340 339 339 341 341 341 339 339 338 338 340 340 340 337 335 336 337 337 338 339 338 338 338 340 340 342 342
386 384 384 381 387 397 396 391 397 397 392 397 386 379 379 377 374 374 371 371 371 371 371 371 373 371 373 375 376 377 371 366 366 369 376 388 390 380 372 354 347 345 343 343 345 345 344 344 343 343 343 343 343 342 341 341 340 341 341 341 341 341 340 339 338 338 338 340 340 338 338 338 338 339 339 337 340 341 341 341 343 341
389 389 386 383 386 387 389 391 394 407 414 414 406 394 382 380 376 375 373 373 373 373 374 374 374 374 375 375 377 377 372 368 373 379 383 385 378 372 363 351 346 343 344 345 345 345 344 344 344 344 344 344 343 343 341 341 342 342 342 342 342 341 341 340 340 338 338 338 340 340 339 338 338 337 338 339 341 342 342 342 343 342
390 391 389 386 385 386 386 391 394 404 407 403 394 394 385 381 378 378 376 377 375 375 375 375 375 375 375 378 376 373 372 369 372 383 391 384 365 365 354 347 346 345 353 356 350 348 344 345 344 349 350 346 343 343 342 342 341 342 342 342 342 342 340 339 339 338 338 338 340 341 340 340 338 338 338 340 339 341 341 342 343 343
394 393 390 392 391 389 388 393 400 411 410 401 391 386 384 381 381 379 380 378 378 378 377 377 377 377 377 376 376 373 369 375 382 377 377 379 367 355 349 351 358 357 361 361 352 350 350 352 354 363 358 347 343 343 343 343 342 342 341 342 340 340 342 341 341 340 338 338 338 341 341 341 339 337 337 339 340 341 342 343 343 343
408 397 402 410 406 399 396 391 394 398 404 406 399 390 386 385 383 384 384 381 380 380 380 379 379 379 379 377 375 371 368 377 375 374 374 377 366 352 347 354 363 363 363 354 356 363 374 371 369 360 352 347 347 344 343 341 342 342 340 340 340 340 340 341 341 341 340 339 339 338 339 340 340 338 340 341 340 341 342 343 343 342
416 409 410 412 418 416 407 397 397 401 410 404 395 393 390 387 384 389 390 385 384 384 383 381 381 379 380 376 370 371 372 368 368 375 375 366 352 352 355 365 362 363 364 362 370 388 396 393 362 350 347 345 348 346 344 344 343 341 341 340 340 340 341 340 340 340 339 339 340 339 339 339 341 340 339 339 339 341 342 342 -9999 -9999
419 419 426 424 428 421 409 402 408 411 408 401 396 394 390 390 390 390 394 390 387 387 387 384 383 380 375 372 374 379 377 370 359 361 365 354 358 360 363 367 364 368 373 384 393 390 382 369 355 347 346 344 344 344 344 343 342 344 343 343 343 343 343 343 342 341 339 339 339 339 340 339 339 340 339 339 341 -9999 -9999 -9999 -9999 -9999
436 435 437 442 437 422 417 412 410 409 404 402 398 394 391 393 398 406 407 395 390 389 392 392 386 378 375 378 382 379 376 371 371 359 356 366 370 372 366 370 371 378 386 386 369 359 355 352 351 350 348 345 344 344 344 344 344 344 345 344 345 345 345 343 343 343 342 341 339 338 339 339 339 -9999 -9999 -9999 -9999 -9999 -9999 -9999 -9999 -9999
437 437 432 430 425 421 420 420 415 410 404 401 395 399 399 403 403 416 403 397 395 398 397 392 384 380 378 384 381 377 374 376 380 374 376 375 375 370 372 371 372 379 376 357 353 349 351 348 348 348 347 346 344 344 344 344 346 346 345 346 347 345 345 344 343 342 342 342 340 -9999 -9999 -9999 -9999 -9999 -9999 -9999 -9999 -9999 -9999 -9999 -9999 -9999
422 426 418 421 418 419 416 416 409 406 402 399 402 412 420 426 421 425 417 413 414 406 397 389 384 384 380 384 380 378 383 384 382 379 379 375 375 376 376 376 374 361 354 348 348 349 355 350 348 348 348 347 348 348 347 347 347 347 347 349 346 346 344 343 343 -9999 -9999 -9999 -9999 -9999 -9999 -9999 -9999 -9999 -9999 -9999 -9999 -9999 -9999 -9999 -9999 -9999
415 416 420 421 420 424 426 428 428 429 422 422 419 435 434 432 432 425 417 412 417 405 398 392 390 385 386 388 383 386 387 387 384 382 381 379 380 378 378 379 374 353 348 347 347 346 347 348 348 348 348 348 348 348 347 347 349 349 349 346 345 344 -9999 -9999 -9999 -9999 -9999 -9999 -9999 -9999 -9999 -9999 -9999 -9999 -9999 -9999 -9999 -9999 -9999 -9999 -9999 -9999
430 427 430 434 438 448 446 456 456 443 444 442 437 439 434 424 428 421 410 401 401 394 391 390 389 392 400 396 394 393 388 385 385 382 381 376 379 379 370 369 361 350 348 346 345 346 347 347 346 348 348 347 346 347 347 347 347 347 -9999 -9999 -9999 -9999 -9999 -9999 -9999 -9999 -9999 -9999 -9999 -9999 -9999 -9999 -9999 -9999 -9999 -9999 -9999 -9999 -9999 -9999 -9999 -9999
445 439 435 449 458 455 456 459 448 436 434 441 441 434 431 415 417 416 404 397 392 392 393 393 397 405 406 398 394 391 386 382 378 374 372 370 368 361 357 359 357 353 350 348 348 346 346 346 346 345 346 346 344 346 -9999 -9999 -9999 -9999 -9999 -9999 -9999 -9999 -9999 -9999 -9999 -9999 -9999 -9999 -9999 -9999 -9999 -9999 -9999 -9999 -9999 -9999 -9999 -9999 -9999 -9999 -9999 -9999
441 444 442 447 450 452 453 456 455 441 428 426 432 434 429 413 408 401 401 395 396 395 399 400 403 408 402 395 394 389 384 386 386 385 383 387 382 383 382 386 371 358 358 353 349 348 347 347 347 347 345 -9999 -9999 -9999 -9999 -9999 -9999 -9999 -9999 -9999 -9999 -9999 -9999 -9999 -9999 -9999 -9999 -9999 -9999 -9999 -9999 -9999 -9999 -9999 -9999 -9999 -9999 -9999 -9999 -9999 -9999 -9999
443 442 447 450 450 452 455 453 445 442 427 416 415 414 412 405 402 401 400 400 400 402 411 413 413 401 398 395 392 392 392 390 390 389 388 388 390 394 394 389 372 364 357 353 351 348 349 -9999 -9999 -9999 -9999 -9999 -9999 -9999 -9999 -9999 -9999 -9999 -9999 -9999 -9999 -9999 -9999 -9999 -9999 -9999 -9999 -9999 -9999 -9999 -9999 -9999 -9999 -9999 -9999 -9999 -9999 -9999 -9999 -9999 -9999 -9999
446 444 443 450 457 457 457 460 453 442 427 425 418 413 410 418 421 423 406 406 407 407 408 412 404 395 403 407 397 392 395 394 393 393 395 401 407 410 389 368 360 358 356 353 -9999 -9999 -9999 -9999 -9999 -9999 -9999 -9999 -9999 -9999 -9999 -9999 -9999 -9999 -9999 -9999 -9999 -9999 -9999 -9999 -9999 -9999 -9999 -9999 -9999 -9999 -9999 -9999 -9999 -9999 -9999 -9999 -9999 -9999 -9999 -9999 -9999 -9999
450 452 453 451 454 459 462 463 457 450 440 432 418 411 419 424 428 414 408 406 411 408 406 404 410 398 406 403 396 399 395 394 394 398 404 398 398 414 396 377 -9999 -9999 -9999 -9999 -9999 -9999 -9999 -9999 -9999 -9999 -9999 -9999 -9999 -9999 -9999 -9999 -9999 -9999 -9999 -9999 -9999 -9999 -9999 -9999 -9999 -9999 -9999 -9999 -9999 -9999 -9999 -9999 -9999 -9999 -9999 -9999 -9999 -9999 -9999 -9999 -9999 -9999
450 452 453 453 459 463 461 462 457 440 422 417 417 420 428 424 424 425 419 407 408 412 412 397 394 391 406 403 399 392 392 397 396 396 389 389 -9999 -9999 -9999 -9999 -9999 -9999 -9999 -9999 -9999 -9999 -9999 -9999 -9999 -9999 -9999 -9999 -9999 -9999 -9999 -9999 -9999 -9999 -9999 -9999 -9999 -9999 -9999 -9999 -9999 -9999 -9999 -9999 -9999 -9999 -9999 -9999 -9999 -9999 -9999 -9999 -9999 -9999 -9999 -9999 -9999 -9999
455 459 460 461 460 453 448 444 438 432 425 429 434 433 440 423 419 415 417 413 429 414 399 394 389 389 398 385 379 376 378 385 387 -9999 -9999 -9999 -9999 -9999 -9999 -9999 -9999 -9999 -9999 -9999 -9999 -9999 -9999 -9999 -9999 -9999 -9999 -9999 -9999 -9999 -9999 -9999 -9999 -9999 -9999 -9999 -9999 -9999 -9999 -9999 -9999 -9999 -9999 -9999 -9999 -9999 -9999 -9999 -9999 -9999 -9999 -9999 -9999 -9999 -9999 -9999 -9999 -9999
462 457 459 455 452 454 458 458 456 451 453 450 444 444 419 400 400 417 421 406 417 416 393 380 392 386 374 372 368 -9999 -9999 -9999 -9999 -9999 -9999 -9999 -9999 -9999 -9999 -9999 -9999 -9999 -9999 -9999 -9999 -9999 -9999 -9999 -9999 -9999 -9999 -9999 -9999 -9999 -9999 -9999 -9999 -9999 -9999 -9999 -9999 -9999 -9999 -9999 -9999 -9999 -9999 -9999 -9999 -9999 -9999 -9999 -9999 -9999 -9999 -9999 -9999 -9999 -9999 -9999 -9999 -9999
467 462 462 462 467 469 463 457 460 455 446 430 410 402 391 395 399 394 389 396 410 401 382 373 375 371 -9999 -9999 -9999 -9999 -9999 -9999 -9999 -9999 -9999 -9999 -9999 -9999 -9999 -9999 -9999 -9999 -9999 -9999 -9999 -9999 -9999 -9999 -9999 -9999 -9999 -9999 -9999 -9999 -9999 -9999 -9999 -9999 -9999 -9999 -9999 -9999 -9999 -9999 -9999 -9999 -9999 -9999 -9999 -9999 -9999 -9999 -9999 -9999 -9999 -9999 -9999 -9999 -9999 -9999 -9999 -9999
466 466 469 470 469 465 458 452 436 436 421 393 387 386 398 401 391 382 384 384 379 379 -9999 -9999 -9999 -9999 -9999 -9999 -9999 -9999 -9999 -9999 -9999 -9999 -9999 -9999 -9999 -9999 -9999 -9999 -9999 -9999 -9999 -9999 -9999 -9999 -9999 -9999 -9999 -9999 -9999 -9999 -9999 -9999 -9999 -9999 -9999 -9999 -9999 -9999 -9999 -9999 -9999 -9999 -9999 -9999 -9999 -9999 -9999 -9999 -9999 -9999 -9999 -9999 -9999 -9999 -9999 -9999 -9999 -9999 -9999 -9999
478 476 471 472 461 433 416 404 401 404 393 383 384 389 388 396 396 380 373 -9999 -9999 -9999 -9999 -9999 -9999 -9999 -9999 -9999 -9999 -9999 -9999 -9999 -9999 -9999 -9999 -9999 -9999 -9999 -9999 -9999 -9999 -9999 -9999 -9999 -9999 -9999 -9999 -9999 -9999 -9999 -9999 -9999 -9999 -9999 -9999 -9999 -9999 -9999 -9999 -9999 -9999 -9999 -9999 -9999 -9999 -9999 -9999 -9999 -9999 -9999 -9999 -9999 -9999 -9999 -9999 -9999 -9999 -9999 -9999 -9999 -9999 -9999
465 452 442 436 407 394 386 383 382 384 383 399 392 387 392 397 -9999 -9999 -9999 -9999 -9999 -9999 -9999 -9999 -9999 -9999 -9999 -9999 -9999 -9999 -9999 -9999 -9999 -9999 -9999 -9999 -9999 -9999 -9999 -9999 -9999 -9999 -9999 -9999 -9999 -9999 -9999 -9999 -9999 -9999 -9999 -9999 -9999 -9999 -9999 -9999 -9999 -9999 -9999 -9999 -9999 -9999 -9999 -9999 -9999 -9999 -9999 -9999 -9999 -9999 -9999 -9999 -9999 -9999 -9999 -9999 -9999 -9999 -9999 -9999 -9999 -9999
447 447 442 436 425 410 394 384 381 387 385 386 -9999 -9999 -9999 -9999 -9999 -9999 -9999 -9999 -9999 -9999 -9999 -9999 -9999 -9999 -9999 -9999 -9999 -9999 -9999 -9999 -9999 -9999 -9999 -9999 -9999 -9999 -9999 -9999 -9999 -9999 -9999 -9999 -9999 -9999 -9999 -9999 -9999 -9999 -9999 -9999 -9999 -9999 -9999 -9999 -9999 -9999 -9999 -9999 -9999 -9999 -9999 -9999 -9999 -9999 -9999 -9999 -9999 -9999 -9999 -9999 -9999 -9999 -9999 -9999 -9999 -9999 -9999 -9999 -9999 -9999
477 467 453 426 401 391 382 379 387 -9999 -9999 -9999 -9999 -9999 -9999 -9999 -9999 -9999 -9999 -9999 -9999 -9999 -9999 -9999 -9999 -9999 -9999 -9999 -9999 -9999 -9999 -9999 -9999 -9999 -9999 -9999 -9999 -9999 -9999 -9999 -9999 -9999 -9999 -9999 -9999 -9999 -9999 -9999 -9999 -9999 -9999 -9999 -9999 -9999 -9999 -9999 -9999 -9999 -9999 -9999 -9999 -9999 -9999 -9999 -9999 -9999 -9999 -9999 -9999 -9999 -9999 -9999 -9999 -9999 -9999 -9999 -9999 -9999 -9999 -9999 -9999 -9999
457 440 412 406 409 -9999 -9999 -9999 -9999 -9999 -9999 -9999 -9999 -9999 -9999 -9999 -9999 -9999 -9999 -9999 -9999 -9999 -9999 -9999 -9999 -9999 -9999 -9999 -9999 -9999 -9999 -9999 -9999 -9999 -9999 -9999 -9999 -9999 -9999 -9999 -9999 -9999 -9999 -9999 -9999 -9999 -9999 -9999 -9999 -9999 -9999 -9999 -9999 -9999 -9999 -9999 -9999 -9999 -9999 -9999 -9999 -9999 -9999 -9999 -9999 -9999 -9999 -9999 -9999 -9999 -9999 -9999 -9999 -9999 -9999 -9999 -9999 -9999 -9999 -9999 -9999 -9999
443 430 -9999 -9999 -9999 -9999 -9999 -9999 -9999 -9999 -9999 -9999 -9999 -9999 -9999 -9999 -9999 -9999 -9999 -9999 -9999 -9999 -9999 -9999 -9999 -9999 -9999 -9999 -9999 -9999 -9999 -9999 -9999 -9999 -9999 -9999 -9999 -9999 -9999 -9999 -9999 -9999 -9999 -9999 -9999 -9999 -9999 -9999 -9999 -9999 -9999 -9999 -9999 -9999 -9999 -9999 -9999 -9999 -9999 -9999 -9999 -9999 -9999 -9999 -9999 -9999 -9999 -9999 -9999 -9999 -9999 -9999 -9999 -9999 -9999 -9999 -9999 -9999 -9999 -9999 -9999 -9999
