Demos/Rbased/CrashCourse/data/climate_processing/PresentLayers/Shortia_galacifolia/bio_14.asc
NCOLS 523 
NROWS 122 
XLLCORNER -83.2916666667633 
YLLCORNER 34.9749999999364 
CELLSIZE 0.00833333333316142 
NODATA_value -9999 
[rows 74 to 110 of 122, columns 0 to 84 of 523]
-9999 -9999 -9999 -9999 -9999 -9999 -9999 -9999 -9999 -9999 -9999 -9999 -9999 -9999 -9999 -9999 -9999 -9999 -9999 -9999 -9999 -9999 -9999 -9999 -9999 -9999 -9999 -9999 -9999 -9999 -9999 -9999 -9999 -9999 -9999 -9999 -9999 -9999 -9999 -9999 -9999 -9999 -9999 -9999 -9999 -9999 -9999 -9999 -9999 -9999 -9999 -9999 -9999 -9999 -9999 -9999 -9999 -9999 129 133 134 127 123 121 120 120 122 127 132 127 127 127 120 113 110 111 114 108 104 104 106 107 106 102 101
-9999 -9999 -9999 -9999 -9999 -9999 -9999 -9999 -9999 -9999 -9999 -9999 -9999 -9999 -9999 -9999 -9999 -9999 -9999 -9999 -9999 -9999 -9999 -9999 -9999 -9999 -9999 -9999 -9999 -9999 -9999 -9999 -9999 -9999 -9999 -9999 -9999 -9999 -9999 -9999 -9999 -9999 -9999 -9999 -9999 -9999 -9999 -9999 -9999 -9999 -9999 -9999 -9999 -9999 -9999 -9999 127 128 138 138 132 124 121 121 121 123 123 130 132 127 123 124 117 115 113 110 111 110 106 112 117 110 103 102 102
-9999 -9999 -9999 -9999 -9999 -9999 -9999 -9999 -9999 -9999 -9999 -9999 -9999 -9999 -9999 -9999 -9999 -9999 -9999 -9999 -9999 -9999 -9999 -9999 -9999 -9999 -9999 -9999 -9999 -9999 -9999 -9999 -9999 -9999 -9999 -9999 -9999 -9999 -9999 -9999 -9999 -9999 -9999 -9999 -9999 -9999 -9999 -9999 -9999 -9999 -9999 -9999 -9999 -9999 -9999 136 128 132 139 137 131 123 123 125 129 126 122 127 127 125 121 124 121 119 115 112 110 108 109 114 107 105 103 103 103
-9999 -9999 -9999 -9999 -9999 -9999 -9999 -9999 -9999 -9999 -9999 -9999 -9999 -9999 -9999 -9999 -9999 -9999 -9999 -9999 -9999 -9999 -9999 -9999 -9999 -9999 -9999 -9999 -9999 -9999 -9999 -9999 -9999 -9999 -9999 -9999 -9999 -9999 -9999 -9999 -9999 -9999 -9999 -9999 -9999 -9999 -9999 -9999 -9999 -9999 -9999 -9999 -9999 144 143 137 132 137 136 129 124 125 129 131 131 126 123 123 125 125 119 117 118 117 113 112 113 116 114 107 105 104 104 104 104
-9999 -9999 -9999 -9999 -9999 -9999 -9999 -9999 -9999 -9999 -9999 -9999 -9999 -9999 -9999 -9999 -9999 -9999 -9999 -9999 -9999 -9999 -9999 -9999 -9999 -9999 -9999 -9999 -9999 -9999 -9999 -9999 -9999 -9999 -9999 -9999 -9999 -9999 -9999 -9999 -9999 -9999 -9999 -9999 -9999 -9999 -9999 -9999 -9999 -9999 -9999 148 146 145 142 139 136 136 130 124 124 131 130 125 126 132 129 126 122 121 119 119 116 114 114 115 112 112 108 106 107 106 106 105 104
-9999 -9999 -9999 -9999 -9999 -9999 -9999 -9999 -9999 -9999 -9999 -9999 -9999 -9999 -9999 -9999 -9999 -9999 -9999 -9999 -9999 -9999 -9999 -9999 -9999 -9999 -9999 -9999 -9999 -9999 -9999 -9999 -9999 -9999 -9999 -9999 -9999 -9999 -9999 -9999 -9999 -9999 -9999 -9999 -9999 -9999 -9999 -9999 -9999 -9999 150 147 146 143 142 139 139 134 128 125 125 132 123 121 122 125 133 132 127 125 122 122 120 119 121 114 111 109 108 108 107 106 106 105 104
-9999 -9999 -9999 -9999 -9999 -9999 -9999 -9999 -9999 -9999 -9999 -9999 -9999 -9999 -9999 -9999 -9999 -9999 -9999 -9999 -9999 -9999 -9999 -9999 -9999 -9999 -9999 -9999 -9999 -9999 -9999 -9999 -9999 -9999 -9999 -9999 -9999 -9999 -9999 -9999 -9999 -9999 -9999 -9999 -9999 -9999 -9999 -9999 149 151 149 147 146 145 143 140 134 128 125 123 124 128 128 122 119 120 128 130 130 123 120 121 118 119 116 111 110 110 110 109 107 107 106 106 106
-9999 -9999 -9999 -9999 -9999 -9999 -9999 -9999 -9999 -9999 -9999 -9999 -9999 -9999 -9999 -9999 -9999 -9999 -9999 -9999 -9999 -9999 -9999 -9999 -9999 -9999 -9999 -9999 -9999 -9999 -9999 -9999 -9999 -9999 -9999 -9999 -9999 -9999 -9999 -9999 -9999 -9999 -9999 -9999 -9999 -9999 147 150 151 150 148 146 143 141 139 138 130 128 126 125 122 122 123 126 119 118 122 127 124 121 118 123 122 117 113 111 111 110 109 108 108 107 107 107 106
-9999 -9999 -9999 -9999 -9999 -9999 -9999 -9999 -9999 -9999 -9999 -9999 -9999 -9999 -9999 -9999 -9999 -9999 -9999 -9999 -9999 -9999 -9999 -9999 -9999 -9999 -9999 -9999 -9999 -9999 -9999 -9999 -9999 -9999 -9999 -9999 -9999 -9999 -9999 -9999 -9999 -9999 -9999 -9999 -9999 148 148 149 148 147 143 140 139 135 135 131 126 127 124 129 128 121 120 123 122 120 119 125 123 120 118 121 120 116 114 116 115 112 110 109 108 108 108 108 107
-9999 -9999 -9999 -9999 -9999 -9999 -9999 -9999 -9999 -9999 -9999 -9999 -9999 -9999 -9999 -9999 -9999 -9999 -9999 -9999 -9999 -9999 -9999 -9999 -9999 -9999 -9999 -9999 -9999 -9999 -9999 -9999 -9999 -9999 -9999 -9999 -9999 -9999 -9999 -9999 -9999 -9999 -9999 147 149 147 144 145 143 143 142 137 132 129 131 128 126 124 123 124 128 122 119 120 124 123 118 121 121 121 118 118 116 116 116 114 114 114 113 111 109 110 109 108 108
-9999 -9999 -9999 -9999 -9999 -9999 -9999 -9999 -9999 -9999 -9999 -9999 -9999 -9999 -9999 -9999 -9999 -9999 -9999 -9999 -9999 -9999 -9999 -9999 -9999 -9999 -9999 -9999 -9999 -9999 -9999 -9999 -9999 -9999 -9999 -9999 -9999 -9999 -9999 -9999 -9999 142 141 144 147 145 141 141 141 140 143 142 139 131 126 124 123 123 121 121 120 119 121 119 119 118 117 117 118 121 119 115 115 117 115 113 115 118 117 111 110 113 113 109 111
-9999 -9999 -9999 -9999 -9999 -9999 -9999 -9999 -9999 -9999 -9999 -9999 -9999 -9999 -9999 -9999 -9999 -9999 -9999 -9999 -9999 -9999 -9999 -9999 -9999 -9999 -9999 -9999 -9999 -9999 -9999 -9999 -9999 -9999 -9999 -9999 -9999 -9999 -9999 -9999 140 141 140 142 145 142 138 137 137 138 144 144 138 131 127 126 124 123 123 122 124 122 125 124 120 124 123 119 116 117 117 115 115 115 115 114 113 118 116 111 112 117 116 113 114
-9999 -9999 -9999 -9999 -9999 -9999 -9999 -9999 -9999 -9999 -9999 -9999 -9999 -9999 -9999 -9999 -9999 -9999 -9999 -9999 -9999 -9999 -9999 -9999 -9999 -9999 -9999 -9999 -9999 -9999 -9999 -9999 -9999 -9999 -9999 -9999 -9999 -9999 134 136 138 142 141 142 143 140 139 135 134 140 145 145 139 131 129 128 127 126 126 125 128 130 132 127 127 123 121 119 119 117 115 115 115 114 114 113 113 113 112 112 118 121 117 117 119
-9999 -9999 -9999 -9999 -9999 -9999 -9999 -9999 -9999 -9999 -9999 -9999 -9999 -9999 -9999 -9999 -9999 -9999 -9999 -9999 -9999 -9999 -9999 -9999 -9999 -9999 -9999 -9999 -9999 -9999 -9999 -9999 -9999 -9999 -9999 -9999 135 137 134 138 141 141 140 140 142 137 137 136 133 140 143 139 132 132 132 133 132 128 131 133 133 132 131 127 125 125 122 122 119 117 116 115 116 115 114 113 113 113 113 114 121 123 123 123 124
-9999 -9999 -9999 -9999 -9999 -9999 -9999 -9999 -9999 -9999 -9999 -9999 -9999 -9999 -9999 -9999 -9999 -9999 -9999 -9999 -9999 -9999 -9999 -9999 -9999 -9999 -9999 -9999 -9999 -9999 -9999 -9999 -9999 -9999 -9999 137 135 135 132 140 144 141 139 144 143 139 136 134 133 136 137 132 130 133 133 132 132 132 136 135 137 134 129 127 124 123 123 120 118 117 116 116 116 115 116 116 115 114 113 114 119 124 123 123 121
-9999 -9999 -9999 -9999 -9999 -9999 -9999 -9999 -9999 -9999 -9999 -9999 -9999 -9999 -9999 -9999 -9999 -9999 -9999 -9999 -9999 -9999 -9999 -9999 -9999 -9999 -9999 -9999 -9999 -9999 -9999 -9999 -9999 135 139 135 131 132 137 142 142 139 143 147 145 144 143 137 131 131 131 131 130 134 134 132 132 135 132 135 133 132 128 125 124 123 121 119 118 118 117 119 119 119 122 123 120 116 114 114 116 118 117 118 116
-9999 -9999 -9999 -9999 -9999 -9999 -9999 -9999 -9999 -9999 -9999 -9999 -9999 -9999 -9999 -9999 -9999 -9999 -9999 -9999 -9999 -9999 -9999 -9999 -9999 -9999 -9999 -9999 -9999 -9999 -9999 130 131 132 135 134 130 136 141 139 138 142 145 146 142 138 138 136 132 130 130 130 130 133 135 133 131 133 131 137 133 129 126 125 123 122 121 120 119 118 118 118 119 121 125 125 119 116 115 115 115 115 114 115 116
-9999 -9999 -9999 -9999 -9999 -9999 -9999 -9999 -9999 -9999 -9999 -9999 -9999 -9999 -9999 -9999 -9999 -9999 -9999 -9999 -9999 -9999 -9999 -9999 -9999 -9999 -9999 -9999 -9999 120 120 123 125 131 130 130 136 138 138 137 142 144 144 142 136 134 132 132 131 131 130 130 130 134 135 133 133 130 129 131 131 128 127 124 123 122 121 121 120 119 120 120 122 125 128 124 119 117 117 117 119 118 120 118 120
-9999 -9999 -9999 -9999 -9999 -9999 -9999 -9999 -9999 -9999 -9999 -9999 -9999 -9999 -9999 -9999 -9999 -9999 -9999 -9999 -9999 -9999 -9999 -9999 -9999 -9999 -9999 -9999 133 126 129 127 124 126 130 132 137 138 136 140 141 143 140 137 133 132 132 131 131 131 131 130 130 133 137 137 134 131 129 128 129 127 127 125 125 123 122 121 121 121 121 123 123 124 128 129 125 121 119 119 122 122 125 123 121
-9999 -9999 -9999 -9999 -9999 -9999 -9999 -9999 -9999 -9999 -9999 -9999 -9999 -9999 -9999 -9999 -9999 -9999 -9999 -9999 -9999 -9999 -9999 -9999 -9999 -9999 143 142 135 131 133 134 132 130 132 134 138 139 138 142 141 135 134 134 135 135 135 133 133 131 130 130 130 133 135 135 134 134 133 130 128 127 127 126 125 124 123 124 122 122 124 127 127 124 126 131 127 125 121 120 121 121 123 124 124
-9999 -9999 -9999 -9999 -9999 -9999 -9999 -9999 -9999 -9999 -9999 -9999 -9999 -9999 -9999 -9999 -9999 -9999 -9999 -9999 -9999 -9999 -9999 -9999 145 146 145 142 139 136 139 137 140 138 139 137 141 143 144 144 143 138 135 133 133 133 133 133 132 131 131 131 131 132 133 133 132 132 131 130 128 127 127 126 127 125 123 123 122 124 127 130 132 131 128 128 126 123 122 122 121 121 124 124 126
-9999 -9999 -9999 -9999 -9999 -9999 -9999 -9999 -9999 -9999 -9999 -9999 -9999 -9999 -9999 -9999 -9999 -9999 -9999 -9999 -9999 -9999 -9999 145 146 144 143 143 140 142 142 142 144 143 143 139 139 141 144 141 136 136 136 134 131 132 132 132 133 133 132 131 131 132 134 133 132 131 130 129 129 127 127 127 128 126 125 124 124 128 128 129 129 134 134 130 127 125 126 126 124 123 125 124 124
-9999 -9999 -9999 -9999 -9999 -9999 -9999 -9999 -9999 -9999 -9999 -9999 -9999 -9999 -9999 -9999 -9999 -9999 -9999 -9999 -9999 146 147 148 146 144 144 142 144 145 144 146 146 146 144 142 143 140 135 133 131 132 133 133 132 131 132 133 133 136 134 133 132 133 134 134 132 131 131 130 129 128 127 128 126 126 126 125 128 132 133 133 134 136 136 135 131 129 128 127 125 125 126 127 128
-9999 -9999 -9999 -9999 -9999 -9999 -9999 -9999 -9999 -9999 -9999 -9999 -9999 -9999 -9999 -9999 -9999 -9999 -9999 141 143 145 148 149 148 145 144 144 147 147 146 148 148 146 144 147 148 146 144 141 134 134 134 133 133 132 132 132 133 136 136 134 133 132 133 133 132 131 131 131 129 130 129 128 127 127 128 130 131 134 135 137 138 139 136 135 133 132 131 129 127 126 126 127 127
-9999 -9999 -9999 -9999 -9999 -9999 -9999 -9999 -9999 -9999 -9999 -9999 -9999 -9999 -9999 -9999 -9999 138 138 141 146 144 148 148 149 148 146 147 148 148 148 149 148 146 146 148 150 149 149 143 138 138 138 138 136 136 134 132 132 134 134 135 134 132 133 133 132 132 131 131 130 131 131 130 130 129 130 134 134 134 136 137 136 137 135 133 133 132 130 129 129 129 128 129 130
-9999 -9999 -9999 -9999 -9999 -9999 -9999 -9999 -9999 -9999 -9999 -9999 -9999 -9999 -9999 -9999 142 140 140 140 143 144 147 147 148 150 149 150 150 148 147 147 146 148 147 149 150 148 147 145 143 140 139 138 138 137 134 136 136 134 134 134 135 134 133 133 133 133 132 131 132 132 133 132 132 134 134 133 134 135 136 136 135 136 137 134 132 132 132 130 131 132 130 129 129
-9999 -9999 -9999 -9999 -9999 -9999 -9999 -9999 -9999 -9999 -9999 -9999 -9999 -9999 147 144 142 143 145 141 143 145 146 147 149 150 149 147 151 149 149 149 149 149 148 149 149 148 141 140 142 140 139 137 139 138 138 136 136 135 134 134 134 133 133 134 134 134 134 133 133 133 133 134 135 136 135 136 136 135 135 135 135 134 136 134 132 132 132 130 131 132 132 130 130
-9999 -9999 -9999 -9999 -9999 -9999 -9999 -9999 -9999 -9999 -9999 -9999 148 148 148 147 145 145 145 144 145 148 148 149 150 149 146 142 149 150 150 150 150 151 151 150 151 151 144 138 138 138 139 137 140 140 139 136 135 134 134 134 134 134 134 134 134 135 134 134 134 134 133 133 134 136 137 137 137 136 136 136 134 133 133 134 132 131 131 134 135 134 131 131 132
-9999 -9999 -9999 -9999 -9999 -9999 -9999 -9999 -9999 -9999 148 150 151 149 148 147 147 146 148 148 147 148 151 152 150 146 144 141 149 147 150 150 148 152 152 152 152 152 148 141 139 138 138 138 138 138 136 136 135 135 135 135 134 134 135 135 135 134 135 134 134 134 133 134 134 136 137 138 138 137 138 138 137 137 136 136 134 134 135 135 136 136 136 135 134
-9999 -9999 -9999 -9999 -9999 -9999 -9999 -9999 -9999 145 147 149 150 149 148 147 147 148 149 149 147 150 150 149 147 144 143 141 142 141 144 148 144 143 146 149 152 153 146 141 139 139 138 138 138 136 136 136 136 136 135 135 135 136 135 135 135 135 135 135 135 134 134 134 136 137 136 137 138 140 139 138 138 139 138 137 138 137 136 136 134 131 130 126 123
-9999 -9999 -9999 -9999 -9999 -9999 -9999 146 147 146 148 149 150 150 149 149 148 149 151 150 150 149 147 145 147 147 147 147 140 141 141 142 143 141 140 142 144 144 144 142 141 140 139 137 137 136 137 136 137 136 135 135 135 136 136 136 135 137 136 136 137 136 135 134 135 136 138 136 138 138 137 139 139 139 139 139 139 137 136 134 130 125 124 124 123
-9999 -9999 -9999 -9999 -9999 140 147 148 149 150 150 151 151 152 151 150 150 151 150 151 151 147 146 147 149 150 152 150 142 144 144 141 141 141 141 140 139 139 141 140 141 141 140 136 136 137 137 137 135 135 135 134 134 136 137 138 136 136 137 137 138 138 137 135 135 135 135 135 134 135 137 140 139 139 140 138 137 135 137 136 134 134 135 132 127
-9999 -9999 -9999 -9999 137 139 143 146 149 150 151 151 151 152 152 152 152 150 147 145 146 146 147 148 149 147 150 152 151 148 146 143 145 143 143 141 139 139 140 142 141 140 137 134 134 136 137 135 133 133 134 132 133 135 138 139 138 138 137 137 139 138 137 137 136 137 136 135 135 136 138 139 140 139 138 136 129 122 124 131 135 131 128 123 116
-9999 -9999 -9999 132 143 148 147 149 151 151 151 151 151 152 152 153 153 152 146 145 141 147 149 148 148 147 148 152 150 152 148 145 150 147 147 144 141 140 140 140 141 138 136 134 127 132 131 127 131 132 131 131 131 134 137 141 139 139 139 139 141 139 137 138 136 137 139 141 141 139 139 142 141 141 136 133 130 123 117 119 126 127 123 120 -9999
-9999 -9999 135 139 142 146 146 148 150 151 151 152 152 153 153 153 154 154 154 154 143 142 144 145 147 148 148 150 148 151 153 147 144 144 144 144 142 142 140 137 137 137 135 134 131 126 122 124 131 130 129 133 136 135 138 142 142 138 140 142 143 140 139 139 139 139 139 141 139 138 138 141 140 137 126 120 119 116 115 117 121 -9999 -9999 -9999 -9999
-9999 145 142 142 139 141 144 147 151 151 152 152 153 153 154 154 154 154 154 147 141 138 140 141 143 152 149 149 149 153 154 149 147 144 141 140 139 144 143 135 135 136 136 135 130 124 121 120 121 124 130 136 138 138 142 142 138 136 137 140 141 139 139 140 141 142 141 139 139 135 133 134 133 126 122 115 114 -9999 -9999 -9999 -9999 -9999 -9999 -9999 -9999
-9999 149 144 143 146 144 143 147 150 151 152 152 152 153 154 154 144 139 141 140 137 139 138 140 148 149 148 148 150 150 149 149 147 146 144 140 138 140 141 132 124 130 133 133 128 128 128 125 116 123 130 134 137 140 142 138 134 133 137 137 139 141 141 140 143 141 138 137 137 134 124 122 120 115 -9999 -9999 -9999 -9999 -9999 -9999 -9999 -9999 -9999 -9999 -9999
