Demos/Rbased/CrashCourse/data/climate_processing/PresentLayers/Shortia_galacifolia/bio_9.asc
NCOLS 603 
NROWS 190 
XLLCORNER -83.7416666666667 
YLLCORNER 34.6416666666666 
CELLSIZE 0.00833333333333332 
NODATA_value -9999 
[rows 88 to 109 of 190, columns 392 to 440 of 603]
10.3333339691162 10.3333339691162 10.3000001907349 10.2833337783813 10.3166666030884 10.3333339691162 10.2833337783813 10.2833337783813 10.3000001907349 10.3666667938232 10.3666667938232 10.4166669845581 10.466667175293 10.4000005722046 10.3833332061768 10.3833332061768 10.3833332061768 10.3666667938232 10.3833332061768 10.3833332061768 10.3833332061768 10.3666667938232 10.3500003814697 10.4000005722046 10.4166669845581 10.4333333969116 10.4833335876465 10.4833335876465 10.5666666030884 10.6166667938232 10.6333332061768 10.6333332061768 10.6999998092651 10.7666664123535 10.7333335876465 10.75 10.6999998092651 10.6833333969116 10.6500005722046 10.6833333969116 10.75 10.6999998092651 10.783332824707 10.8333330154419 10.8500003814697 10.8500003814697 10.783332824707 10.75 10.75
10.3333339691162 10.3333339691162 10.3333339691162 10.3333339691162 10.3500003814697 10.3500003814697 10.3500003814697 10.3000001907349 10.3500003814697 10.4166669845581 10.4333333969116 10.4833335876465 10.466667175293 10.4166669845581 10.4000005722046 10.4000005722046 10.4000005722046 10.3833332061768 10.3833332061768 10.4000005722046 10.4166669845581 10.4000005722046 10.4000005722046 10.4166669845581 10.4333333969116 10.4833335876465 10.4833335876465 10.5166664123535 10.5833330154419 10.6333332061768 10.6333332061768 10.6499996185303 10.6999998092651 10.75 10.6833333969116 10.6833333969116 10.7333335876465 10.783332824707 10.7166662216187 10.783332824707 10.8500003814697 10.8000001907349 10.8666667938232 10.9166669845581 10.9333333969116 10.9333333969116 10.8833332061768 10.8333330154419 10.8333330154419
10.3500003814697 10.3500003814697 10.3500003814697 10.3500003814697 10.3833332061768 10.3500003814697 10.3333330154419 10.3000001907349 10.3500003814697 10.3833332061768 10.4833335876465 10.5166664123535 10.466667175293 10.4499998092651 10.4499998092651 10.4333333969116 10.4000005722046 10.3833332061768 10.4166669845581 10.4166669845581 10.4166669845581 10.4333333969116 10.4333333969116 10.4499998092651 10.4499998092651 10.4833335876465 10.5 10.5166664123535 10.5666666030884 10.6333332061768 10.6333332061768 10.6499996185303 10.6833333969116 10.7166662216187 10.6333332061768 10.6999998092651 10.783332824707 10.783332824707 10.783332824707 10.8333330154419 10.9333333969116 10.9333333969116 11.0166664123535 11.0166664123535 11.0666666030884 11 11 10.966667175293 10.8333330154419
10.3500003814697 10.3833332061768 10.3500003814697 10.3833332061768 10.3833332061768 10.3833332061768 10.3666667938232 10.3666667938232 10.3833332061768 10.4499998092651 10.5500001907349 10.5 10.4333333969116 10.466667175293 10.4833335876465 10.466667175293 10.4333333969116 10.4499998092651 10.4333333969116 10.4333333969116 10.4333333969116 10.4499998092651 10.4833335876465 10.4833335876465 10.5 10.4666662216187 10.5166664123535 10.5333337783813 10.5500001907349 10.6000003814697 10.6333332061768 10.6333332061768 10.6666669845581 10.7166662216187 10.6833333969116 10.716667175293 10.783332824707 10.7666664123535 10.7666664123535 10.8833332061768 10.9833335876465 11.0333337783813 11.1166667938232 11.1500005722046 11.1666669845581 11.1000003814697 11.1000003814697 11.0333337783813 10.9499998092651
10.3833332061768 10.3999996185303 10.3999996185303 10.3833332061768 10.3999996185303 10.3833332061768 10.3666667938232 10.3999996185303 10.4499998092651 10.533332824707 10.5500001907349 10.466667175293 10.466667175293 10.5 10.5166664123535 10.5 10.5333337783813 10.466667175293 10.4499998092651 10.466667175293 10.4499998092651 10.4833335876465 10.4833335876465 10.533332824707 10.5166664123535 10.5 10.5333337783813 10.5333337783813 10.5500001907349 10.6000003814697 10.6166667938232 10.6333332061768 10.6499996185303 10.6833333969116 10.6833333969116 10.6999998092651 10.7666664123535 10.7666664123535 10.7666664123535 10.8166666030884 10.9333333969116 10.9833335876465 11.1166667938232 11.1333332061768 11.1500005722046 11.1166667938232 11.1000003814697 11.0166664123535 10.9499998092651
10.4166669845581 10.4166669845581 10.4499998092651 10.4333333969116 10.466667175293 10.466667175293 10.4333333969116 10.4333333969116 10.4833335876465 10.5500001907349 10.5166664123535 10.4499998092651 10.5166664123535 10.5333337783813 10.5333337783813 10.5333337783813 10.5333337783813 10.5333337783813 10.5333337783813 10.5333337783813 10.5333337783813 10.5333337783813 10.5333337783813 10.5833330154419 10.5666666030884 10.5333337783813 10.5500001907349 10.5500001907349 10.5666666030884 10.6000003814697 10.6000003814697 10.6000003814697 10.6499996185303 10.6833333969116 10.6666669845581 10.6833333969116 10.7333335876465 10.75 10.7333335876465 10.7333335876465 10.8499994277954 10.9499998092651 11.0666666030884 11.1333332061768 11.1166667938232 11.1166667938232 11.0666666030884 11.0166664123535 10.9499998092651
10.4166669845581 10.4333333969116 10.466667175293 10.4833335876465 10.5166664123535 10.5166664123535 10.466667175293 10.4833335876465 10.533332824707 10.6000003814697 10.5500001907349 10.4833335876465 10.5666666030884 10.5666666030884 10.5333337783813 10.5333337783813 10.5333337783813 10.5666666030884 10.5666666030884 10.5333337783813 10.5333337783813 10.5500001907349 10.5833330154419 10.6166667938232 10.6166667938232 10.5666666030884 10.5500001907349 10.6166667938232 10.6166667938232 10.5833330154419 10.6000003814697 10.6499996185303 10.6833333969116 10.6999998092651 10.6999998092651 10.6999998092651 10.6999998092651 10.7333335876465 10.7166662216187 10.6999998092651 10.8166666030884 10.9499998092651 11.0166673660278 11.0500001907349 11.0833339691162 11.0666666030884 11.0166664123535 10.9499998092651 10.9499998092651
10.4499998092651 10.4499998092651 10.4499998092651 10.4499998092651 10.4499998092651 10.5 10.5 10.533332824707 10.5833330154419 10.5666666030884 10.5500001907349 10.5333337783813 10.5666666030884 10.5666666030884 10.5333337783813 10.5333337783813 10.5333337783813 10.5833330154419 10.5833330154419 10.5666666030884 10.5666666030884 10.6000003814697 10.6166667938232 10.6166667938232 10.6666669845581 10.6333332061768 10.6166667938232 10.6499996185303 10.6833333969116 10.6499996185303 10.6499996185303 10.6666669845581 10.7166662216187 10.6666669845581 10.7333335876465 10.6999998092651 10.6833333969116 10.6999998092651 10.7166662216187 10.7666664123535 10.8333330154419 10.8999996185303 10.9333333969116 11.0166673660278 11.0500001907349 11.0166673660278 10.9499998092651 10.8999996185303 10.8999996185303
10.466667175293 10.466667175293 10.466667175293 10.466667175293 10.4333333969116 10.466667175293 10.5 10.5666666030884 10.6000003814697 10.5333337783813 10.5333337783813 10.5333337783813 10.5833330154419 10.5666666030884 10.5166664123535 10.5333337783813 10.5999994277954 10.6499996185303 10.6499996185303 10.6499996185303 10.5999994277954 10.6166667938232 10.6499996185303 10.6666669845581 10.6833333969116 10.7166662216187 10.6833333969116 10.6833333969116 10.6999998092651 10.6999998092651 10.6833333969116 10.6833333969116 10.6999998092651 10.6833333969116 10.6666669845581 10.6833333969116 10.6666669845581 10.6833333969116 10.75 10.7666664123535 10.8333330154419 10.8500003814697 10.8833332061768 11 11 11 10.9499998092651 10.8999996185303 10.8499994277954
10.466667175293 10.5166664123535 10.5166664123535 10.466667175293 10.466667175293 10.4833335876465 10.5500001907349 10.5833330154419 10.5333337783813 10.5333337783813 10.5166664123535 10.5666666030884 10.5833330154419 10.5333337783813 10.4833335876465 10.5666666030884 10.6499996185303 10.6833333969116 10.6666669845581 10.6166667938232 10.6166667938232 10.6333332061768 10.6666669845581 10.6833333969116 10.7166662216187 10.75 10.7333335876465 10.6833333969116 10.6999998092651 10.7333335876465 10.7166662216187 10.7166662216187 10.7166662216187 10.7166662216187 10.6999998092651 10.6999998092651 10.6999998092651 10.6666669845581 10.75 10.7666664123535 10.8333330154419 10.8500003814697 10.9000005722046 10.966667175293 10.9333333969116 10.9166669845581 11.0333337783813 10.9166669845581 10.8333330154419
10.5333337783813 10.5333337783813 10.5333337783813 10.5166664123535 10.5166664123535 10.5333337783813 10.5666666030884 10.5833330154419 10.5166664123535 10.5333337783813 10.5500001907349 10.6333332061768 10.5833330154419 10.5333337783813 10.5500001907349 10.6333332061768 10.6999998092651 10.6999998092651 10.6833333969116 10.6666669845581 10.6499996185303 10.6833333969116 10.7166662216187 10.75 10.75 10.75 10.783332824707 10.7333335876465 10.6999998092651 10.7666664123535 10.7833337783813 10.7833337783813 10.7333335876465 10.75 10.7666664123535 10.75 10.7833337783813 10.7666664123535 10.75 10.75 10.8333330154419 10.8500003814697 10.9333333969116 10.9333333969116 10.9333333969116 11.0500001907349 11.0333337783813 10.8166666030884 10.8333330154419
10.5500001907349 10.5500001907349 10.5500001907349 10.5999994277954 10.5500001907349 10.5666666030884 10.5833330154419 10.5666666030884 10.5333337783813 10.5666666030884 10.6333332061768 10.6333332061768 10.5833330154419 10.6166667938232 10.6166667938232 10.6666669845581 10.7166662216187 10.6999998092651 10.6999998092651 10.6999998092651 10.6833333969116 10.6999998092651 10.7166662216187 10.7333335876465 10.7666664123535 10.7833337783813 10.8166666030884 10.7833337783813 10.7666664123535 10.7666664123535 10.8166666030884 10.8000001907349 10.7666664123535 10.7833337783813 10.8166666030884 10.8166666030884 10.8000001907349 10.8000001907349 10.75 10.75 10.8000001907349 10.8500003814697 10.966667175293 10.9333333969116 10.9166669845581 10.9499998092651 11.0500001907349 11.0500001907349 11.1166667938232
10.533332824707 10.533332824707 10.5500001907349 10.5500001907349 10.5999994277954 10.5833330154419 10.5833330154419 10.5333337783813 10.5333337783813 10.5999994277954 10.6166667938232 10.6499996185303 10.6833333969116 10.6499996185303 10.6333332061768 10.7166662216187 10.7333335876465 10.6999998092651 10.6999998092651 10.7166662216187 10.7166662216187 10.6999998092651 10.75 10.75 10.7666664123535 10.8000001907349 10.8166666030884 10.8333330154419 10.8000001907349 10.8000001907349 10.8666667938232 10.8666667938232 10.8166666030884 10.8666667938232 10.8833332061768 10.8666667938232 10.8333339691162 10.8333339691162 10.7666664123535 10.7666664123535 10.8500003814697 10.8500003814697 10.9333333969116 10.9833335876465 10.9499998092651 10.9333333969116 11.0333337783813 10.9499998092651 11.1166667938232
10.533332824707 10.5500001907349 10.5666666030884 10.5666666030884 10.5999994277954 10.6000003814697 10.5666666030884 10.5166664123535 10.5500001907349 10.5999994277954 10.6166667938232 10.6499996185303 10.6833333969116 10.6999998092651 10.7166662216187 10.783332824707 10.6999998092651 10.7166662216187 10.75 10.7166662216187 10.716667175293 10.7333335876465 10.7833337783813 10.7833337783813 10.8166666030884 10.8333330154419 10.8166666030884 10.8333339691162 10.8333339691162 10.8333339691162 10.8666667938232 10.8666667938232 10.8666667938232 10.9333333969116 10.8833332061768 10.8333339691162 10.8333339691162 10.8333339691162 10.8333339691162 10.8333330154419 10.8500003814697 10.8500003814697 10.8666667938232 10.9833335876465 10.8833332061768 10.9166669845581 10.9833335876465 11 11.1333332061768
10.5500001907349 10.5666666030884 10.5999994277954 10.5999994277954 10.6166667938232 10.6333332061768 10.5666666030884 10.5500001907349 10.5833330154419 10.6166667938232 10.6166667938232 10.6333332061768 10.6333332061768 10.7166662216187 10.75 10.7666664123535 10.7166662216187 10.7166662216187 10.7833337783813 10.75 10.7333335876465 10.7666664123535 10.7833337783813 10.7833337783813 10.8333330154419 10.8500003814697 10.7833337783813 10.8333339691162 10.8666667938232 10.8333339691162 10.8500003814697 10.9166669845581 10.9499998092651 10.9833335876465 10.9499998092651 10.8833332061768 10.8666667938232 10.8333339691162 10.8666667938232 10.8833332061768 10.9000005722046 10.9000005722046 10.9166669845581 10.9833335876465 10.8999996185303 10.966667175293 10.8833332061768 10.9499998092651 11.1333332061768
10.5500001907349 10.6000003814697 10.5999994277954 10.6166667938232 10.6166667938232 10.6499996185303 10.5833330154419 10.5500001907349 10.5833330154419 10.5999994277954 10.5999994277954 10.6333332061768 10.6666669845581 10.75 10.8000001907349 10.75 10.6833333969116 10.7166662216187 10.7666664123535 10.7333335876465 10.75 10.7666664123535 10.8166666030884 10.7833337783813 10.8166666030884 10.8000001907349 10.8166666030884 10.8333339691162 10.8833332061768 10.8666667938232 10.8666667938232 10.9333333969116 11.0166664123535 10.966667175293 10.9166669845581 10.9166669845581 10.8999996185303 10.8666667938232 10.8833332061768 10.9000005722046 10.9000005722046 10.9333333969116 10.9499998092651 11 10.9499998092651 10.966667175293 10.9499998092651 11.0166664123535 11.1333332061768
10.533332824707 10.5500001907349 10.5999994277954 10.6166667938232 10.6499996185303 10.6166667938232 10.5666666030884 10.5833330154419 10.5833330154419 10.5833330154419 10.6499996185303 10.7166662216187 10.75 10.7666664123535 10.783332824707 10.75 10.7166662216187 10.7666664123535 10.7833337783813 10.7333335876465 10.75 10.7666664123535 10.8166666030884 10.7833337783813 10.8000001907349 10.8000001907349 10.8000001907349 10.8333339691162 10.8833332061768 10.9166669845581 10.9166669845581 10.9333333969116 11 10.9499998092651 10.9166669845581 10.8999996185303 10.8666667938232 10.8833332061768 10.9000005722046 10.9000005722046 10.9166669845581 10.9333333969116 10.9833335876465 11.0166664123535 11.033332824707 10.9833335876465 10.9833335876465 11.1333332061768 11.1833333969116
10.533332824707 10.5666666030884 10.5999994277954 10.6333332061768 10.6166667938232 10.5833330154419 10.5666666030884 10.5666666030884 10.6166667938232 10.6333332061768 10.6833333969116 10.7333335876465 10.7333335876465 10.7666664123535 10.75 10.783332824707 10.75 10.7833337783813 10.7833337783813 10.75 10.75 10.7833337783813 10.8166666030884 10.7833337783813 10.8000001907349 10.8166666030884 10.7666664123535 10.7833337783813 10.8333339691162 10.9000005722046 10.9333333969116 10.9499998092651 11 10.9666662216187 10.9333333969116 10.9166669845581 10.8833332061768 10.8833332061768 10.8500003814697 10.8833332061768 10.9166669845581 10.9166669845581 11 11 11.0833330154419 11.0999994277954 11.1333332061768 11.1499996185303 11.1999998092651
10.5666666030884 10.5999994277954 10.6333332061768 10.6499996185303 10.5999994277954 10.5666666030884 10.5666666030884 10.5666666030884 10.6333332061768 10.6499996185303 10.6666669845581 10.6999998092651 10.7666664123535 10.7666664123535 10.75 10.8000001907349 10.8166666030884 10.7833337783813 10.7333335876465 10.7833337783813 10.75 10.8000001907349 10.8166666030884 10.8166666030884 10.8333330154419 10.8333330154419 10.8333330154419 10.8333330154419 10.8500003814697 10.9000005722046 10.9166669845581 10.966667175293 10.9333333969116 10.9499998092651 10.9166669845581 10.9166669845581 10.9000005722046 10.8666667938232 10.8500003814697 10.8666667938232 10.8999996185303 10.9499998092651 10.966667175293 11.0500001907349 11.0833330154419 11.0166664123535 11.1666660308838 11.1999998092651 11.1999998092651
10.5500001907349 10.5833330154419 10.6333332061768 10.5999994277954 10.5666666030884 10.5666666030884 10.5666666030884 10.5666666030884 10.6333332061768 10.6666669845581 10.6833333969116 10.75 10.7833337783813 10.7333335876465 10.7333335876465 10.7833337783813 10.8166666030884 10.8166666030884 10.7833337783813 10.7833337783813 10.7666664123535 10.8000001907349 10.8166666030884 10.8500003814697 10.8666667938232 10.8500003814697 10.8666667938232 10.8666667938232 10.9166669845581 10.8833332061768 10.8833332061768 10.9499998092651 10.8999996185303 10.9166669845581 10.9166669845581 10.9000005722046 10.8500003814697 10.9166669845581 10.8666667938232 10.9166669845581 10.9166669845581 10.9333333969116 11 11.0500001907349 11.0333337783813 11 11.1666660308838 11.1999998092651 11.1999998092651
10.5833330154419 10.6166667938232 10.6166667938232 10.5833330154419 10.5500001907349 10.5833330154419 10.5666666030884 10.6166667938232 10.6333332061768 10.6666669845581 10.7333335876465 10.75 10.75 10.6833333969116 10.7333335876465 10.7333335876465 10.7666664123535 10.8166666030884 10.8333330154419 10.8000001907349 10.7833337783813 10.8000001907349 10.8000001907349 10.8833332061768 10.8666667938232 10.8666667938232 10.8666667938232 10.8833332061768 10.9166669845581 10.8833332061768 10.9499998092651 10.9499998092651 10.9333333969116 10.8999996185303 10.9166669845581 10.9000005722046 10.8666667938232 10.9166669845581 10.9833335876465 10.9499998092651 10.9499998092651 10.9833335876465 10.9833335876465 11.0500001907349 11.0833330154419 11.1499996185303 11.1999998092651 11.1999998092651 11.1499996185303
10.6499996185303 10.6499996185303 10.5999994277954 10.6000003814697 10.6166667938232 10.6166667938232 10.6333332061768 10.6333332061768 10.6500005722046 10.6833333969116 10.6999998092651 10.75 10.6999998092651 10.6999998092651 10.6999998092651 10.6833333969116 10.7333335876465 10.8000001907349 10.8500003814697 10.8000001907349 10.8000001907349 10.8166666030884 10.8000001907349 10.8666667938232 10.8833332061768 10.8666667938232 10.8666667938232 10.8833332061768 10.9166669845581 10.966667175293 10.9499998092651 10.9499998092651 10.9499998092651 10.9333333969116 10.9333333969116 10.9499998092651 10.9333333969116 10.9333333969116 11 11 11.0333337783813 11.0500001907349 11.0500001907349 11.1499996185303 11.1499996185303 11.1833333969116 11.1999998092651 11.2166662216187 11.1999998092651
