Demos/Rbased/CrashCourse/data/climate_processing/PresentLayers/Shortia_galacifolia/bio_14.asc
NCOLS 603 
NROWS 190 
XLLCORNER -83.7416666666667 
YLLCORNER 34.6416666666666 
CELLSIZE 0.00833333333333332 
NODATA_value -9999 
[rows 132 to 175 of 190, columns 96 to 191 of 603]
139 137 137 136 137 136 137 136 135 135 135 136 136 136 135 137 136 136 137 136 135 134 135 136 138 136 138 138 137 139 139 139 139 139 139 137 136 134 130 125 124 124 123 121 118 115 111 108 107 109 109 109 110 111 111 109 107 106 106 105 105 105 107 107 107 107 107 106 105 105 104 103 103 102 103 102 101 100 100 100 99 99 99 98 98 98 97 97 97 97 96 96 96 95 95 94
140 136 136 137 137 137 135 135 135 134 134 136 137 138 136 136 137 137 138 138 137 135 135 135 135 135 134 135 137 140 139 139 140 138 137 135 137 136 134 134 135 132 127 119 113 111 108 107 110 108 108 111 111 110 109 110 110 109 104 105 106 108 108 108 107 106 105 104 105 105 103 103 102 103 103 102 101 101 100 99 99 98 98 99 98 98 97 97 97 97 96 96 95 95 95 94
137 134 134 136 137 135 133 133 134 132 133 135 138 139 138 138 137 137 139 138 137 137 136 137 136 135 135 136 138 139 140 139 138 136 129 122 124 131 135 131 128 123 116 115 115 112 110 107 108 109 111 111 110 110 110 110 110 106 106 107 108 108 107 106 105 104 105 104 103 103 102 102 102 102 101 101 100 99 99 98 98 98 98 98 98 98 97 97 97 96 96 96 95 95 94 95
136 134 127 132 131 127 131 132 131 131 131 134 137 141 139 139 139 139 141 139 137 138 136 137 139 141 141 139 139 142 141 141 136 133 130 123 117 119 126 127 123 120 120 118 115 113 110 108 110 108 108 109 109 108 110 108 107 105 107 106 107 107 107 106 105 104 104 104 103 102 102 102 102 101 101 100 100 100 99 99 98 98 98 97 97 98 97 96 96 96 96 95 95 95 95 95
135 134 131 126 122 124 131 130 129 133 136 135 138 142 142 138 140 142 143 140 139 139 139 139 139 141 139 138 138 141 140 137 126 120 119 116 115 117 121 121 118 116 114 112 112 113 112 108 106 109 109 109 108 108 107 106 106 104 106 105 106 107 107 106 106 104 104 102 102 102 101 102 101 101 101 101 100 100 100 99 98 98 98 97 97 97 97 97 96 96 95 95 96 96 95 94
136 135 130 124 121 120 121 124 130 136 138 138 142 142 138 136 137 140 141 139 139 140 141 142 141 139 139 135 133 134 133 126 122 115 114 113 113 114 114 114 114 113 112 109 109 110 109 107 107 107 107 106 108 108 108 107 105 105 106 106 107 107 107 107 105 104 104 103 102 101 101 101 101 101 101 101 101 101 100 99 99 98 97 97 97 96 96 96 97 96 96 96 96 96 95 94
133 133 128 128 128 125 116 123 130 134 137 140 142 138 134 133 137 137 139 141 141 140 143 141 138 137 137 134 124 122 120 115 115 112 112 111 112 112 111 109 110 110 110 109 108 108 109 109 108 106 106 107 108 108 107 105 105 107 108 107 106 107 106 107 106 104 103 102 102 101 101 101 101 101 102 102 101 101 101 100 99 98 97 97 96 96 96 96 96 96 96 96 96 95 95 95
121 123 123 125 121 116 114 122 127 134 138 141 140 137 131 132 137 137 142 144 144 140 141 139 137 133 131 122 117 114 114 113 113 113 112 111 112 112 111 111 110 108 107 108 107 109 110 110 108 107 107 108 109 108 106 105 108 108 108 107 107 105 106 105 105 104 103 102 102 101 101 101 102 102 101 101 100 100 100 99 99 98 98 97 97 96 96 96 96 96 96 96 96 95 95 95
117 116 122 118 116 113 120 128 134 136 138 136 138 136 131 130 134 133 138 141 144 142 139 139 136 134 128 128 133 128 121 117 115 114 113 113 113 113 112 109 109 108 109 109 109 111 113 111 107 106 107 107 108 108 106 106 107 107 107 107 106 105 105 104 104 103 102 102 101 101 101 101 100 100 100 100 100 100 99 99 99 98 98 97 97 96 95 96 96 96 96 96 95 95 95 95
115 115 124 118 114 120 122 125 129 134 133 132 133 128 125 125 126 130 137 142 144 143 139 138 136 137 136 135 133 125 120 114 113 113 112 112 111 111 110 110 111 107 107 108 110 110 110 108 108 107 108 109 108 108 107 106 105 107 106 106 106 106 105 104 104 104 103 102 102 102 101 100 100 100 100 99 99 99 99 98 98 98 98 97 97 96 95 95 96 95 95 96 95 94 94 95
115 113 116 113 115 119 121 121 122 124 128 134 136 125 123 125 129 135 139 140 140 139 139 142 142 139 132 122 119 116 114 113 112 113 112 112 110 109 111 110 109 109 108 108 108 108 108 109 107 108 107 108 107 107 106 106 105 104 105 105 106 107 106 106 105 104 103 103 103 102 102 102 101 100 99 99 99 99 98 98 97 97 97 97 96 96 95 95 95 95 95 95 94 94 94 95
124 117 113 112 116 118 121 123 132 133 132 131 129 124 121 123 127 129 132 134 136 134 134 139 138 134 124 118 114 113 113 114 112 112 112 110 109 111 111 110 111 110 108 108 108 108 107 107 106 106 107 107 106 106 105 105 105 106 106 107 107 107 106 105 105 105 105 104 103 102 102 101 100 99 99 98 99 98 98 97 97 97 97 97 96 96 95 94 95 94 94 94 94 94 94 94
124 119 112 114 120 127 133 136 134 132 127 128 125 120 120 128 133 129 131 136 136 130 127 131 123 120 120 114 113 111 112 113 112 111 111 109 110 110 111 111 109 107 108 108 106 106 105 105 105 107 108 106 105 105 105 106 106 106 107 108 108 107 106 105 105 105 104 104 103 102 101 101 100 100 99 98 98 98 98 98 97 96 97 96 96 95 95 94 94 94 94 94 93 93 94 94
114 114 113 112 113 127 134 130 129 128 125 121 117 113 114 124 128 128 134 129 127 122 124 122 116 115 114 113 113 113 111 111 113 112 109 109 110 110 109 109 107 106 106 106 106 106 107 106 107 109 108 106 106 106 106 106 107 107 107 107 107 107 106 105 105 104 104 103 102 102 101 100 100 99 99 98 98 98 98 97 97 96 96 95 95 95 95 94 94 94 94 94 94 93 93 93
112 113 112 114 120 126 125 123 127 124 122 123 120 111 113 117 119 118 121 118 117 115 115 113 111 111 111 111 111 110 110 110 110 109 108 109 109 108 108 108 107 108 108 107 108 108 108 106 106 107 107 105 106 106 107 107 107 107 107 108 108 106 105 105 104 103 102 103 102 101 101 100 99 99 98 98 97 97 97 97 97 96 96 96 95 94 95 95 94 94 94 94 94 93 93 93
112 115 117 118 115 120 116 116 118 116 116 115 113 110 113 121 119 115 113 113 112 111 111 112 111 110 111 110 110 111 110 111 113 111 108 109 110 109 110 111 109 111 111 110 108 107 107 107 105 107 106 105 106 106 107 108 108 107 107 106 106 105 104 104 104 103 102 102 102 101 101 101 100 99 98 98 98 97 97 97 96 96 96 96 95 94 94 94 94 93 93 94 93 93 93 92
112 112 113 117 115 111 114 115 113 111 110 110 111 113 120 117 114 112 113 115 114 112 113 113 113 112 113 113 113 113 113 112 110 110 109 109 110 111 112 111 111 111 110 109 107 107 107 106 106 107 105 106 108 107 107 108 107 107 106 106 105 105 104 103 103 103 102 102 101 100 101 101 100 99 98 98 97 96 96 96 95 95 95 95 95 94 94 94 94 93 93 94 94 93 92 92
112 112 112 114 112 111 112 112 112 111 109 117 121 118 116 113 111 112 114 112 114 116 113 116 121 119 118 114 114 115 112 112 111 111 111 112 112 112 112 111 111 110 110 110 109 108 107 106 106 106 106 107 108 107 108 107 107 107 106 106 105 105 104 104 103 103 102 102 102 101 100 100 99 99 98 98 97 97 96 96 95 95 95 94 94 94 94 93 93 93 93 93 93 93 93 92
112 112 112 113 110 109 110 111 110 110 110 114 116 113 112 111 112 116 119 118 120 114 112 114 115 116 119 114 119 115 111 111 112 111 113 112 112 112 111 110 109 109 108 108 108 107 106 106 105 106 106 108 108 107 107 108 107 107 106 106 105 105 104 104 103 102 102 101 101 100 100 99 99 99 99 98 97 97 97 96 96 96 95 95 94 93 93 93 93 93 92 92 93 93 93 92
113 112 112 111 108 111 110 109 108 111 110 110 112 111 110 114 115 116 117 115 113 113 112 112 112 112 115 114 111 111 110 110 112 112 113 113 112 112 111 109 109 109 108 107 108 108 107 107 107 106 107 108 108 108 107 107 107 106 106 106 106 106 105 104 104 103 102 102 101 100 100 99 99 99 98 98 98 97 97 96 96 96 95 95 94 93 93 93 92 93 93 92 92 92 92 92
113 112 110 107 108 110 108 107 109 110 109 110 111 109 115 113 114 117 115 112 113 113 110 112 112 113 112 112 109 109 109 110 111 111 113 114 114 113 111 110 110 110 109 108 108 107 107 107 106 106 105 107 107 107 106 106 107 106 105 105 105 106 106 105 106 104 103 102 102 101 100 99 98 98 98 98 98 97 97 97 97 96 96 94 94 93 93 93 92 92 92 92 92 92 91 92
111 110 108 108 109 108 107 108 109 110 111 113 110 110 115 118 118 113 112 115 111 111 111 112 112 110 110 110 109 108 109 113 111 111 113 114 113 112 110 110 109 109 108 108 107 107 108 107 106 106 105 107 106 106 106 107 106 105 105 105 105 107 109 110 110 108 106 104 102 101 100 99 99 98 97 97 98 97 97 97 97 97 96 95 95 94 94 93 93 92 91 91 91 91 91 91
110 110 109 107 107 107 109 110 111 111 113 119 111 110 112 119 115 112 110 111 111 110 110 112 112 111 110 111 108 110 112 112 110 111 112 116 114 112 110 110 109 108 108 108 108 108 108 107 106 106 105 105 105 105 106 106 105 105 105 105 105 105 106 109 111 107 105 103 101 101 100 100 99 99 97 96 97 96 96 96 96 95 95 95 94 94 93 93 92 92 92 92 91 91 91 91
112 110 109 107 107 109 110 110 112 112 114 114 110 108 110 112 114 113 111 110 109 109 112 112 111 110 109 109 109 111 112 110 110 111 112 114 112 111 110 109 109 108 108 108 108 107 107 107 107 105 104 104 105 105 105 105 105 104 104 104 103 103 103 106 110 109 104 102 101 100 99 98 98 98 97 97 96 96 95 95 95 95 95 94 93 93 93 93 92 92 91 91 91 91 90 90
111 110 108 107 108 109 108 109 109 109 110 110 109 108 112 114 111 111 111 110 109 109 110 110 109 109 108 109 110 111 110 109 110 110 111 115 112 111 110 112 110 109 108 108 108 107 107 107 105 104 104 105 105 105 104 105 105 104 103 103 103 103 103 104 108 109 105 103 101 100 99 98 98 97 97 96 96 95 95 94 95 94 94 94 93 93 92 92 92 92 91 91 91 91 91 90
110 111 111 108 107 107 109 110 110 109 109 109 108 108 109 110 111 111 114 112 110 108 108 108 108 108 109 110 111 110 111 109 109 110 110 112 110 110 110 110 109 108 109 108 108 107 106 105 105 105 105 104 103 103 105 105 104 104 103 103 103 103 103 102 104 107 105 103 101 100 99 98 98 97 97 96 96 95 94 94 94 94 93 93 93 93 92 92 92 92 92 92 91 91 91 90
110 109 109 107 106 107 108 108 109 108 107 107 106 107 109 110 111 111 112 111 110 108 108 108 107 108 109 110 110 109 109 108 109 111 112 112 109 110 108 108 109 109 109 108 107 106 105 106 106 106 105 104 103 103 103 103 103 103 103 102 102 103 102 102 102 103 103 102 101 100 99 99 98 98 97 97 96 95 94 94 93 93 93 93 93 92 92 92 92 92 92 92 91 91 91 91
110 109 108 107 107 108 109 109 108 107 106 106 108 110 109 110 111 111 110 111 110 109 108 107 107 108 109 108 108 108 108 109 110 113 110 110 108 108 109 109 109 108 108 107 106 107 107 106 106 105 104 104 103 102 103 103 103 103 103 102 102 102 101 101 101 102 103 102 101 100 99 98 97 97 96 96 95 95 95 94 94 93 92 92 92 92 92 92 92 92 92 91 91 91 91 90
110 109 109 107 107 109 109 108 106 106 107 108 108 108 110 112 111 111 110 109 108 108 106 106 107 107 108 108 108 108 109 109 108 108 107 107 109 109 111 109 108 108 107 107 107 106 106 105 105 105 105 104 103 102 102 103 104 104 103 102 101 101 101 101 101 101 101 100 100 99 98 97 97 96 96 95 95 94 94 94 94 93 92 92 92 92 92 91 92 92 91 91 90 91 91 90
109 109 109 108 106 107 107 106 106 106 107 107 107 108 109 111 111 110 109 108 107 108 107 107 107 108 108 108 108 108 108 108 107 107 108 107 108 109 109 108 107 107 107 106 106 105 105 105 104 104 104 104 103 102 102 103 103 103 102 102 101 101 101 100 100 100 99 99 99 98 98 97 97 96 96 96 95 94 94 93 93 93 92 92 92 92 92 91 91 91 91 91 90 90 90 90
109 108 109 108 106 106 106 106 106 106 108 108 107 107 109 111 111 111 110 108 107 107 106 106 107 108 107 106 106 106 107 107 107 108 108 107 107 108 108 108 107 106 106 105 106 105 104 104 103 103 103 103 103 102 101 102 103 102 102 102 101 101 100 100 100 99 99 99 98 98 98 98 97 96 96 96 95 95 94 94 93 92 92 92 91 91 91 91 91 91 91 91 90 90 90 90
108 108 109 108 106 106 106 107 107 107 107 108 108 108 110 110 110 110 109 108 107 107 106 106 107 106 105 106 107 107 107 108 107 107 107 106 106 107 107 107 106 106 106 106 105 104 104 103 102 102 102 102 103 102 101 101 102 102 101 101 101 100 99 100 100 99 98 98 98 98 98 98 98 98 97 96 95 95 94 94 93 92 92 92 91 91 91 91 91 91 90 90 90 89 90 90
107 108 108 107 106 106 106 106 106 106 106 108 108 109 109 110 111 109 108 108 108 108 107 105 105 106 106 107 107 107 106 107 106 106 106 106 106 108 108 106 106 106 106 105 104 104 103 104 103 102 102 101 102 102 101 101 101 102 101 101 100 100 99 99 99 99 98 97 97 98 98 98 98 97 97 96 95 94 94 93 93 92 92 92 91 91 90 90 90 90 90 90 89 89 90 90
107 107 107 106 106 105 105 106 106 106 107 107 108 109 110 110 109 108 107 106 106 106 106 105 106 106 106 106 105 105 106 105 106 106 105 105 107 107 107 106 105 104 104 104 105 104 104 103 102 102 102 101 101 101 100 100 101 101 101 101 101 100 100 99 98 98 97 98 98 97 97 97 97 96 96 96 96 95 94 94 93 93 92 92 91 91 90 90 90 90 90 89 90 90 90 90
106 108 108 106 105 105 106 107 107 106 107 108 109 109 109 110 110 109 107 107 107 106 105 105 105 105 105 105 105 105 105 105 106 106 106 106 107 105 106 105 105 105 105 105 104 103 103 102 103 102 101 101 101 100 100 100 100 100 100 101 100 100 99 99 99 98 97 97 97 97 97 96 96 96 96 96 96 95 94 94 93 93 93 92 91 91 91 90 90 90 89 90 90 89 89 90
106 108 107 106 105 105 106 106 106 106 107 108 109 108 108 109 112 111 109 108 107 106 105 104 105 105 105 105 105 106 106 106 105 105 105 105 105 105 106 105 105 105 104 104 104 103 104 103 103 101 101 100 100 99 99 99 99 100 100 100 100 99 99 98 98 98 97 96 96 97 97 96 96 96 95 95 95 95 94 93 93 93 93 92 92 92 91 90 90 90 89 89 89 89 90 89
106 106 106 107 105 105 105 105 105 106 106 107 108 107 108 108 108 109 107 108 107 106 104 104 104 104 104 105 106 105 105 104 104 104 104 105 106 106 105 104 104 104 104 103 103 103 103 102 102 101 101 101 100 99 98 99 100 100 100 100 99 99 99 98 97 98 98 97 96 96 96 97 96 95 95 95 95 94 94 93 93 93 93 92 92 91 91 91 90 90 89 89 89 89 89 89
107 106 105 106 105 105 105 105 105 105 106 107 107 107 107 107 107 107 106 107 107 106 104 104 104 105 104 104 104 104 104 104 104 103 105 105 104 105 104 104 104 104 103 103 103 102 102 102 101 102 101 101 100 99 99 98 98 99 99 99 99 98 98 98 97 97 97 97 96 96 96 96 96 95 95 95 94 94 93 93 93 93 92 92 91 91 91 90 90 90 89 89 -9999 -9999 -9999 -9999
107 106 105 105 105 105 104 105 104 104 106 106 106 106 107 107 106 106 106 105 105 105 104 104 105 103 103 103 103 104 105 105 105 104 104 104 103 103 103 103 104 103 102 102 102 101 101 101 101 101 101 100 99 99 99 98 98 98 98 99 99 99 98 97 97 96 97 97 96 95 96 96 95 94 95 94 94 94 93 93 92 92 92 91 91 91 90 -9999 -9999 -9999 -9999 -9999 -9999 -9999 -9999 -9999
106 105 105 105 105 104 103 103 103 103 105 105 105 106 107 107 106 105 105 105 104 105 103 104 104 103 103 103 103 103 104 104 104 104 103 102 102 102 103 103 103 102 102 101 101 101 101 101 100 100 100 100 100 100 99 99 98 98 99 98 98 98 98 98 97 96 95 95 95 94 95 95 95 94 94 94 94 93 93 92 92 92 91 -9999 -9999 -9999 -9999 -9999 -9999 -9999 -9999 -9999 -9999 -9999 -9999 -9999
106 105 105 105 105 104 103 102 103 105 105 104 105 106 106 106 106 105 105 104 104 104 103 103 102 103 103 104 104 104 104 103 103 103 102 102 103 102 102 101 101 102 102 102 101 101 101 100 100 100 99 99 100 100 100 99 98 97 98 98 97 98 98 97 97 96 96 96 96 94 94 94 94 93 94 94 93 92 92 -9999 -9999 -9999 -9999 -9999 -9999 -9999 -9999 -9999 -9999 -9999 -9999 -9999 -9999 -9999 -9999 -9999
105 105 105 105 105 104 103 103 104 105 104 104 105 106 105 105 105 105 104 103 102 102 102 102 103 103 103 103 103 103 103 103 102 101 102 102 102 102 101 101 101 101 101 102 101 100 100 100 100 99 99 99 99 99 99 99 98 97 97 97 97 97 97 97 97 97 96 96 95 94 94 93 93 94 94 -9999 -9999 -9999 -9999 -9999 -9999 -9999 -9999 -9999 -9999 -9999 -9999 -9999 -9999 -9999 -9999 -9999 -9999 -9999 -9999 -9999
105 105 105 106 104 103 102 103 106 105 103 104 105 105 105 104 104 104 103 103 103 103 103 103 103 102 103 103 103 103 103 102 101 101 102 102 102 101 101 100 100 100 101 101 101 100 100 99 99 98 98 99 98 99 99 99 98 97 97 96 97 97 97 96 96 96 96 95 95 95 94 -9999 -9999 -9999 -9999 -9999 -9999 -9999 -9999 -9999 -9999 -9999 -9999 -9999 -9999 -9999 -9999 -9999 -9999 -9999 -9999 -9999 -9999 -9999 -9999 -9999
105 104 105 105 103 102 102 104 105 104 103 104 105 105 104 104 104 102 103 103 102 103 104 103 102 101 102 102 103 101 101 101 101 102 102 101 101 101 100 100 101 101 100 101 101 101 100 99 99 98 97 98 98 98 99 98 98 97 96 97 97 97 96 96 96 95 -9999 -9999 -9999 -9999 -9999 -9999 -9999 -9999 -9999 -9999 -9999 -9999 -9999 -9999 -9999 -9999 -9999 -9999 -9999 -9999 -9999 -9999 -9999 -9999 -9999 -9999 -9999 -9999 -9999 -9999
