Demos/Rbased/CrashCourse/data/climate_processing/PresentLayers/Shortia_galacifolia/elev.asc
NCOLS 523 
NROWS 122 
XLLCORNER -83.2916666667633 
YLLCORNER 34.9749999999364 
CELLSIZE 0.00833333333316142 
NODATA_value -9999 
[rows 72 to 107 of 122, columns 0 to 81 of 523]
-9999 -9999 -9999 -9999 -9999 -9999 -9999 -9999 -9999 -9999 -9999 -9999 -9999 -9999 -9999 -9999 -9999 -9999 -9999 -9999 -9999 -9999 -9999 -9999 -9999 -9999 -9999 -9999 -9999 -9999 -9999 -9999 -9999 -9999 -9999 -9999 -9999 -9999 -9999 -9999 -9999 -9999 -9999 -9999 -9999 -9999 -9999 -9999 -9999 -9999 -9999 -9999 -9999 -9999 -9999 -9999 -9999 -9999 -9999 -9999 -9999 1479 1360 1215 1109 1076 1075 1056 1014 1030 1011 987 953 966 1022 912 810 835 786 748 694 683
-9999 -9999 -9999 -9999 -9999 -9999 -9999 -9999 -9999 -9999 -9999 -9999 -9999 -9999 -9999 -9999 -9999 -9999 -9999 -9999 -9999 -9999 -9999 -9999 -9999 -9999 -9999 -9999 -9999 -9999 -9999 -9999 -9999 -9999 -9999 -9999 -9999 -9999 -9999 -9999 -9999 -9999 -9999 -9999 -9999 -9999 -9999 -9999 -9999 -9999 -9999 -9999 -9999 -9999 -9999 -9999 -9999 -9999 -9999 -9999 1406 1325 1199 1113 1016 1010 1007 1055 1075 1051 1008 997 955 890 922 872 799 762 746 758 705 677
-9999 -9999 -9999 -9999 -9999 -9999 -9999 -9999 -9999 -9999 -9999 -9999 -9999 -9999 -9999 -9999 -9999 -9999 -9999 -9999 -9999 -9999 -9999 -9999 -9999 -9999 -9999 -9999 -9999 -9999 -9999 -9999 -9999 -9999 -9999 -9999 -9999 -9999 -9999 -9999 -9999 -9999 -9999 -9999 -9999 -9999 -9999 -9999 -9999 -9999 -9999 -9999 -9999 -9999 -9999 -9999 -9999 -9999 1180 1274 1291 1140 1050 1015 999 992 1018 1124 1228 1111 1101 1104 973 847 801 821 863 769 703 707 747 764
-9999 -9999 -9999 -9999 -9999 -9999 -9999 -9999 -9999 -9999 -9999 -9999 -9999 -9999 -9999 -9999 -9999 -9999 -9999 -9999 -9999 -9999 -9999 -9999 -9999 -9999 -9999 -9999 -9999 -9999 -9999 -9999 -9999 -9999 -9999 -9999 -9999 -9999 -9999 -9999 -9999 -9999 -9999 -9999 -9999 -9999 -9999 -9999 -9999 -9999 -9999 -9999 -9999 -9999 -9999 -9999 1127 1158 1382 1401 1229 1059 1007 993 998 1020 1025 1160 1211 1078 997 1036 905 857 835 773 800 790 719 828 909 793
-9999 -9999 -9999 -9999 -9999 -9999 -9999 -9999 -9999 -9999 -9999 -9999 -9999 -9999 -9999 -9999 -9999 -9999 -9999 -9999 -9999 -9999 -9999 -9999 -9999 -9999 -9999 -9999 -9999 -9999 -9999 -9999 -9999 -9999 -9999 -9999 -9999 -9999 -9999 -9999 -9999 -9999 -9999 -9999 -9999 -9999 -9999 -9999 -9999 -9999 -9999 -9999 -9999 -9999 -9999 1309 1143 1205 1410 1342 1186 1026 1010 1038 1119 1054 987 1073 1061 1040 946 1014 961 927 852 807 775 746 757 850 737 691
-9999 -9999 -9999 -9999 -9999 -9999 -9999 -9999 -9999 -9999 -9999 -9999 -9999 -9999 -9999 -9999 -9999 -9999 -9999 -9999 -9999 -9999 -9999 -9999 -9999 -9999 -9999 -9999 -9999 -9999 -9999 -9999 -9999 -9999 -9999 -9999 -9999 -9999 -9999 -9999 -9999 -9999 -9999 -9999 -9999 -9999 -9999 -9999 -9999 -9999 -9999 -9999 -9999 1558 1505 1333 1195 1325 1285 1116 1027 1041 1114 1143 1136 1027 977 967 1021 1012 907 866 896 873 809 786 813 864 835 713 667 662
-9999 -9999 -9999 -9999 -9999 -9999 -9999 -9999 -9999 -9999 -9999 -9999 -9999 -9999 -9999 -9999 -9999 -9999 -9999 -9999 -9999 -9999 -9999 -9999 -9999 -9999 -9999 -9999 -9999 -9999 -9999 -9999 -9999 -9999 -9999 -9999 -9999 -9999 -9999 -9999 -9999 -9999 -9999 -9999 -9999 -9999 -9999 -9999 -9999 -9999 -9999 1676 1606 1568 1457 1345 1260 1264 1119 1009 994 1124 1102 999 1015 1138 1082 1028 953 933 882 899 831 809 812 823 787 789 709 674 702 693
-9999 -9999 -9999 -9999 -9999 -9999 -9999 -9999 -9999 -9999 -9999 -9999 -9999 -9999 -9999 -9999 -9999 -9999 -9999 -9999 -9999 -9999 -9999 -9999 -9999 -9999 -9999 -9999 -9999 -9999 -9999 -9999 -9999 -9999 -9999 -9999 -9999 -9999 -9999 -9999 -9999 -9999 -9999 -9999 -9999 -9999 -9999 -9999 -9999 -9999 1755 1636 1584 1491 1454 1349 1333 1199 1067 996 985 1121 937 893 919 985 1154 1150 1038 992 939 945 902 885 924 796 746 698 682 692 686 677
-9999 -9999 -9999 -9999 -9999 -9999 -9999 -9999 -9999 -9999 -9999 -9999 -9999 -9999 -9999 -9999 -9999 -9999 -9999 -9999 -9999 -9999 -9999 -9999 -9999 -9999 -9999 -9999 -9999 -9999 -9999 -9999 -9999 -9999 -9999 -9999 -9999 -9999 -9999 -9999 -9999 -9999 -9999 -9999 -9999 -9999 -9999 -9999 1711 1776 1716 1607 1572 1538 1466 1355 1184 1048 972 926 939 1018 1020 899 837 873 1036 1082 1077 942 887 898 843 865 817 724 697 719 710 706 672 668
-9999 -9999 -9999 -9999 -9999 -9999 -9999 -9999 -9999 -9999 -9999 -9999 -9999 -9999 -9999 -9999 -9999 -9999 -9999 -9999 -9999 -9999 -9999 -9999 -9999 -9999 -9999 -9999 -9999 -9999 -9999 -9999 -9999 -9999 -9999 -9999 -9999 -9999 -9999 -9999 -9999 -9999 -9999 -9999 -9999 -9999 1608 1720 1764 1735 1636 1554 1427 1357 1298 1270 1068 1022 969 944 894 892 916 980 832 796 892 995 951 889 819 920 908 815 744 695 717 702 668 668 670 654
-9999 -9999 -9999 -9999 -9999 -9999 -9999 -9999 -9999 -9999 -9999 -9999 -9999 -9999 -9999 -9999 -9999 -9999 -9999 -9999 -9999 -9999 -9999 -9999 -9999 -9999 -9999 -9999 -9999 -9999 -9999 -9999 -9999 -9999 -9999 -9999 -9999 -9999 -9999 -9999 -9999 -9999 -9999 -9999 -9999 1609 1620 1665 1632 1572 1422 1319 1263 1155 1167 1067 964 976 923 1022 998 855 823 900 887 840 805 954 905 838 806 869 866 776 734 780 775 726 670 653 642 646
-9999 -9999 -9999 -9999 -9999 -9999 -9999 -9999 -9999 -9999 -9999 -9999 -9999 -9999 -9999 -9999 -9999 -9999 -9999 -9999 -9999 -9999 -9999 -9999 -9999 -9999 -9999 -9999 -9999 -9999 -9999 -9999 -9999 -9999 -9999 -9999 -9999 -9999 -9999 -9999 -9999 -9999 -9999 1569 1663 1568 1451 1456 1406 1389 1363 1202 1076 1007 1041 974 934 905 883 904 986 857 767 798 909 883 774 853 838 852 788 800 753 763 766 736 729 750 734 680 648 674
-9999 -9999 -9999 -9999 -9999 -9999 -9999 -9999 -9999 -9999 -9999 -9999 -9999 -9999 -9999 -9999 -9999 -9999 -9999 -9999 -9999 -9999 -9999 -9999 -9999 -9999 -9999 -9999 -9999 -9999 -9999 -9999 -9999 -9999 -9999 -9999 -9999 -9999 -9999 -9999 -9999 1346 1328 1409 1557 1450 1295 1296 1289 1261 1361 1327 1219 1033 918 877 866 862 814 812 775 757 808 765 771 740 719 723 746 822 793 711 704 766 732 686 747 816 792 677 645 734
-9999 -9999 -9999 -9999 -9999 -9999 -9999 -9999 -9999 -9999 -9999 -9999 -9999 -9999 -9999 -9999 -9999 -9999 -9999 -9999 -9999 -9999 -9999 -9999 -9999 -9999 -9999 -9999 -9999 -9999 -9999 -9999 -9999 -9999 -9999 -9999 -9999 -9999 -9999 -9999 1289 1292 1266 1313 1447 1306 1207 1161 1169 1194 1353 1346 1182 1018 921 907 863 826 825 802 863 812 894 865 767 863 852 745 689 711 718 684 680 698 702 699 682 795 765 645 689 790
-9999 -9999 -9999 -9999 -9999 -9999 -9999 -9999 -9999 -9999 -9999 -9999 -9999 -9999 -9999 -9999 -9999 -9999 -9999 -9999 -9999 -9999 -9999 -9999 -9999 -9999 -9999 -9999 -9999 -9999 -9999 -9999 -9999 -9999 -9999 -9999 -9999 -9999 1124 1158 1209 1321 1268 1299 1331 1224 1186 1087 1077 1198 1392 1376 1182 1006 957 946 922 879 899 874 935 984 1025 921 914 831 773 731 731 700 656 662 659 660 664 656 646 652 647 647 796 848
-9999 -9999 -9999 -9999 -9999 -9999 -9999 -9999 -9999 -9999 -9999 -9999 -9999 -9999 -9999 -9999 -9999 -9999 -9999 -9999 -9999 -9999 -9999 -9999 -9999 -9999 -9999 -9999 -9999 -9999 -9999 -9999 -9999 -9999 -9999 -9999 1125 1168 1101 1184 1268 1247 1208 1213 1252 1133 1128 1103 1033 1194 1275 1167 1007 1017 1019 1025 1014 919 995 1040 1043 1024 1003 898 851 849 784 785 710 665 648 647 674 654 640 637 638 640 654 692 844 883
-9999 -9999 -9999 -9999 -9999 -9999 -9999 -9999 -9999 -9999 -9999 -9999 -9999 -9999 -9999 -9999 -9999 -9999 -9999 -9999 -9999 -9999 -9999 -9999 -9999 -9999 -9999 -9999 -9999 -9999 -9999 -9999 -9999 -9999 -9999 1164 1114 1110 1047 1203 1333 1237 1174 1307 1256 1156 1074 1040 1007 1085 1111 997 943 1020 1022 993 990 1005 1099 1070 1114 1041 939 872 798 783 778 707 670 658 644 645 658 643 660 673 661 651 642 672 784 878
-9999 -9999 -9999 -9999 -9999 -9999 -9999 -9999 -9999 -9999 -9999 -9999 -9999 -9999 -9999 -9999 -9999 -9999 -9999 -9999 -9999 -9999 -9999 -9999 -9999 -9999 -9999 -9999 -9999 -9999 -9999 -9999 -9999 1105 1174 1106 1024 1032 1113 1251 1220 1152 1239 1387 1332 1288 1224 1079 954 964 956 953 932 1031 1019 980 982 1053 987 1059 1006 980 891 816 773 737 703 673 658 648 640 685 704 722 786 820 749 689 641 659 713 751
-9999 -9999 -9999 -9999 -9999 -9999 -9999 -9999 -9999 -9999 -9999 -9999 -9999 -9999 -9999 -9999 -9999 -9999 -9999 -9999 -9999 -9999 -9999 -9999 -9999 -9999 -9999 -9999 -9999 -9999 -9999 1013 1028 1040 1076 1057 984 1085 1195 1127 1107 1199 1293 1321 1199 1105 1085 1050 969 918 921 918 926 997 1026 985 941 988 943 1097 980 880 817 768 726 689 675 659 649 641 645 660 695 744 837 840 717 662 645 649 661 667
-9999 -9999 -9999 -9999 -9999 -9999 -9999 -9999 -9999 -9999 -9999 -9999 -9999 -9999 -9999 -9999 -9999 -9999 -9999 -9999 -9999 -9999 -9999 -9999 -9999 -9999 -9999 -9999 -9999 833 824 870 898 990 979 966 1063 1111 1099 1063 1173 1232 1240 1164 1031 996 958 945 921 924 890 897 901 987 1029 980 959 879 873 930 923 842 823 719 692 673 668 670 659 644 675 690 731 816 886 816 702 656 663 685 731 731
-9999 -9999 -9999 -9999 -9999 -9999 -9999 -9999 -9999 -9999 -9999 -9999 -9999 -9999 -9999 -9999 -9999 -9999 -9999 -9999 -9999 -9999 -9999 -9999 -9999 -9999 -9999 -9999 1033 921 961 920 851 882 951 978 1058 1074 1025 1102 1133 1177 1106 1042 959 942 928 909 903 904 900 890 872 961 1061 1058 976 893 850 793 839 789 791 712 711 673 658 651 662 669 673 742 740 774 869 887 824 736 707 717 785 795
-9999 -9999 -9999 -9999 -9999 -9999 -9999 -9999 -9999 -9999 -9999 -9999 -9999 -9999 -9999 -9999 -9999 -9999 -9999 -9999 -9999 -9999 -9999 -9999 -9999 -9999 1218 1210 1062 980 1012 1026 973 936 969 997 1061 1076 1043 1149 1123 992 968 971 980 982 988 951 938 895 849 854 865 935 998 994 950 956 928 844 758 745 739 699 703 687 671 692 650 675 731 809 814 765 822 916 845 803 721 722 754 753
-9999 -9999 -9999 -9999 -9999 -9999 -9999 -9999 -9999 -9999 -9999 -9999 -9999 -9999 -9999 -9999 -9999 -9999 -9999 -9999 -9999 -9999 -9999 -9999 1270 1312 1261 1180 1106 1052 1090 1058 1101 1066 1074 1035 1101 1148 1167 1168 1148 1031 980 933 920 938 919 918 886 871 871 865 850 892 928 918 888 892 855 813 725 691 685 694 725 676 651 663 649 694 800 880 928 893 840 835 798 755 733 739 722 745
-9999 -9999 -9999 -9999 -9999 -9999 -9999 -9999 -9999 -9999 -9999 -9999 -9999 -9999 -9999 -9999 -9999 -9999 -9999 -9999 -9999 -9999 -9999 1257 1288 1223 1172 1170 1104 1137 1150 1145 1185 1151 1131 1046 1041 1088 1158 1085 985 990 982 940 861 885 884 888 914 900 882 833 831 861 920 892 871 827 799 729 698 668 668 690 712 691 668 664 666 787 808 825 845 955 961 870 816 782 813 805 770 776
-9999 -9999 -9999 -9999 -9999 -9999 -9999 -9999 -9999 -9999 -9999 -9999 -9999 -9999 -9999 -9999 -9999 -9999 -9999 -9999 -9999 1265 1292 1344 1267 1180 1190 1129 1172 1198 1168 1214 1214 1203 1154 1083 1121 1057 951 910 873 880 906 896 862 843 857 884 884 968 913 889 830 867 903 916 832 769 748 698 669 668 662 695 658 657 667 658 745 882 904 900 925 981 984 962 878 860 843 813 789 786
-9999 -9999 -9999 -9999 -9999 -9999 -9999 -9999 -9999 -9999 -9999 -9999 -9999 -9999 -9999 -9999 -9999 -9999 -9999 1123 1177 1213 1302 1348 1315 1198 1158 1166 1249 1233 1183 1277 1257 1181 1115 1201 1241 1187 1134 1067 920 912 906 876 880 840 838 847 871 957 947 906 856 801 861 837 793 735 699 689 658 690 687 662 651 665 708 782 839 907 937 990 1046 1075 973 943 917 891 875 857 809 797
-9999 -9999 -9999 -9999 -9999 -9999 -9999 -9999 -9999 -9999 -9999 -9999 -9999 -9999 -9999 -9999 -9999 1079 1074 1112 1209 1156 1296 1293 1305 1247 1198 1220 1233 1247 1246 1261 1207 1163 1157 1202 1284 1275 1256 1109 993 987 999 982 937 942 877 823 823 866 885 904 872 791 839 802 731 710 671 665 663 711 742 685 715 687 733 887 891 891 934 980 950 994 937 900 891 888 851 832 851 845
-9999 -9999 -9999 -9999 -9999 -9999 -9999 -9999 -9999 -9999 -9999 -9999 -9999 -9999 -9999 -9999 1122 1095 1090 1080 1130 1145 1211 1210 1256 1305 1262 1309 1298 1205 1179 1166 1140 1185 1181 1228 1268 1220 1172 1125 1086 1011 989 972 980 956 877 914 910 843 863 861 869 826 775 756 736 684 670 663 681 768 803 759 788 855 863 841 865 890 926 931 921 937 960 904 868 872 871 840 876 899
-9999 -9999 -9999 -9999 -9999 -9999 -9999 -9999 -9999 -9999 -9999 -9999 -9999 -9999 1241 1160 1115 1120 1162 1088 1119 1154 1158 1183 1232 1284 1236 1170 1298 1217 1222 1189 1218 1213 1188 1217 1229 1195 1027 1011 1056 1009 979 949 991 959 952 917 898 857 823 839 793 775 729 758 724 684 678 680 740 773 780 823 862 908 880 908 903 890 880 892 903 890 931 899 858 856 864 835 857 889
-9999 -9999 -9999 -9999 -9999 -9999 -9999 -9999 -9999 -9999 -9999 -9999 1275 1250 1243 1205 1154 1141 1149 1120 1125 1210 1201 1239 1236 1224 1119 1040 1181 1202 1228 1233 1220 1261 1269 1250 1282 1274 1086 958 942 953 966 935 1000 1001 960 901 841 828 823 799 783 750 715 700 704 681 693 713 772 764 749 776 803 883 904 920 909 907 906 909 864 851 861 871 847 837 845 891 932 909
-9999 -9999 -9999 -9999 -9999 -9999 -9999 -9999 -9999 -9999 1272 1367 1431 1287 1242 1195 1176 1140 1205 1170 1158 1180 1308 1317 1212 1115 1070 1006 1157 1120 1188 1202 1146 1276 1286 1303 1315 1313 1190 999 952 930 947 940 939 922 864 869 835 809 821 797 731 735 742 728 680 669 693 738 743 731 723 758 778 878 897 938 936 919 926 949 908 918 911 902 873 877 895 911 925 929
-9999 -9999 -9999 -9999 -9999 -9999 -9999 -9999 -9999 1169 1195 1293 1358 1228 1206 1166 1146 1159 1200 1184 1137 1213 1209 1161 1108 1046 1031 993 1014 1003 1055 1127 1058 1030 1094 1193 1288 1353 1113 1005 947 940 928 927 920 870 854 856 840 837 811 753 790 823 748 724 703 723 724 718 746 744 736 743 840 888 871 893 916 962 940 930 936 957 935 921 934 925 916 913 882 826
-9999 -9999 -9999 -9999 -9999 -9999 -9999 1175 1189 1163 1203 1217 1257 1275 1203 1173 1147 1175 1227 1185 1185 1143 1103 1074 1092 1098 1096 1094 975 986 990 1011 1032 988 966 1003 1043 1050 1055 1000 985 957 942 882 878 851 858 843 857 835 763 781 764 818 795 768 717 860 814 780 835 823 766 737 802 830 886 860 893 920 886 929 947 947 951 955 945 914 893 877 789 692
-9999 -9999 -9999 -9999 -9999 1068 1195 1246 1241 1285 1291 1353 1351 1400 1261 1185 1174 1204 1184 1190 1176 1099 1074 1093 1118 1134 1196 1140 992 1024 1031 977 976 978 967 946 939 937 974 958 964 963 946 830 845 849 847 851 773 737 737 686 679 766 849 849 764 780 839 840 863 879 826 756 793 776 792 794 795 810 868 959 939 926 944 917 907 875 905 900 869 879
-9999 -9999 -9999 -9999 1024 1042 1100 1150 1217 1258 1295 1305 1278 1326 1313 1276 1211 1147 1093 1060 1062 1071 1072 1082 1100 1080 1142 1207 1171 1111 1063 1006 1046 1012 1001 967 929 922 933 979 959 938 863 769 747 809 839 745 682 684 679 644 653 687 835 874 835 862 814 830 902 847 830 817 812 828 799 798 811 836 882 926 934 928 913 871 727 595 633 800 882 808
-9999 -9999 -9999 935 1095 1200 1152 1221 1270 1292 1256 1234 1213 1221 1232 1317 1301 1207 1067 1039 971 1072 1097 1073 1077 1068 1087 1185 1143 1179 1098 1029 1141 1071 1073 1013 947 923 927 924 944 885 823 745 603 685 654 595 642 651 630 625 633 676 794 933 890 881 880 870 941 869 807 839 801 824 888 950 945 889 909 977 949 947 853 790 741 596 489 550 687 717
