Demos/Rbased/CrashCourse/data/climate_processing/PresentLayers/Shortia_galacifolia/elev.asc
NCOLS 212 
NROWS 170 
XLLCORNER -83.691666666421 
YLLCORNER 34.5083333333333 
CELLSIZE 0.00833333333316012 
NODATA_value -9999 
[rows 0 to 39 of 170, columns 0 to 88 of 212]
-9999.000000000000000 -9999 -9999 -9999 -9999 -9999 -9999 -9999 -9999 -9999 -9999 -9999 -9999 -9999 -9999 -9999 -9999 -9999 -9999 -9999 -9999 -9999 -9999 -9999 -9999 -9999 -9999 -9999 -9999 -9999 -9999 -9999 -9999 -9999 -9999 -9999 -9999 -9999 -9999 -9999 -9999 -9999 -9999 -9999 -9999 -9999 -9999 -9999 -9999 -9999 -9999 -9999 -9999 -9999 -9999 -9999 -9999 -9999 -9999 -9999 -9999 -9999 -9999 -9999 -9999 -9999 -9999 -9999 -9999 -9999 -9999 -9999 -9999 -9999 -9999 -9999 -9999 -9999 -9999 -9999 -9999 -9999 -9999 -9999 -9999 -9999 -9999 -9999 -9999
-9999 -9999 -9999 -9999 -9999 -9999 -9999 -9999 -9999 -9999 -9999 -9999 -9999 -9999 -9999 -9999 -9999 -9999 -9999 -9999 -9999 -9999 -9999 -9999 -9999 -9999 -9999 -9999 -9999 -9999 -9999 -9999 -9999 -9999 -9999 -9999 -9999 -9999 -9999 -9999 -9999 -9999 -9999 -9999 -9999 -9999 -9999 -9999 -9999 -9999 -9999 -9999 -9999 -9999 -9999 -9999 -9999 -9999 -9999 -9999 -9999 -9999 -9999 -9999 -9999 -9999 -9999 -9999 -9999 -9999 -9999 -9999 -9999 -9999 -9999 -9999 -9999 -9999 -9999 -9999 -9999 -9999 -9999 -9999 -9999 -9999 -9999 -9999 -9999
-9999 -9999 -9999 -9999 -9999 -9999 -9999 -9999 -9999 -9999 -9999 -9999 -9999 -9999 -9999 -9999 -9999 -9999 -9999 -9999 -9999 -9999 -9999 -9999 -9999 -9999 -9999 -9999 -9999 -9999 -9999 -9999 -9999 -9999 -9999 -9999 -9999 -9999 -9999 -9999 -9999 -9999 -9999 -9999 -9999 -9999 -9999 -9999 -9999 -9999 -9999 -9999 -9999 -9999 -9999 -9999 -9999 -9999 -9999 -9999 -9999 -9999 -9999 -9999 -9999 -9999 -9999 -9999 -9999 -9999 -9999 -9999 -9999 -9999 -9999 -9999 -9999 -9999 -9999 -9999 -9999 -9999 -9999 -9999 -9999 -9999 -9999 -9999 -9999
-9999 -9999 -9999 -9999 -9999 -9999 -9999 -9999 -9999 -9999 -9999 -9999 -9999 -9999 -9999 -9999 -9999 -9999 -9999 -9999 -9999 -9999 -9999 -9999 -9999 -9999 -9999 -9999 -9999 -9999 -9999 -9999 -9999 -9999 -9999 -9999 -9999 -9999 -9999 -9999 -9999 -9999 -9999 -9999 -9999 -9999 -9999 -9999 -9999 -9999 -9999 -9999 -9999 -9999 -9999 -9999 -9999 -9999 -9999 -9999 -9999 -9999 -9999 -9999 -9999 -9999 -9999 -9999 -9999 -9999 -9999 -9999 -9999 -9999 -9999 -9999 -9999 -9999 -9999 -9999 -9999 -9999 -9999 -9999 -9999 -9999 -9999 -9999 -9999
-9999 -9999 -9999 -9999 -9999 -9999 -9999 -9999 -9999 -9999 -9999 -9999 -9999 -9999 -9999 -9999 -9999 -9999 -9999 -9999 -9999 -9999 -9999 -9999 -9999 -9999 -9999 -9999 -9999 -9999 -9999 -9999 -9999 -9999 -9999 -9999 -9999 -9999 -9999 -9999 -9999 -9999 -9999 -9999 -9999 -9999 -9999 -9999 -9999 -9999 -9999 -9999 -9999 -9999 -9999 -9999 -9999 -9999 -9999 -9999 -9999 -9999 -9999 -9999 -9999 -9999 -9999 -9999 -9999 -9999 -9999 -9999 -9999 -9999 -9999 -9999 -9999 -9999 -9999 -9999 -9999 -9999 -9999 -9999 -9999 -9999 -9999 -9999 -9999
-9999 -9999 -9999 -9999 -9999 -9999 -9999 -9999 -9999 -9999 -9999 -9999 -9999 -9999 -9999 -9999 -9999 -9999 -9999 -9999 -9999 -9999 -9999 -9999 -9999 -9999 -9999 -9999 -9999 -9999 -9999 -9999 -9999 -9999 -9999 -9999 -9999 -9999 -9999 -9999 -9999 -9999 -9999 -9999 -9999 -9999 -9999 -9999 -9999 -9999 -9999 -9999 -9999 -9999 -9999 -9999 -9999 -9999 -9999 -9999 -9999 -9999 -9999 -9999 -9999 -9999 -9999 -9999 -9999 -9999 -9999 -9999 -9999 -9999 -9999 -9999 -9999 -9999 -9999 -9999 -9999 -9999 -9999 -9999 -9999 -9999 -9999 -9999 -9999
-9999 -9999 -9999 -9999 -9999 -9999 -9999 -9999 -9999 -9999 -9999 -9999 -9999 -9999 -9999 -9999 -9999 -9999 -9999 -9999 -9999 -9999 -9999 -9999 -9999 -9999 -9999 -9999 -9999 -9999 -9999 -9999 -9999 -9999 -9999 -9999 -9999 -9999 -9999 -9999 -9999 -9999 -9999 -9999 -9999 -9999 -9999 -9999 -9999 -9999 -9999 -9999 -9999 -9999 -9999 -9999 -9999 -9999 -9999 -9999 -9999 -9999 -9999 -9999 -9999 -9999 -9999 -9999 -9999 -9999 -9999 -9999 -9999 -9999 -9999 -9999 -9999 -9999 -9999 -9999 -9999 -9999 -9999 -9999 -9999 -9999 -9999 -9999 -9999
-9999 -9999 -9999 -9999 -9999 -9999 -9999 -9999 -9999 -9999 -9999 -9999 -9999 -9999 -9999 -9999 -9999 -9999 -9999 -9999 -9999 -9999 -9999 -9999 -9999 -9999 -9999 -9999 -9999 -9999 -9999 -9999 -9999 -9999 -9999 -9999 -9999 -9999 -9999 -9999 -9999 -9999 -9999 -9999 -9999 -9999 -9999 -9999 -9999 -9999 -9999 -9999 -9999 -9999 -9999 -9999 -9999 -9999 -9999 -9999 -9999 -9999 -9999 -9999 -9999 -9999 -9999 -9999 -9999 -9999 -9999 -9999 -9999 -9999 -9999 -9999 -9999 -9999 560 541 570 559 499 512 553 667 836 994 909
-9999 -9999 -9999 -9999 -9999 -9999 -9999 -9999 -9999 -9999 -9999 -9999 -9999 -9999 -9999 -9999 -9999 -9999 -9999 -9999 -9999 -9999 -9999 -9999 -9999 -9999 -9999 -9999 -9999 -9999 -9999 -9999 -9999 -9999 -9999 -9999 -9999 -9999 -9999 -9999 -9999 -9999 -9999 -9999 -9999 -9999 -9999 -9999 -9999 -9999 -9999 -9999 -9999 -9999 -9999 -9999 -9999 -9999 -9999 -9999 -9999 -9999 -9999 -9999 -9999 834 757 653 621 593 560 573 628 723 748 707 666 664 669 614 564 568 578 548 596 710 890 1088 1061
-9999 -9999 -9999 -9999 -9999 -9999 -9999 -9999 -9999 -9999 -9999 -9999 -9999 -9999 -9999 -9999 -9999 -9999 -9999 -9999 -9999 -9999 -9999 -9999 -9999 -9999 -9999 -9999 -9999 -9999 -9999 -9999 -9999 -9999 -9999 -9999 -9999 -9999 -9999 -9999 -9999 -9999 -9999 -9999 -9999 -9999 -9999 -9999 -9999 -9999 -9999 403 431 455 436 416 382 431 438 438 370 403 518 687 810 661 597 563 601 606 573 568 605 627 628 702 818 755 671 635 587 594 630 611 623 735 960 1180 1124
-9999 -9999 -9999 -9999 -9999 -9999 -9999 -9999 -9999 -9999 -9999 -9999 -9999 -9999 -9999 -9999 -9999 -9999 -9999 -9999 -9999 -9999 -9999 -9999 -9999 -9999 -9999 -9999 -9999 -9999 -9999 -9999 -9999 -9999 -9999 397 366 413 471 494 460 439 423 407 432 464 452 415 431 447 452 471 447 456 406 399 409 450 426 414 427 390 566 760 782 614 531 510 550 588 651 601 629 702 733 708 768 743 680 683 648 642 668 675 695 756 854 977 976
-9999 -9999 -9999 -9999 -9999 -9999 -9999 -9999 -9999 -9999 -9999 -9999 -9999 -9999 -9999 -9999 -9999 -9999 -9999 -9999 -9999 351 343 327 328 306 335 394 429 382 377 364 364 416 447 398 358 415 435 460 411 445 438 390 388 402 400 404 414 443 474 451 420 405 439 479 478 477 495 588 567 461 676 721 659 535 480 491 514 620 642 621 662 769 754 696 691 746 787 813 757 674 739 871 968 986 993 913 1002
-9999 -9999 -9999 -9999 -9999 -9999 -9999 -9999 -9999 -9999 -9999 -9999 -9999 -9999 -9999 -9999 -9999 331 314 331 339 352 338 337 346 347 373 372 382 341 351 373 441 468 433 475 400 389 378 379 379 400 406 417 422 434 475 505 480 510 461 458 422 418 541 679 657 665 700 673 537 469 614 519 441 417 438 482 555 602 668 655 648 675 715 777 724 699 799 980 938 863 928 1098 1215 1215 1083 962 1124
-9999 -9999 -9999 -9999 -9999 -9999 -9999 -9999 -9999 -9999 -9999 -9999 -9999 -9999 -9999 338 339 339 316 372 412 361 365 376 444 507 504 385 381 351 347 339 395 394 436 429 422 440 428 432 453 471 530 497 427 424 427 456 450 486 485 461 454 445 631 692 634 677 734 688 612 459 448 479 547 435 514 606 622 678 691 658 640 659 697 746 881 857 763 822 850 940 982 1003 1076 1189 1101 1082 1220
-9999 -9999 -9999 -9999 -9999 -9999 -9999 -9999 -9999 -9999 -9999 -9999 -9999 305 308 339 353 350 324 351 364 407 464 498 541 447 397 349 351 371 391 379 403 448 459 455 455 469 473 486 485 492 487 485 480 516 513 484 491 508 485 516 486 462 506 500 487 524 554 517 475 484 532 577 560 550 476 532 608 766 799 718 705 728 747 788 924 980 878 810 888 875 916 965 1084 1172 1172 1238 1298
-9999 -9999 -9999 -9999 -9999 -9999 -9999 -9999 -9999 -9999 -9999 -9999 304 328 312 310 331 343 340 355 442 485 496 524 448 386 369 364 381 409 418 396 393 411 457 477 513 562 558 561 586 576 566 580 573 594 515 514 516 495 517 529 489 506 464 501 526 509 526 510 500 531 547 591 650 611 580 490 511 540 658 721 807 900 941 973 1061 1066 966 885 904 886 913 949 1025 1097 1181 1309 1329
-9999 -9999 -9999 -9999 -9999 -9999 -9999 -9999 -9999 -9999 -9999 465 413 349 332 317 315 334 342 347 382 371 388 393 394 384 400 398 405 430 449 450 441 411 433 542 616 677 733 770 804 815 764 736 720 632 531 510 543 531 564 588 523 529 517 501 545 532 540 553 585 637 712 764 713 671 602 592 556 499 596 663 852 984 1083 1135 1205 1213 1105 981 892 953 978 1008 1101 1213 1256 1264 1244
-9999 -9999 -9999 -9999 -9999 -9999 -9999 -9999 -9999 -9999 394 447 488 413 375 352 329 321 344 363 396 396 387 425 416 403 411 422 429 442 497 491 496 506 430 504 556 627 669 690 717 692 695 644 599 561 543 526 559 603 604 575 558 545 550 568 563 552 574 601 678 760 822 895 1010 889 747 653 606 556 516 624 738 795 901 1004 1141 1123 1030 897 944 1036 1078 1062 1180 1236 1141 1163 1162
-9999 -9999 -9999 -9999 -9999 -9999 -9999 -9999 -9999 -9999 419 420 428 417 459 422 363 341 368 379 396 410 434 447 443 423 463 492 482 471 489 516 533 520 450 504 549 556 593 602 589 592 581 594 600 606 599 600 586 602 592 606 630 601 642 789 670 586 628 671 789 892 989 1094 1102 939 824 815 773 636 561 564 555 649 855 924 1049 966 858 821 907 1017 1127 1076 1066 1080 992 1036 1200
-9999 -9999 -9999 -9999 -9999 -9999 -9999 -9999 -9999 474 429 454 450 454 398 383 434 416 416 401 382 432 452 483 478 488 500 493 514 492 507 530 532 505 457 477 485 486 491 498 501 500 516 529 547 567 597 640 685 656 667 732 779 821 795 837 705 646 697 768 889 1097 1222 1386 1224 1076 943 819 750 619 530 593 640 594 668 786 842 827 715 757 930 1004 1063 944 895 891 957 1149 1284
-9999 -9999 -9999 -9999 -9999 -9999 -9999 -9999 -9999 485 453 445 471 437 408 407 431 409 453 437 397 470 496 520 556 583 573 526 524 510 504 526 478 419 432 431 436 445 469 485 519 548 583 642 678 643 689 734 755 744 784 877 898 942 1011 910 791 734 729 865 1010 1098 1322 1426 1266 1111 987 899 774 617 615 664 640 692 579 644 624 642 633 696 857 956 871 851 909 978 1100 1231 1261
-9999 -9999 -9999 -9999 -9999 -9999 -9999 -9999 447 485 571 570 483 453 423 429 429 472 504 475 408 462 516 588 631 604 565 527 513 521 505 506 463 440 486 451 468 476 467 521 610 655 713 748 796 785 923 883 860 863 972 1054 1076 1101 1216 1135 943 900 905 948 1209 1336 1433 1264 1153 1093 1037 908 695 636 715 753 660 674 708 747 818 831 658 699 766 809 775 878 1020 1129 1231 1206 1228
-9999 -9999 -9999 -9999 -9999 -9999 -9999 -9999 431 444 490 638 652 540 469 482 549 615 524 459 395 454 532 563 538 543 532 522 530 515 508 487 472 456 522 504 510 545 552 629 720 798 858 951 914 933 1058 1071 1077 984 1135 1302 1379 1430 1440 1288 1134 1215 1161 1110 1211 1298 1243 1177 968 887 840 752 827 842 900 872 723 760 736 834 972 870 676 650 669 729 879 1048 1045 1037 1126 1084 1175
-9999 -9999 -9999 -9999 -9999 -9999 -9999 -9999 451 462 497 636 690 559 604 667 690 560 537 544 450 469 529 496 484 507 490 509 526 525 553 545 568 529 483 548 579 615 674 818 892 945 999 1084 1096 1138 1275 1339 1234 1205 1205 1333 1488 1657 1644 1514 1420 1382 1316 1395 1461 1368 1162 984 965 1074 981 1015 1043 1109 1116 1062 860 844 829 983 1035 866 742 700 710 893 1018 956 880 941 1021 1134 1244
-9999 -9999 -9999 -9999 -9999 -9999 -9999 -9999 487 510 543 661 761 781 790 700 618 621 634 587 529 448 441 465 518 535 572 619 600 589 598 641 674 576 564 514 537 619 686 859 1105 1248 1289 1340 1306 1301 1439 1511 1365 1443 1425 1549 1745 1743 1643 1517 1399 1353 1273 1354 1233 1294 1125 986 1160 1252 1205 1147 1262 1327 1250 1049 930 913 906 1068 988 797 665 708 727 789 841 824 955 1047 1187 1233 1157
-9999 -9999 -9999 -9999 -9999 -9999 -9999 -9999 613 636 722 812 975 930 815 773 755 693 606 538 465 420 494 540 606 626 658 737 661 699 676 760 685 655 649 607 572 562 666 836 1011 1107 1103 1146 1086 1145 1362 1538 1676 1696 1689 1785 1881 1713 1498 1394 1332 1269 1246 1220 1144 1104 1073 1011 1213 1349 1382 1347 1489 1486 1246 1073 1019 1043 980 1000 874 829 717 764 875 916 861 861 965 1129 1214 1273 1113
-9999 -9999 -9999 -9999 -9999 -9999 -9999 -9999 737 879 1000 1075 1022 948 903 892 818 729 617 499 465 476 545 622 670 716 695 745 814 830 807 913 770 743 676 666 606 585 636 668 740 810 865 938 1105 1220 1323 1436 1558 1621 1731 1864 1860 1641 1506 1514 1485 1496 1478 1425 1199 1095 1209 1189 1147 1350 1507 1596 1669 1450 1254 1137 1133 1040 1069 994 834 717 727 795 946 969 1088 1088 1119 1114 1049 1140 1050
-9999 -9999 -9999 -9999 -9999 -9999 -9999 -9999 832 1104 1155 1141 1123 1077 990 929 862 705 584 502 554 540 606 707 689 715 761 822 936 1068 998 986 941 842 801 754 632 668 808 892 869 931 1036 949 980 1082 1204 1339 1433 1510 1566 1664 1782 1749 1719 1727 1692 1696 1492 1314 1238 1230 1339 1351 1318 1322 1431 1609 1505 1322 1203 1149 1215 1162 1007 949 785 734 824 879 832 989 1067 1027 1022 932 895 997 916
-9999 -9999 -9999 -9999 -9999 -9999 -9999 689 870 1064 1035 1012 1035 988 841 724 651 552 477 536 614 635 643 710 797 795 856 890 957 1154 1234 1197 1062 914 781 709 771 793 843 997 1071 1088 1203 1196 1087 1194 1242 1306 1417 1618 1824 1776 1718 1743 1606 1615 1647 1734 1561 1479 1367 1422 1514 1489 1545 1535 1573 1469 1313 1210 1131 1059 1122 1128 977 844 809 832 739 762 862 905 873 856 828 838 847 941 822
-9999 -9999 -9999 -9999 -9999 -9999 -9999 819 907 993 1041 908 918 835 674 568 533 554 579 526 600 638 720 765 764 848 953 1026 1068 1121 1245 1361 1232 1054 869 856 1061 1045 935 1040 1226 1400 1528 1449 1256 1350 1504 1528 1625 1713 1717 1592 1690 1796 1628 1437 1474 1657 1744 1624 1527 1616 1738 1705 1598 1498 1450 1382 1216 1128 1147 1064 999 1021 856 823 900 848 748 765 812 773 774 787 746 761 824 802 784
-9999 -9999 -9999 -9999 -9999 -9999 -9999 692 732 881 865 773 746 773 749 650 654 709 633 566 533 608 726 830 893 967 1149 1276 1321 1323 1417 1423 1257 1105 976 920 1104 1263 1145 1223 1284 1544 1582 1445 1406 1343 1436 1610 1696 1650 1547 1522 1669 1667 1586 1368 1393 1571 1585 1535 1689 1788 1785 1664 1515 1400 1324 1458 1246 1106 1018 952 916 870 802 952 1084 862 765 760 745 735 745 748 756 814 808 874 936
-9999 -9999 -9999 -9999 -9999 -9999 -9999 677 657 666 670 677 677 753 797 836 876 783 690 657 595 650 861 1065 1189 1158 1239 1443 1604 1592 1714 1588 1398 1250 1123 1043 1078 1167 1349 1374 1527 1595 1634 1569 1564 1513 1471 1668 1609 1514 1489 1480 1664 1589 1604 1416 1261 1447 1426 1629 1643 1586 1527 1573 1468 1356 1250 1390 1253 1166 1089 998 1066 953 858 1063 1016 838 849 844 798 794 798 760 752 821 899 1032 1135
-9999 -9999 -9999 -9999 -9999 -9999 -9999 790 738 749 791 759 768 712 783 852 931 937 986 1004 805 701 899 1046 1185 1457 1610 1660 1768 1858 1898 1791 1610 1478 1272 1245 1297 1199 1341 1495 1574 1384 1429 1308 1412 1605 1640 1694 1610 1522 1415 1454 1538 1549 1502 1449 1215 1288 1498 1622 1550 1450 1364 1327 1405 1365 1202 1237 1142 1208 1102 1100 1020 902 877 1091 990 933 959 942 927 860 823 769 794 820 896 1056 1191
-9999 -9999 -9999 -9999 -9999 -9999 -9999 856 888 866 844 837 809 810 873 870 816 934 1178 1215 990 827 838 1051 1253 1321 1481 1474 1548 1587 1595 1680 1642 1484 1397 1328 1461 1289 1347 1529 1511 1396 1295 1196 1288 1467 1576 1620 1530 1466 1410 1348 1417 1460 1481 1360 1143 1333 1519 1458 1370 1343 1406 1262 1216 1254 1211 1050 1030 1098 1163 1095 1046 896 887 1032 1126 1143 1019 1119 1087 978 913 775 808 832 908 963 1075
-9999 -9999 -9999 -9999 -9999 -9999 -9999 1117 1148 1011 1017 988 884 964 1007 940 862 849 1037 1278 1270 1045 947 904 959 1059 1142 1208 1337 1453 1388 1478 1624 1695 1618 1617 1589 1537 1589 1549 1403 1292 1210 1145 1324 1410 1529 1544 1486 1408 1328 1485 1564 1530 1516 1344 1161 1207 1405 1385 1378 1318 1252 1246 1181 1110 1090 1010 950 1036 993 982 919 889 985 1028 1115 1201 1227 1181 1035 925 846 808 791 907 930 1083 1123
-9999 -9999 -9999 -9999 -9999 -9999 -9999 1019 1108 1233 1201 1031 971 1076 1181 1076 1101 913 890 1030 1138 1209 1254 1209 1235 1303 1197 1272 1248 1284 1424 1570 1579 1547 1578 1739 1785 1612 1514 1621 1602 1492 1272 1114 1211 1346 1494 1496 1474 1472 1379 1331 1412 1438 1446 1405 1150 1064 1206 1157 1233 1344 1298 1264 1233 1276 1117 1058 985 895 874 887 866 1017 1110 1156 1204 1182 1182 1177 991 858 792 777 839 883 962 978 991
-9999 -9999 -9999 -9999 -9999 -9999 -9999 1095 1147 1272 1167 1195 1179 1212 1320 1291 1225 1033 886 980 1026 1087 1187 1302 1428 1493 1319 1499 1509 1371 1346 1409 1438 1603 1698 1701 1623 1513 1367 1419 1524 1358 1235 1065 1209 1292 1429 1451 1440 1410 1454 1424 1294 1329 1358 1303 1240 1035 1074 1177 1292 1431 1445 1432 1369 1245 1083 999 909 936 981 974 933 992 1062 1219 1261 1134 1015 1041 942 831 784 817 796 783 792 807 859
-9999 -9999 -9999 -9999 -9999 -9999 -9999 988 1093 1248 1339 1368 1352 1362 1281 1177 1050 958 966 968 1035 1208 1397 1490 1547 1570 1446 1526 1604 1600 1556 1477 1537 1570 1475 1449 1430 1334 1195 1309 1413 1245 1113 1019 1175 1225 1347 1431 1474 1438 1361 1280 1251 1329 1258 1106 1048 1005 1123 1230 1388 1589 1579 1391 1300 1205 1083 976 933 1045 1058 940 1007 1114 1134 1263 1177 1037 944 886 863 803 884 913 873 811 776 767 824
-9999 -9999 -9999 -9999 -9999 -9999 -9999 983 1100 1169 1278 1277 1316 1244 1156 1062 1066 1115 1119 1161 1038 1146 1271 1377 1426 1564 1606 1580 1668 1565 1476 1443 1364 1297 1259 1254 1241 1313 1145 1187 1365 1331 1118 982 1121 1264 1205 1214 1272 1398 1357 1159 1331 1430 1174 991 1062 1209 1230 1421 1586 1631 1415 1264 1183 1188 1122 992 1051 1092 995 989 1093 1178 1293 1187 1054 950 922 860 814 796 812 886 950 849 788 793 779
-9999 -9999 -9999 -9999 -9999 -9999 -9999 992 1090 1141 1245 1344 1363 1226 1100 1126 1275 1342 1335 1346 1198 1095 1202 1276 1419 1622 1728 1725 1649 1487 1375 1315 1402 1364 1252 1144 1088 1091 1125 1054 1154 1294 1159 944 1062 1060 987 1094 1231 1393 1213 1154 1400 1325 1034 1009 1207 1442 1440 1479 1666 1603 1454 1376 1262 1142 1084 1064 1116 1039 1003 1054 1230 1349 1311 1215 1198 1080 1054 932 827 794 778 837 956 866 809 808 776
