Demos/Rbased/CrashCourse/data/climate_processing/PresentLayers/Shortia_galacifolia/elev.asc
NCOLS 523 
NROWS 122 
XLLCORNER -83.2916666667633 
YLLCORNER 34.9749999999364 
CELLSIZE 0.00833333333316142 
NODATA_value -9999 
[rows 36 to 71 of 122, columns 246 to 327 of 523]
307 298 312 312 302 297 304 308 296 290 272 280 279 260 282 283 283 289 286 271 274 266 264 256 259 259 256 252 252 252 237 252 269 257 270 252 264 266 266 258 261 272 262 264 272 278 287 276 268 270 262 256 267 262 261 260 259 258 253 251 248 246 240 237 227 221 219 231 231 234 233 226 223 216 220 221 219 233 238 243 246 244
296 293 309 311 307 298 292 289 289 285 274 283 267 271 287 299 300 289 283 285 287 292 282 269 276 279 271 272 271 271 254 234 239 260 268 252 255 257 249 255 264 263 249 254 264 281 285 278 267 259 262 259 255 254 250 249 252 251 250 250 244 236 228 226 234 231 233 233 227 220 215 214 211 222 222 243 223 225 237 240 236 236
286 298 305 300 309 307 304 296 286 281 288 275 273 278 298 307 294 281 298 299 295 299 285 278 277 291 281 282 278 280 266 256 241 244 265 268 250 252 263 267 257 248 245 257 270 285 276 270 271 268 253 252 245 242 242 233 235 239 233 234 234 231 236 242 240 229 222 216 217 222 214 214 225 219 217 233 231 228 238 241 238 229
273 290 296 289 294 302 310 304 298 299 297 276 289 284 296 305 292 290 301 307 304 300 293 279 294 299 293 281 266 266 271 267 247 234 251 266 242 255 259 255 243 239 249 256 277 282 272 260 260 263 261 246 255 252 246 251 249 244 247 245 250 246 246 241 226 222 219 223 223 217 215 223 218 212 222 228 238 243 247 244 236 239
267 285 286 278 286 297 295 304 307 304 290 279 295 294 305 309 298 294 310 300 289 296 301 298 304 290 279 279 277 261 251 248 244 241 235 256 237 245 255 240 241 256 264 270 275 266 267 270 266 252 248 262 260 255 260 263 251 258 258 257 248 243 236 227 235 229 226 219 224 231 231 220 226 224 235 234 235 247 249 245 244 243
268 273 273 280 286 282 285 292 304 301 290 292 306 311 310 315 305 298 309 294 273 285 298 300 302 295 293 285 273 261 258 271 268 250 232 242 241 245 239 237 253 253 261 276 262 258 258 271 268 261 259 265 258 258 267 265 261 259 252 243 234 232 239 241 230 223 228 235 238 238 228 225 236 227 235 241 245 246 243 244 239 235
275 262 264 268 278 281 289 294 301 305 294 302 306 319 321 311 302 309 300 296 290 278 290 287 286 290 286 273 266 268 275 272 255 253 236 232 235 245 234 248 250 248 272 270 253 246 258 266 273 276 268 269 261 260 271 264 259 254 245 236 251 251 250 238 225 236 238 242 247 241 223 236 234 231 238 246 244 240 231 237 236 228
271 266 281 277 282 284 293 293 292 300 305 311 315 320 317 311 307 310 288 279 276 269 273 266 279 284 271 275 282 281 275 259 258 246 249 242 232 233 234 248 237 256 259 251 244 242 253 261 263 277 281 274 264 270 265 265 257 243 240 248 258 253 241 230 240 246 252 248 242 233 231 243 230 237 244 242 237 230 226 225 226 224
263 273 269 275 283 279 277 283 301 312 313 308 307 312 317 314 316 307 296 298 288 279 264 256 269 271 258 269 277 266 273 268 264 261 254 246 239 233 237 234 236 239 237 237 243 253 266 265 272 282 277 274 276 269 256 250 247 248 254 259 260 251 246 229 242 253 259 252 238 234 247 243 240 248 245 240 238 236 243 236 229 228
264 259 268 277 269 273 277 286 300 306 297 294 299 306 320 323 321 306 302 294 282 278 278 269 249 252 254 266 260 258 272 261 250 248 244 235 233 236 234 241 245 249 236 240 250 260 265 268 277 274 283 279 272 268 259 262 263 258 264 257 250 244 237 242 244 252 259 246 235 249 253 249 255 251 243 251 249 248 249 240 237 225
255 255 277 268 276 284 294 298 293 283 282 293 305 310 319 325 308 294 282 280 277 273 273 267 268 252 240 255 251 265 263 265 252 242 239 232 236 240 254 258 260 260 244 243 254 258 265 271 273 270 272 275 268 258 259 271 268 263 265 260 258 247 233 243 254 260 257 244 243 260 263 260 257 250 253 257 247 249 243 238 227 228
259 263 274 262 274 282 292 285 275 281 293 303 311 318 326 319 296 290 307 303 292 327 297 276 266 262 239 249 245 252 258 261 253 253 248 242 232 234 247 249 250 254 252 254 267 263 268 267 265 262 263 271 274 267 270 270 267 267 261 255 250 243 250 247 257 263 253 251 250 257 265 266 262 257 253 242 241 239 231 230 225 241
257 262 253 259 269 269 271 276 285 297 298 301 309 320 324 310 306 307 315 312 354 311 280 277 265 255 249 241 235 241 258 256 253 250 234 232 231 232 238 238 239 240 244 256 259 252 255 255 259 253 262 271 279 277 273 264 253 259 256 261 259 257 258 249 257 264 262 261 262 258 264 260 251 246 247 247 239 234 232 227 237 -9999
247 259 271 274 269 272 270 278 287 290 294 306 311 315 309 317 333 342 331 335 312 286 280 262 255 255 243 245 238 245 253 243 239 244 231 238 239 235 246 251 247 250 257 256 254 244 253 249 250 257 271 268 276 274 265 260 244 248 248 255 259 257 258 264 268 274 270 271 267 268 268 259 262 257 258 256 -9999 -9999 -9999 -9999 -9999 -9999
267 267 266 274 285 296 284 288 295 304 303 311 301 291 299 309 326 358 388 330 284 279 266 261 256 248 242 241 241 235 243 243 235 236 234 244 254 249 252 256 260 254 251 243 243 235 241 242 248 260 266 260 266 265 262 257 247 235 244 248 253 249 249 257 258 263 275 275 269 265 -9999 -9999 -9999 -9999 -9999 -9999 -9999 -9999 -9999 -9999 -9999 -9999
265 281 276 284 290 300 295 291 306 316 315 305 286 287 296 317 334 364 350 306 289 278 275 265 253 242 257 266 242 234 238 232 233 232 234 237 238 251 259 261 255 248 245 236 235 238 251 256 262 260 255 260 257 258 259 250 254 244 231 237 244 235 244 253 254 -9999 -9999 -9999 -9999 -9999 -9999 -9999 -9999 -9999 -9999 -9999 -9999 -9999 -9999 -9999 -9999 -9999
263 268 267 278 293 286 297 302 312 310 308 298 281 292 303 318 332 314 301 290 282 281 272 264 257 251 267 258 246 245 243 235 231 232 232 236 243 253 252 250 251 247 234 234 246 254 257 261 259 257 246 256 249 248 250 244 252 250 228 229 -9999 -9999 -9999 -9999 -9999 -9999 -9999 -9999 -9999 -9999 -9999 -9999 -9999 -9999 -9999 -9999 -9999 -9999 -9999 -9999 -9999 -9999
252 264 271 279 281 278 301 315 314 301 292 279 288 297 316 317 315 290 285 279 275 264 268 268 257 267 267 255 258 244 236 233 232 231 235 235 242 243 252 238 241 238 232 239 248 253 256 260 248 241 238 249 249 238 245 -9999 -9999 -9999 -9999 -9999 -9999 -9999 -9999 -9999 -9999 -9999 -9999 -9999 -9999 -9999 -9999 -9999 -9999 -9999 -9999 -9999 -9999 -9999 -9999 -9999 -9999 -9999
273 260 266 268 270 281 298 298 297 300 279 274 283 307 311 308 285 279 274 271 273 270 258 266 269 274 269 262 257 250 235 237 244 236 232 231 231 234 244 240 233 231 233 238 240 242 257 254 246 240 -9999 -9999 -9999 -9999 -9999 -9999 -9999 -9999 -9999 -9999 -9999 -9999 -9999 -9999 -9999 -9999 -9999 -9999 -9999 -9999 -9999 -9999 -9999 -9999 -9999 -9999 -9999 -9999 -9999 -9999 -9999 -9999
260 278 287 282 291 302 299 286 279 289 272 270 293 302 307 291 270 272 264 261 263 265 265 260 270 274 268 258 253 242 239 253 249 235 232 232 231 238 243 237 231 231 233 242 245 -9999 -9999 -9999 -9999 -9999 -9999 -9999 -9999 -9999 -9999 -9999 -9999 -9999 -9999 -9999 -9999 -9999 -9999 -9999 -9999 -9999 -9999 -9999 -9999 -9999 -9999 -9999 -9999 -9999 -9999 -9999 -9999 -9999 -9999 -9999 -9999 -9999
263 274 282 297 310 312 297 278 274 273 266 289 288 293 287 276 268 260 269 252 252 263 256 252 260 263 264 261 262 257 253 254 251 234 235 237 236 237 236 231 -9999 -9999 -9999 -9999 -9999 -9999 -9999 -9999 -9999 -9999 -9999 -9999 -9999 -9999 -9999 -9999 -9999 -9999 -9999 -9999 -9999 -9999 -9999 -9999 -9999 -9999 -9999 -9999 -9999 -9999 -9999 -9999 -9999 -9999 -9999 -9999 -9999 -9999 -9999 -9999 -9999 -9999
261 269 280 292 306 311 297 297 280 257 271 278 274 286 276 266 258 253 262 255 245 265 267 251 244 259 261 255 262 259 246 240 236 232 232 237 -9999 -9999 -9999 -9999 -9999 -9999 -9999 -9999 -9999 -9999 -9999 -9999 -9999 -9999 -9999 -9999 -9999 -9999 -9999 -9999 -9999 -9999 -9999 -9999 -9999 -9999 -9999 -9999 -9999 -9999 -9999 -9999 -9999 -9999 -9999 -9999 -9999 -9999 -9999 -9999 -9999 -9999 -9999 -9999 -9999 -9999
277 278 283 300 304 293 299 293 278 269 256 259 277 275 267 271 268 250 246 252 242 265 260 257 241 242 255 251 260 260 252 -9999 -9999 -9999 -9999 -9999 -9999 -9999 -9999 -9999 -9999 -9999 -9999 -9999 -9999 -9999 -9999 -9999 -9999 -9999 -9999 -9999 -9999 -9999 -9999 -9999 -9999 -9999 -9999 -9999 -9999 -9999 -9999 -9999 -9999 -9999 -9999 -9999 -9999 -9999 -9999 -9999 -9999 -9999 -9999 -9999 -9999 -9999 -9999 -9999 -9999 -9999
268 267 284 303 299 295 283 279 269 269 265 252 271 267 254 263 267 260 244 248 246 263 252 248 245 231 -9999 -9999 -9999 -9999 -9999 -9999 -9999 -9999 -9999 -9999 -9999 -9999 -9999 -9999 -9999 -9999 -9999 -9999 -9999 -9999 -9999 -9999 -9999 -9999 -9999 -9999 -9999 -9999 -9999 -9999 -9999 -9999 -9999 -9999 -9999 -9999 -9999 -9999 -9999 -9999 -9999 -9999 -9999 -9999 -9999 -9999 -9999 -9999 -9999 -9999 -9999 -9999 -9999 -9999 -9999 -9999
258 267 286 303 305 297 289 281 275 259 255 250 264 261 248 252 258 257 244 240 244 -9999 -9999 -9999 -9999 -9999 -9999 -9999 -9999 -9999 -9999 -9999 -9999 -9999 -9999 -9999 -9999 -9999 -9999 -9999 -9999 -9999 -9999 -9999 -9999 -9999 -9999 -9999 -9999 -9999 -9999 -9999 -9999 -9999 -9999 -9999 -9999 -9999 -9999 -9999 -9999 -9999 -9999 -9999 -9999 -9999 -9999 -9999 -9999 -9999 -9999 -9999 -9999 -9999 -9999 -9999 -9999 -9999 -9999 -9999 -9999 -9999
272 274 288 299 295 283 292 283 268 265 259 251 240 245 243 247 257 -9999 -9999 -9999 -9999 -9999 -9999 -9999 -9999 -9999 -9999 -9999 -9999 -9999 -9999 -9999 -9999 -9999 -9999 -9999 -9999 -9999 -9999 -9999 -9999 -9999 -9999 -9999 -9999 -9999 -9999 -9999 -9999 -9999 -9999 -9999 -9999 -9999 -9999 -9999 -9999 -9999 -9999 -9999 -9999 -9999 -9999 -9999 -9999 -9999 -9999 -9999 -9999 -9999 -9999 -9999 -9999 -9999 -9999 -9999 -9999 -9999 -9999 -9999 -9999 -9999
265 279 284 292 292 278 282 282 286 283 272 260 -9999 -9999 -9999 -9999 -9999 -9999 -9999 -9999 -9999 -9999 -9999 -9999 -9999 -9999 -9999 -9999 -9999 -9999 -9999 -9999 -9999 -9999 -9999 -9999 -9999 -9999 -9999 -9999 -9999 -9999 -9999 -9999 -9999 -9999 -9999 -9999 -9999 -9999 -9999 -9999 -9999 -9999 -9999 -9999 -9999 -9999 -9999 -9999 -9999 -9999 -9999 -9999 -9999 -9999 -9999 -9999 -9999 -9999 -9999 -9999 -9999 -9999 -9999 -9999 -9999 -9999 -9999 -9999 -9999 -9999
266 274 276 284 286 280 267 280 -9999 -9999 -9999 -9999 -9999 -9999 -9999 -9999 -9999 -9999 -9999 -9999 -9999 -9999 -9999 -9999 -9999 -9999 -9999 -9999 -9999 -9999 -9999 -9999 -9999 -9999 -9999 -9999 -9999 -9999 -9999 -9999 -9999 -9999 -9999 -9999 -9999 -9999 -9999 -9999 -9999 -9999 -9999 -9999 -9999 -9999 -9999 -9999 -9999 -9999 -9999 -9999 -9999 -9999 -9999 -9999 -9999 -9999 -9999 -9999 -9999 -9999 -9999 -9999 -9999 -9999 -9999 -9999 -9999 -9999 -9999 -9999 -9999 -9999
285 286 282 -9999 -9999 -9999 -9999 -9999 -9999 -9999 -9999 -9999 -9999 -9999 -9999 -9999 -9999 -9999 -9999 -9999 -9999 -9999 -9999 -9999 -9999 -9999 -9999 -9999 -9999 -9999 -9999 -9999 -9999 -9999 -9999 -9999 -9999 -9999 -9999 -9999 -9999 -9999 -9999 -9999 -9999 -9999 -9999 -9999 -9999 -9999 -9999 -9999 -9999 -9999 -9999 -9999 -9999 -9999 -9999 -9999 -9999 -9999 -9999 -9999 -9999 -9999 -9999 -9999 -9999 -9999 -9999 -9999 -9999 -9999 -9999 -9999 -9999 -9999 -9999 -9999 -9999 -9999
-9999 -9999 -9999 -9999 -9999 -9999 -9999 -9999 -9999 -9999 -9999 -9999 -9999 -9999 -9999 -9999 -9999 -9999 -9999 -9999 -9999 -9999 -9999 -9999 -9999 -9999 -9999 -9999 -9999 -9999 -9999 -9999 -9999 -9999 -9999 -9999 -9999 -9999 -9999 -9999 -9999 -9999 -9999 -9999 -9999 -9999 -9999 -9999 -9999 -9999 -9999 -9999 -9999 -9999 -9999 -9999 -9999 -9999 -9999 -9999 -9999 -9999 -9999 -9999 -9999 -9999 -9999 -9999 -9999 -9999 -9999 -9999 -9999 -9999 -9999 -9999 -9999 -9999 -9999 -9999 -9999 -9999
-9999 -9999 -9999 -9999 -9999 -9999 -9999 -9999 -9999 -9999 -9999 -9999 -9999 -9999 -9999 -9999 -9999 -9999 -9999 -9999 -9999 -9999 -9999 -9999 -9999 -9999 -9999 -9999 -9999 -9999 -9999 -9999 -9999 -9999 -9999 -9999 -9999 -9999 -9999 -9999 -9999 -9999 -9999 -9999 -9999 -9999 -9999 -9999 -9999 -9999 -9999 -9999 -9999 -9999 -9999 -9999 -9999 -9999 -9999 -9999 -9999 -9999 -9999 -9999 -9999 -9999 -9999 -9999 -9999 -9999 -9999 -9999 -9999 -9999 -9999 -9999 -9999 -9999 -9999 -9999 -9999 -9999
-9999 -9999 -9999 -9999 -9999 -9999 -9999 -9999 -9999 -9999 -9999 -9999 -9999 -9999 -9999 -9999 -9999 -9999 -9999 -9999 -9999 -9999 -9999 -9999 -9999 -9999 -9999 -9999 -9999 -9999 -9999 -9999 -9999 -9999 -9999 -9999 -9999 -9999 -9999 -9999 -9999 -9999 -9999 -9999 -9999 -9999 -9999 -9999 -9999 -9999 -9999 -9999 -9999 -9999 -9999 -9999 -9999 -9999 -9999 -9999 -9999 -9999 -9999 -9999 -9999 -9999 -9999 -9999 -9999 -9999 -9999 -9999 -9999 -9999 -9999 -9999 -9999 -9999 -9999 -9999 -9999 -9999
-9999 -9999 -9999 -9999 -9999 -9999 -9999 -9999 -9999 -9999 -9999 -9999 -9999 -9999 -9999 -9999 -9999 -9999 -9999 -9999 -9999 -9999 -9999 -9999 -9999 -9999 -9999 -9999 -9999 -9999 -9999 -9999 -9999 -9999 -9999 -9999 -9999 -9999 -9999 -9999 -9999 -9999 -9999 -9999 -9999 -9999 -9999 -9999 -9999 -9999 -9999 -9999 -9999 -9999 -9999 -9999 -9999 -9999 -9999 -9999 -9999 -9999 -9999 -9999 -9999 -9999 -9999 -9999 -9999 -9999 -9999 -9999 -9999 -9999 -9999 -9999 -9999 -9999 -9999 -9999 -9999 -9999
-9999 -9999 -9999 -9999 -9999 -9999 -9999 -9999 -9999 -9999 -9999 -9999 -9999 -9999 -9999 -9999 -9999 -9999 -9999 -9999 -9999 -9999 -9999 -9999 -9999 -9999 -9999 -9999 -9999 -9999 -9999 -9999 -9999 -9999 -9999 -9999 -9999 -9999 -9999 -9999 -9999 -9999 -9999 -9999 -9999 -9999 -9999 -9999 -9999 -9999 -9999 -9999 -9999 -9999 -9999 -9999 -9999 -9999 -9999 -9999 -9999 -9999 -9999 -9999 -9999 -9999 -9999 -9999 -9999 -9999 -9999 -9999 -9999 -9999 -9999 -9999 -9999 -9999 -9999 -9999 -9999 -9999
-9999 -9999 -9999 -9999 -9999 -9999 -9999 -9999 -9999 -9999 -9999 -9999 -9999 -9999 -9999 -9999 -9999 -9999 -9999 -9999 -9999 -9999 -9999 -9999 -9999 -9999 -9999 -9999 -9999 -9999 -9999 -9999 -9999 -9999 -9999 -9999 -9999 -9999 -9999 -9999 -9999 -9999 -9999 -9999 -9999 -9999 -9999 -9999 -9999 -9999 -9999 -9999 -9999 -9999 -9999 -9999 -9999 -9999 -9999 -9999 -9999 -9999 -9999 -9999 -9999 -9999 -9999 -9999 -9999 -9999 -9999 -9999 -9999 -9999 -9999 -9999 -9999 -9999 -9999 -9999 -9999 -9999
-9999 -9999 -9999 -9999 -9999 -9999 -9999 -9999 -9999 -9999 -9999 -9999 -9999 -9999 -9999 -9999 -9999 -9999 -9999 -9999 -9999 -9999 -9999 -9999 -9999 -9999 -9999 -9999 -9999 -9999 -9999 -9999 -9999 -9999 -9999 -9999 -9999 -9999 -9999 -9999 -9999 -9999 -9999 -9999 -9999 -9999 -9999 -9999 -9999 -9999 -9999 -9999 -9999 -9999 -9999 -9999 -9999 -9999 -9999 -9999 -9999 -9999 -9999 -9999 -9999 -9999 -9999 -9999 -9999 -9999 -9999 -9999 -9999 -9999 -9999 -9999 -9999 -9999 -9999 -9999 -9999 -9999
