Demos/Rbased/CrashCourse/data/climate_processing/PresentLayers/Shortia_galacifolia/elev.asc
NCOLS 212 
NROWS 170 
XLLCORNER -83.691666666421 
YLLCORNER 34.5083333333333 
CELLSIZE 0.00833333333316012 
NODATA_value -9999 
[rows 40 to 79 of 170, columns 0 to 88 of 212]
-9999 -9999 -9999 -9999 -9999 -9999 -9999 1085 1278 1389 1445 1392 1265 1173 1211 1211 1245 1345 1470 1357 1202 1203 1240 1366 1542 1755 1801 1678 1560 1403 1314 1238 1295 1309 1420 1342 1269 1145 1035 923 948 1037 1113 949 916 896 994 1341 1456 1292 1062 960 1194 1146 906 1131 1346 1371 1318 1409 1600 1638 1567 1396 1333 1284 1172 1111 1048 1082 1137 1140 1281 1469 1441 1446 1317 1216 1103 938 823 786 789 817 905 843 802 791 771
-9999 -9999 -9999 -9999 -9999 -9999 -9999 1201 1312 1484 1466 1399 1320 1249 1302 1284 1341 1406 1497 1387 1363 1378 1395 1429 1542 1708 1584 1485 1561 1434 1246 1236 1187 1203 1287 1428 1471 1322 1133 1180 1007 865 887 937 806 788 957 1242 1355 1229 1026 835 925 885 929 1112 1134 1209 1281 1414 1515 1698 1709 1577 1445 1319 1244 1176 1112 1208 1309 1353 1378 1437 1391 1263 1184 1052 956 873 800 783 810 853 906 827 800 820 792
-9999 -9999 -9999 -9999 -9999 -9999 -9999 1407 1401 1383 1374 1466 1450 1387 1440 1460 1478 1547 1590 1595 1600 1568 1602 1690 1786 1715 1523 1367 1291 1259 1253 1139 1172 1103 1200 1358 1449 1396 1262 1254 1116 944 788 938 977 805 876 1104 1176 1138 1033 861 806 847 909 1119 1285 1205 1244 1328 1446 1632 1618 1581 1425 1292 1221 1159 1199 1409 1531 1498 1391 1222 1188 1137 980 930 854 818 789 824 829 964 1060 903 830 792 773
-9999 -9999 -9999 -9999 -9999 -9999 -9999 1394 1331 1239 1348 1476 1523 1493 1583 1561 1581 1598 1661 1696 1774 1812 1881 1929 1766 1673 1620 1541 1422 1298 1125 1051 1023 983 1140 1247 1381 1444 1277 1115 998 953 934 792 818 761 916 1040 1051 992 937 906 875 772 947 1083 1112 1100 1150 1273 1403 1553 1562 1572 1441 1355 1342 1284 1422 1505 1603 1466 1343 1209 1154 1058 975 878 847 811 800 894 993 1105 1096 937 838 854 779
-9999 -9999 -9999 -9999 -9999 -9999 -9999 1316 1215 1210 1346 1437 1403 1367 1518 1426 1407 1448 1453 1546 1677 1640 1668 1811 1675 1510 1431 1548 1402 1303 1161 994 997 936 1094 1278 1275 1342 1399 1199 1162 1185 1136 950 821 718 831 924 914 912 826 791 789 891 866 934 935 1012 1104 1192 1348 1528 1521 1554 1569 1505 1542 1533 1620 1555 1439 1426 1516 1445 1257 1254 1096 944 875 836 809 870 942 1113 1197 1072 919 853 806
-9999 -9999 -9999 -9999 -9999 -9999 -9999 1290 1124 1192 1345 1313 1259 1360 1441 1347 1225 1287 1312 1469 1475 1400 1466 1665 1633 1429 1315 1430 1339 1245 1079 920 999 905 1010 1154 1306 1387 1407 1431 1387 1331 1228 1103 1028 849 730 782 815 905 774 801 987 1024 1028 871 984 1009 1118 1246 1302 1353 1389 1555 1580 1615 1595 1599 1572 1452 1311 1462 1424 1462 1513 1486 1280 1081 987 914 814 832 895 1033 1061 959 938 914 795
-9999 -9999 -9999 -9999 -9999 -9999 -9999 1146 1043 1108 1166 1178 1310 1343 1256 1136 1098 1097 1195 1227 1200 1298 1484 1629 1536 1396 1270 1291 1270 1086 994 924 847 897 1074 1148 1262 1244 1386 1431 1341 1172 1096 1060 955 882 729 748 812 751 781 934 984 1078 1035 987 996 990 1025 1103 1147 1198 1385 1453 1523 1503 1431 1490 1326 1242 1241 1384 1186 1293 1423 1318 1221 1038 927 858 882 959 966 919 932 855 827 814 786
-9999 -9999 -9999 -9999 -9999 -9999 -9999 1054 1009 1117 1206 1322 1298 1132 1074 990 945 1042 1057 1066 1201 1360 1439 1323 1436 1397 1215 1167 1304 1211 1066 882 820 947 1116 1074 1136 1227 1421 1325 1245 1085 1018 1061 976 870 690 808 779 729 890 960 1037 1098 1208 1202 1154 1166 1218 1212 1230 1328 1417 1350 1357 1433 1298 1260 1101 1070 1237 1190 1040 1160 1185 1101 983 980 935 864 928 913 853 828 823 817 794 784 812
-9999 -9999 -9999 -9999 -9999 -9999 -9999 957 1122 1247 1387 1283 1139 1093 1008 924 877 894 953 1116 1287 1342 1267 1148 1322 1190 1185 1108 1252 1175 1077 898 790 931 1010 1032 1142 1267 1354 1229 1103 1009 878 851 791 713 658 698 709 701 902 1019 1036 1180 1332 1282 1265 1363 1435 1430 1417 1521 1532 1405 1257 1288 1184 1075 1040 1056 992 966 932 1030 1049 950 893 873 880 882 932 983 902 837 811 797 809 816 830
-9999 -9999 -9999 -9999 -9999 -9999 -9999 1116 1174 1309 1405 1251 1113 1038 946 841 848 966 1077 1162 1284 1133 1063 1039 1087 1011 1041 1160 1201 985 901 780 860 1012 932 940 1009 1149 1132 1155 1007 1051 936 910 895 808 631 663 852 917 936 1084 1101 1130 1257 1162 1219 1309 1333 1423 1599 1595 1511 1463 1326 1168 1142 1162 1296 1170 962 996 996 929 918 933 998 1122 1085 1043 1071 941 933 877 836 823 798 835 850
-9999 -9999 -9999 -9999 -9999 -9999 -9999 1316 1395 1417 1366 1205 1105 968 894 772 928 1099 1174 1192 1094 1078 915 991 941 1066 1226 1334 1110 930 786 778 819 1010 846 861 1048 1154 962 942 1015 1067 1128 1006 849 710 660 664 850 1027 1040 1020 979 1106 1173 1051 1197 1242 1270 1399 1497 1425 1369 1450 1348 1274 1460 1459 1268 1063 1096 1119 1115 996 1074 1136 1242 1347 1311 1225 1189 1142 1002 865 822 811 824 814 820
-9999 -9999 -9999 -9999 -9999 -9999 -9999 1280 1406 1274 1167 1165 1086 983 901 736 829 959 1107 1145 989 983 833 897 1051 1241 1228 1259 1091 904 737 708 778 966 794 906 1182 1047 849 923 893 902 1081 915 743 635 679 759 969 950 918 936 903 1022 987 1116 1241 1160 1314 1311 1220 1221 1251 1370 1379 1492 1585 1363 1173 1119 1391 1387 1357 1243 1340 1380 1386 1394 1370 1186 1057 1006 906 839 812 825 831 820 832
-9999 -9999 -9999 -9999 -9999 -9999 -9999 1386 1316 1228 1158 983 981 952 769 693 814 1016 1032 1029 938 839 789 896 1073 1220 1040 1148 1103 939 828 701 734 817 797 1018 1050 858 794 744 685 807 935 818 675 623 735 840 951 905 824 822 835 872 1009 1252 1173 1052 1173 1049 1001 1116 1274 1352 1397 1524 1613 1293 1212 1193 1381 1509 1553 1442 1328 1189 1116 1120 1180 1064 915 869 833 828 833 852 851 840 901
-9999 -9999 -9999 -9999 -9999 -9999 -9999 1189 1201 1047 1138 990 840 862 715 680 779 924 977 895 802 727 829 979 1102 1104 942 980 1042 890 757 677 694 717 892 919 793 731 724 689 631 715 740 676 623 743 774 815 830 765 753 841 879 810 920 1040 919 905 925 945 1012 1154 1234 1257 1357 1469 1601 1377 1425 1333 1462 1631 1715 1520 1371 1247 1119 1011 1032 956 870 839 829 857 835 852 867 838 902
-9999 -9999 -9999 -9999 -9999 -9999 -9999 957 997 911 923 1039 870 774 673 638 711 853 828 812 704 774 876 882 923 952 863 859 892 748 685 641 689 757 780 776 663 682 637 630 607 618 633 607 635 648 644 668 663 706 711 705 711 728 816 828 853 862 949 1032 1162 1107 1143 1235 1385 1522 1687 1504 1628 1551 1686 1661 1535 1479 1370 1204 1043 943 909 897 894 871 842 872 872 887 905 884 889
-9999 -9999 -9999 -9999 -9999 -9999 -9999 911 801 734 818 831 711 724 738 578 645 708 687 683 677 790 779 747 802 816 780 773 780 668 598 672 729 696 664 666 618 635 627 610 599 702 707 705 644 614 670 695 722 700 736 781 786 836 786 900 1031 974 1117 1118 1122 1299 1288 1282 1448 1645 1765 1751 1699 1768 1678 1490 1319 1224 1114 1047 989 941 952 907 877 864 875 892 932 1006 1142 1165 1118
-9999 -9999 -9999 -9999 -9999 -9999 734 829 823 656 668 603 537 551 628 575 613 610 681 617 648 666 628 633 679 696 684 733 676 587 566 648 711 676 636 575 580 602 614 602 635 665 661 691 722 644 647 654 656 689 786 913 976 916 979 1096 1145 1083 1181 1339 1306 1393 1542 1519 1608 1682 1553 1535 1482 1603 1490 1402 1286 1098 1028 972 929 918 919 927 948 974 892 933 993 1030 1169 1362 1370
-9999 -9999 -9999 -9999 -9999 -9999 545 583 575 588 616 597 562 531 548 559 568 564 585 567 598 559 609 577 606 629 657 648 600 570 564 613 642 639 606 567 585 577 597 627 658 632 618 610 618 639 636 642 671 727 924 1047 1151 1128 1146 1252 1320 1284 1286 1457 1578 1605 1627 1628 1624 1574 1361 1335 1404 1386 1262 1226 1233 1108 1007 990 1031 1021 1030 1100 1181 1032 913 983 1117 1156 1251 1397 1306
-9999 -9999 -9999 -9999 -9999 -9999 551 547 525 586 577 536 515 526 540 560 608 584 601 566 567 599 634 615 564 626 589 591 575 566 552 598 631 575 552 562 633 619 612 588 611 603 607 622 625 675 674 659 769 916 969 1086 1154 1172 1262 1279 1261 1385 1496 1426 1421 1477 1403 1328 1346 1487 1294 1169 1275 1128 1055 1080 1071 1043 1061 1157 1239 1216 1261 1275 1108 975 990 1099 1136 1277 1430 1357 1208
-9999 -9999 -9999 -9999 -9999 -9999 557 605 567 522 519 541 566 562 529 580 624 608 637 709 657 690 661 699 587 566 548 579 574 540 590 605 586 572 576 649 752 724 648 608 596 603 600 622 614 633 657 698 769 872 1015 1155 1014 1159 1196 1181 1344 1374 1302 1232 1180 1268 1186 1094 1193 1312 1190 1067 1094 1012 949 966 1013 1063 1193 1376 1499 1491 1462 1284 1156 1032 1074 1215 1288 1417 1604 1466 1318
-9999 -9999 -9999 -9999 -9999 -9999 695 587 530 545 546 572 599 581 519 545 580 577 638 746 718 709 744 800 721 599 571 560 549 583 636 639 651 660 747 878 941 789 629 664 596 596 585 598 612 631 683 732 798 925 1123 1039 931 1064 991 1166 1375 1222 1029 1001 1003 1016 953 914 1074 1080 995 979 1009 900 966 975 1028 1117 1276 1460 1625 1555 1418 1267 1193 1036 1077 1204 1291 1429 1614 1575 1333
-9999 -9999 -9999 -9999 -9999 -9999 672 579 551 531 553 558 558 548 516 518 524 539 575 632 623 755 887 822 660 600 619 593 594 611 697 662 711 781 793 956 975 801 670 664 698 678 640 586 636 674 701 756 774 884 1051 863 855 875 921 1133 1151 1007 875 809 879 807 827 816 852 851 935 974 891 875 940 992 1096 1245 1434 1460 1473 1616 1492 1269 1151 1082 1069 1082 1189 1306 1470 1574 1452
-9999 -9999 -9999 -9999 -9999 -9999 630 548 578 571 596 593 578 546 541 519 536 566 587 582 669 753 797 696 701 634 612 680 693 707 801 786 764 889 905 1032 931 841 684 696 671 697 620 593 596 617 631 619 667 804 867 731 814 881 1027 1101 934 827 778 742 762 690 705 706 791 804 863 843 850 900 1017 1020 1096 1169 1254 1266 1387 1570 1464 1276 1213 1302 1204 1184 1214 1407 1563 1442 1212
-9999 -9999 -9999 -9999 -9999 -9999 584 575 571 609 638 674 633 553 536 521 522 541 547 599 587 651 697 637 616 602 648 833 914 895 1000 954 867 978 1123 1162 1011 804 745 849 710 774 735 662 653 651 657 616 657 741 707 700 867 989 1003 924 815 732 683 678 685 707 758 777 812 855 819 841 917 977 1113 1188 1139 1154 1295 1397 1470 1583 1553 1404 1397 1402 1255 1334 1252 1465 1648 1394 1196
-9999 -9999 -9999 -9999 -9999 -9999 617 602 592 649 691 784 798 608 542 543 553 570 624 656 645 633 623 607 620 615 676 869 848 851 1029 1200 1126 1173 1333 1191 1005 918 933 917 747 906 876 821 741 669 663 613 643 673 630 709 740 840 789 773 739 658 665 748 734 708 804 863 849 863 885 948 1024 1130 1224 1349 1236 1172 1269 1323 1417 1493 1560 1607 1533 1439 1457 1498 1389 1621 1665 1450 1280
-9999 -9999 -9999 -9999 -9999 -9999 638 610 632 649 720 842 790 638 575 523 536 553 580 569 607 676 644 649 692 714 641 725 719 895 1083 1192 1197 1267 1274 1239 1183 1054 1094 1058 870 891 1049 877 750 763 709 662 666 650 637 645 681 701 703 666 660 650 684 711 708 772 867 1006 920 967 992 1041 1072 1170 1376 1495 1326 1262 1298 1289 1340 1422 1570 1652 1632 1668 1653 1612 1608 1727 1629 1444 1254
-9999 -9999 -9999 -9999 -9999 -9999 695 643 752 743 789 802 808 707 590 531 569 595 632 638 577 630 615 655 687 793 658 760 755 898 924 1083 1075 1125 1168 1120 1148 1217 1130 1020 990 938 1012 891 761 739 677 727 859 782 701 632 644 633 645 663 727 670 666 714 789 816 811 888 971 1014 1078 1134 1248 1219 1409 1429 1413 1368 1453 1494 1502 1563 1542 1516 1429 1493 1638 1797 1824 1714 1543 1332 1190
-9999 -9999 -9999 -9999 -9999 -9999 726 694 790 902 861 736 724 674 608 549 568 618 649 720 593 592 608 607 688 812 756 678 736 806 828 931 904 950 994 982 1136 1232 1260 1137 1147 1109 1009 883 798 725 744 813 1037 898 719 693 658 628 741 838 834 784 694 713 712 784 948 1002 1004 972 1051 1053 1121 1287 1374 1236 1235 1275 1456 1464 1414 1445 1418 1402 1301 1461 1645 1779 1799 1602 1428 1330 1301
-9999 -9999 -9999 -9999 -9999 -9999 835 784 902 955 760 719 708 624 604 562 625 721 675 640 613 564 570 679 664 742 893 754 721 694 760 829 892 866 896 1032 1042 1180 1336 1336 1295 1114 1115 1066 919 850 845 916 1106 896 849 828 662 651 677 741 695 701 663 672 702 806 912 958 930 1082 1089 977 1210 1332 1238 1151 1165 1318 1459 1311 1323 1327 1392 1197 1289 1343 1542 1623 1735 1732 1643 1599 1430
-9999 -9999 -9999 -9999 -9999 -9999 993 925 892 865 725 724 652 583 573 605 733 714 630 598 588 573 603 756 815 783 843 833 840 764 788 783 831 948 929 1058 1115 1237 1243 1334 1320 1284 1344 1203 1069 1049 1100 1038 988 846 839 756 707 679 646 636 649 661 670 685 711 786 840 849 978 1073 988 954 1174 1298 1155 1076 1149 1342 1308 1183 1159 1327 1306 1128 1176 1406 1473 1523 1588 1748 1696 1646 1449
-9999 -9999 -9999 -9999 -9999 -9999 1071 782 670 692 703 690 589 655 627 683 762 703 607 577 591 616 647 720 839 971 1003 1048 959 956 1009 869 1003 1118 1017 1023 1041 1070 1169 1259 1274 1337 1362 1247 1133 991 921 862 883 771 720 714 673 689 643 648 647 649 675 658 720 747 773 969 966 905 870 1076 1157 1079 1063 1013 1187 1177 1255 1155 1096 1264 1068 1146 1236 1342 1348 1356 1449 1536 1622 1631 1480
-9999 -9999 -9999 -9999 -9999 -9999 884 666 823 700 679 609 643 621 700 818 722 642 648 634 571 589 732 814 805 801 921 999 1020 1110 1153 1112 1035 1224 1253 1267 1311 1249 1245 1317 1280 1316 1419 1323 1165 967 805 753 753 727 696 681 733 732 676 671 741 702 672 652 667 665 680 772 768 830 987 1087 1011 852 914 1000 1202 1042 1109 1046 1052 964 961 1117 1085 1142 1203 1281 1384 1431 1565 1660 1544
-9999 -9999 -9999 -9999 -9999 -9999 701 740 776 737 665 650 720 653 716 838 766 733 670 608 586 605 658 674 674 792 905 858 904 975 1035 1114 1237 1291 1233 1110 1194 1122 1075 1201 1042 1069 1272 1235 1061 964 923 820 750 815 816 683 718 805 739 741 731 808 721 746 666 666 684 722 790 945 1012 860 791 866 958 1002 1018 930 955 899 886 895 1045 1093 1128 1248 1249 1292 1368 1444 1589 1674 1564
-9999 -9999 -9999 -9999 -9999 -9999 756 874 763 709 699 754 806 710 776 911 827 747 684 636 594 615 643 706 669 687 763 829 1017 925 851 1028 1115 1170 1079 917 996 957 939 1050 914 961 1061 1117 1149 1072 931 934 915 953 859 704 719 756 841 825 763 768 804 742 653 668 669 674 779 730 812 753 786 964 1007 882 775 782 800 860 952 926 1065 1210 1266 1231 1263 1303 1397 1531 1637 1630 1576
-9999 -9999 -9999 -9999 -9999 -9999 975 845 788 839 823 939 904 783 920 1030 941 979 835 677 602 624 632 678 781 788 768 912 984 812 778 908 934 1033 1013 834 867 822 847 873 802 824 906 1021 1188 1139 1146 1103 1047 937 805 713 758 760 905 877 825 808 726 728 663 696 681 679 742 675 702 698 715 731 896 766 831 914 909 987 1101 1072 1194 1190 1232 1383 1437 1498 1551 1551 1542 1380 1453
-9999 -9999 -9999 -9999 -9999 -9999 1029 1017 1022 1108 1011 1017 944 961 943 1134 1107 966 782 733 704 664 682 612 658 789 848 823 797 699 711 768 938 869 850 777 771 750 766 769 810 835 911 1013 1232 1240 1033 904 866 795 762 719 857 823 846 953 905 836 806 747 695 672 694 682 680 669 793 819 817 734 772 749 875 948 1011 1078 1138 1350 1430 1420 1352 1412 1532 1602 1497 1419 1384 1288 1358
-9999 -9999 -9999 -9999 -9999 -9999 1012 1015 1113 1162 1173 1188 1092 1100 1128 1171 1075 966 887 900 797 736 663 630 606 615 630 648 647 634 707 735 881 757 715 695 730 693 698 726 798 917 978 1034 1176 1213 977 855 775 761 767 799 989 991 888 1036 1091 983 883 768 698 675 784 797 705 674 733 708 889 880 858 811 849 867 920 1008 1143 1391 1409 1354 1353 1294 1362 1428 1345 1325 1267 1194 1353
-9999 -9999 -9999 -9999 -9999 -9999 982 1015 1085 1069 1089 1137 1199 1281 1220 1075 925 861 798 746 708 657 648 687 644 615 604 631 617 606 637 647 677 695 658 698 665 699 724 737 810 826 794 848 996 1188 1077 938 801 914 905 871 1013 1069 1021 1100 1101 922 794 710 700 738 893 906 817 786 715 686 788 1006 1067 964 1083 1045 1017 1136 1222 1230 1211 1197 1227 1192 1242 1339 1241 1211 1161 1201 1289
-9999 -9999 -9999 -9999 -9999 937 976 981 985 992 1070 1122 1154 1217 1179 1050 1025 986 812 802 707 676 788 855 716 625 635 628 624 634 610 633 631 636 639 628 630 649 664 671 723 743 792 869 1001 1102 1002 907 824 938 1055 1105 1040 1102 1122 1136 984 846 827 744 813 714 911 1099 944 981 900 727 680 743 843 1001 1059 1003 1014 1124 1062 1055 1061 1150 1164 1177 1277 1236 1183 1180 1124 1158 1209
-9999 -9999 -9999 -9999 -9999 909 903 910 914 957 1010 997 1063 1160 1290 1223 1146 973 960 1022 889 717 880 841 711 656 633 711 734 616 615 633 615 612 632 677 730 764 727 722 779 866 873 914 1061 1071 973 907 871 999 1055 1062 1134 1246 1203 1091 926 820 812 823 793 737 903 1128 1116 1041 922 705 693 700 767 870 926 907 913 1085 998 1010 1106 1106 1095 1211 1284 1208 1125 1168 1101 1184 1268
