Demos/Rbased/CrashCourse/data/climate_processing/PresentLayers/Shortia_galacifolia/elev.asc
NCOLS 212 
NROWS 170 
XLLCORNER -83.691666666421 
YLLCORNER 34.5083333333333 
CELLSIZE 0.00833333333316012 
NODATA_value -9999 
[rows 120 to 159 of 170, columns 89 to 177 of 212]
331 323 305 266 255 267 294 280 298 303 305 317 323 296 284 355 391 349 340 346 323 311 315 337 336 319 315 298 323 347 358 352 336 348 345 370 441 389 382 365 393 361 339 337 332 344 327 316 321 298 281 281 299 314 307 303 327 322 308 302 307 316 322 334 348 461 480 392 360 332 317 305 296 293 285 287 284 280 281 272 272 290 284 292 294 295 283 278 276
319 308 318 320 278 253 266 293 309 312 304 302 297 291 288 301 326 349 347 395 360 331 308 311 310 299 305 327 341 356 350 358 327 338 348 357 394 362 360 358 359 349 341 344 344 345 325 314 299 291 295 312 283 276 286 315 327 317 313 305 306 310 330 322 328 366 448 410 369 343 323 307 299 306 300 293 292 289 281 269 263 279 282 273 281 293 289 282 281
329 310 298 297 258 251 260 288 286 295 286 275 281 264 276 312 337 354 348 361 352 328 305 310 300 292 310 326 345 351 335 330 323 335 366 390 389 338 367 335 336 346 347 349 341 334 318 303 314 317 321 304 286 275 290 296 299 304 311 308 301 312 320 311 318 338 350 371 347 331 320 317 314 312 309 305 304 288 276 275 270 265 270 266 276 286 289 290 291
327 316 286 284 268 259 281 307 302 288 265 259 266 297 321 314 334 342 346 342 348 333 316 310 292 292 320 324 319 323 318 328 336 353 405 369 358 324 332 351 359 358 345 341 329 320 327 332 327 326 310 304 304 291 269 294 298 307 313 307 301 303 307 307 312 323 337 379 367 342 326 312 310 301 298 292 296 289 289 287 287 278 266 260 271 271 278 288 287
315 311 293 289 265 263 300 297 284 259 253 277 293 298 305 335 366 348 352 335 321 315 306 286 286 300 306 314 319 322 323 337 351 332 323 322 321 353 361 386 362 348 338 332 333 335 325 319 314 308 316 314 308 289 277 280 300 322 327 319 306 299 303 306 313 314 318 333 323 325 313 305 297 294 287 279 280 280 274 279 287 288 278 260 269 267 271 284 281
310 297 302 302 276 256 270 272 255 251 257 271 272 274 302 324 360 355 335 319 311 300 311 306 291 294 312 325 321 321 319 327 325 312 321 336 322 346 366 357 339 330 331 328 318 324 316 306 310 303 298 297 307 299 279 277 307 324 321 316 308 302 295 303 304 310 306 307 302 306 308 300 297 291 282 290 289 284 277 274 273 270 271 264 260 260 271 282 276
298 296 279 300 278 249 251 249 255 257 269 296 295 288 294 320 348 364 351 341 314 299 296 281 289 306 316 301 299 297 301 309 318 325 335 341 331 328 337 346 343 336 327 318 308 319 306 299 298 291 290 284 303 297 289 279 303 320 314 308 314 309 302 295 299 308 304 297 299 303 306 308 314 305 298 299 305 300 286 286 282 278 262 267 259 253 264 265 270
280 272 277 301 286 254 255 250 278 287 285 285 297 296 307 338 350 350 341 338 322 308 298 296 287 303 287 283 289 308 321 327 333 330 331 328 314 320 341 342 336 324 323 329 327 310 300 306 287 279 279 284 289 299 293 272 285 309 315 306 304 301 301 289 298 305 299 286 292 299 299 309 330 337 325 312 300 295 290 291 287 280 269 265 260 251 248 260 259
294 262 283 281 264 249 249 259 264 270 267 277 300 305 326 335 352 363 331 321 323 318 321 301 280 283 294 300 309 313 315 309 319 313 317 316 308 314 352 349 326 325 324 330 311 298 296 292 302 296 290 280 277 298 301 277 290 295 308 309 310 303 297 293 288 299 297 282 281 289 303 313 320 326 323 314 300 291 287 277 276 272 267 270 265 262 248 242 252
285 258 277 275 263 251 248 250 269 270 262 282 289 310 323 340 348 340 321 309 297 295 298 295 280 297 308 300 297 295 290 305 300 308 309 307 311 334 340 339 335 311 302 302 306 324 317 313 296 290 288 282 269 274 286 271 276 290 296 305 313 309 305 309 302 289 285 283 298 300 301 304 303 305 310 310 323 316 295 282 286 282 275 268 274 265 248 241 236
260 257 285 294 267 249 248 263 294 293 273 294 318 323 332 330 345 358 332 314 305 305 297 286 278 288 296 288 292 292 299 302 306 318 316 315 326 341 315 325 316 318 324 320 322 311 302 297 292 305 301 284 288 277 270 264 273 275 283 300 310 312 304 299 304 297 285 279 280 290 300 303 293 304 304 306 321 324 306 290 292 289 280 286 280 261 269 259 248
271 256 290 282 262 248 248 260 276 275 283 301 317 326 313 316 337 382 370 342 323 312 302 287 279 286 283 288 296 305 320 312 313 304 310 304 314 312 322 331 328 327 325 318 314 309 309 316 313 307 286 275 267 267 260 263 255 271 286 300 307 306 301 290 286 296 303 291 269 277 294 303 298 293 301 298 304 311 305 293 288 282 281 287 279 274 280 268 255
263 254 257 270 274 249 248 252 265 266 273 289 304 317 305 320 326 332 341 323 327 323 304 275 270 275 280 281 301 311 310 306 287 287 286 304 310 335 332 317 315 319 312 308 306 303 309 311 304 292 280 279 288 284 261 253 270 287 293 298 300 295 299 301 294 284 299 298 281 273 290 294 307 296 287 294 301 302 298 291 289 290 293 287 280 273 273 266 265
284 273 261 252 259 251 248 252 264 261 258 288 298 303 305 317 320 316 310 307 316 316 301 281 270 277 292 281 284 294 291 289 304 305 290 318 314 308 326 309 309 319 314 301 310 307 296 301 298 294 299 300 296 277 262 266 262 268 285 284 298 300 291 286 287 281 277 294 300 270 277 297 305 298 283 288 293 294 293 282 292 289 282 284 283 273 262 261 256
272 286 268 249 250 255 248 250 258 241 253 284 285 295 302 314 309 306 297 300 300 300 303 279 276 296 278 271 280 280 288 307 310 315 306 310 304 297 303 297 309 315 304 300 296 297 286 289 291 288 292 290 284 272 272 273 263 261 273 278 295 297 301 291 285 279 271 287 293 276 270 288 295 294 278 291 292 285 284 277 283 277 272 277 267 259 261 257 257
271 258 256 255 248 262 244 220 232 228 243 271 282 278 297 315 314 307 299 290 288 289 297 272 286 288 267 279 285 282 291 302 300 307 315 289 283 285 292 301 304 301 300 293 285 284 294 286 286 284 284 279 281 285 287 289 282 268 266 289 287 291 297 306 298 287 273 264 262 259 260 279 286 289 272 287 285 281 270 271 268 265 268 260 253 246 244 239 -9999
265 269 256 248 254 268 246 229 219 226 267 282 271 289 303 307 310 306 293 297 287 278 283 269 276 263 274 286 299 304 305 305 295 287 293 280 282 299 296 294 281 279 296 305 302 285 287 292 282 275 284 271 282 289 296 298 290 281 262 278 283 277 293 300 297 286 281 285 276 282 261 269 272 270 261 275 281 273 263 261 257 257 252 251 252 254 -9999 -9999 -9999
259 255 251 252 264 269 249 233 227 263 286 273 259 285 304 300 294 298 294 280 278 261 262 255 263 277 278 280 295 299 294 294 289 274 271 279 293 300 286 281 275 287 285 296 306 296 285 280 279 281 272 272 281 279 294 300 293 279 268 262 269 277 286 284 289 287 295 293 289 285 267 253 249 257 270 279 288 279 275 275 277 267 261 268 -9999 -9999 -9999 -9999 -9999
258 248 249 260 274 250 228 216 245 292 282 256 267 288 302 295 290 284 280 268 268 277 279 276 290 284 278 292 295 295 289 301 279 262 274 290 285 290 283 277 263 273 278 291 305 302 288 277 273 275 265 259 276 274 291 302 298 288 274 264 265 275 279 281 284 287 288 290 282 271 274 262 247 264 273 280 283 281 285 283 270 265 -9999 -9999 -9999 -9999 -9999 -9999 -9999
261 251 250 266 269 243 217 227 269 289 261 253 284 300 302 291 282 287 260 272 283 273 286 300 287 281 263 276 287 296 274 270 264 272 292 292 273 278 281 266 273 290 287 289 303 301 305 301 283 276 264 251 263 268 283 293 290 284 267 259 280 286 282 271 278 276 277 290 291 283 280 271 258 252 263 267 267 275 286 282 -9999 -9999 -9999 -9999 -9999 -9999 -9999 -9999 -9999
251 255 249 249 254 235 208 241 287 279 242 260 282 295 293 278 270 284 247 237 249 264 283 292 282 266 256 269 279 281 276 262 272 285 299 291 282 266 277 262 273 277 282 294 292 288 296 289 275 283 285 267 264 256 259 279 278 274 255 254 263 274 273 264 265 270 281 292 289 284 277 268 256 248 259 262 275 -9999 -9999 -9999 -9999 -9999 -9999 -9999 -9999 -9999 -9999 -9999 -9999
259 248 249 248 248 238 232 271 261 265 229 249 270 294 283 261 250 238 226 248 251 267 276 282 272 259 258 268 275 281 266 262 272 279 296 290 273 263 274 260 266 269 280 290 277 282 280 285 280 277 285 280 267 268 257 269 267 272 251 255 266 276 268 261 267 277 282 288 286 280 279 279 266 251 247 -9999 -9999 -9999 -9999 -9999 -9999 -9999 -9999 -9999 -9999 -9999 -9999 -9999 -9999
258 252 249 248 249 254 233 240 221 231 228 260 277 277 274 245 219 227 243 248 265 277 279 281 271 276 254 270 280 268 256 266 270 282 281 275 277 264 259 259 266 285 283 276 268 269 276 284 284 270 267 268 258 257 255 258 258 269 252 262 277 275 267 254 258 265 278 291 285 278 272 271 -9999 -9999 -9999 -9999 -9999 -9999 -9999 -9999 -9999 -9999 -9999 -9999 -9999 -9999 -9999 -9999 -9999
248 249 248 253 242 244 234 240 247 233 227 228 240 247 247 227 222 237 259 271 277 283 273 268 272 257 257 263 261 257 263 271 284 289 279 270 264 268 251 257 261 261 260 264 276 281 285 287 289 282 267 279 276 256 255 266 259 266 255 272 273 270 268 250 257 272 281 287 276 275 -9999 -9999 -9999 -9999 -9999 -9999 -9999 -9999 -9999 -9999 -9999 -9999 -9999 -9999 -9999 -9999 -9999 -9999 -9999
248 248 257 272 258 238 255 268 264 244 220 206 217 233 222 235 243 246 260 276 267 275 277 250 259 245 246 254 264 276 281 286 281 283 273 260 253 261 250 251 260 265 279 283 288 297 290 283 288 284 286 284 281 271 272 268 254 258 252 267 270 265 262 249 262 274 282 284 -9999 -9999 -9999 -9999 -9999 -9999 -9999 -9999 -9999 -9999 -9999 -9999 -9999 -9999 -9999 -9999 -9999 -9999 -9999 -9999 -9999
256 256 283 283 283 277 274 268 244 229 212 221 252 224 222 230 241 245 263 259 261 269 271 249 241 241 252 252 275 281 270 279 273 269 279 279 258 252 259 265 269 274 281 280 289 294 288 277 276 282 286 272 276 281 281 273 266 257 248 256 259 266 251 249 266 -9999 -9999 -9999 -9999 -9999 -9999 -9999 -9999 -9999 -9999 -9999 -9999 -9999 -9999 -9999 -9999 -9999 -9999 -9999 -9999 -9999 -9999 -9999 -9999
274 274 275 267 264 253 245 246 247 233 209 230 222 209 227 255 260 261 264 259 249 256 239 240 255 262 260 261 270 272 264 274 279 267 271 273 261 249 261 270 262 273 274 284 285 276 282 280 270 278 277 267 269 280 282 279 277 261 248 254 256 264 250 -9999 -9999 -9999 -9999 -9999 -9999 -9999 -9999 -9999 -9999 -9999 -9999 -9999 -9999 -9999 -9999 -9999 -9999 -9999 -9999 -9999 -9999 -9999 -9999 -9999 -9999
272 273 272 280 275 263 236 225 240 230 217 206 206 217 220 233 252 260 257 256 240 235 238 254 262 260 260 253 259 270 260 265 275 270 261 258 254 249 255 266 258 276 284 277 268 264 277 279 269 265 264 267 267 274 268 270 276 265 247 246 260 -9999 -9999 -9999 -9999 -9999 -9999 -9999 -9999 -9999 -9999 -9999 -9999 -9999 -9999 -9999 -9999 -9999 -9999 -9999 -9999 -9999 -9999 -9999 -9999 -9999 -9999 -9999 -9999
289 292 289 290 285 273 254 230 222 222 217 206 213 219 233 251 250 259 250 252 243 225 241 260 263 254 245 257 266 262 254 267 271 272 252 248 245 256 265 263 261 266 268 262 262 273 277 282 278 271 271 270 261 263 265 260 268 258 -9999 -9999 -9999 -9999 -9999 -9999 -9999 -9999 -9999 -9999 -9999 -9999 -9999 -9999 -9999 -9999 -9999 -9999 -9999 -9999 -9999 -9999 -9999 -9999 -9999 -9999 -9999 -9999 -9999 -9999 -9999
281 282 281 274 277 276 260 239 231 217 215 203 204 227 243 253 251 243 239 238 226 241 248 260 250 255 243 256 255 249 251 267 259 260 244 243 256 259 263 249 255 249 252 256 268 272 274 275 283 285 284 272 279 274 256 249 -9999 -9999 -9999 -9999 -9999 -9999 -9999 -9999 -9999 -9999 -9999 -9999 -9999 -9999 -9999 -9999 -9999 -9999 -9999 -9999 -9999 -9999 -9999 -9999 -9999 -9999 -9999 -9999 -9999 -9999 -9999 -9999 -9999
289 275 275 264 255 258 268 265 256 231 218 201 194 210 223 240 254 254 232 226 246 259 257 255 246 244 245 242 251 248 249 261 248 242 247 255 262 264 252 244 249 266 262 273 272 269 263 269 274 290 285 282 285 268 -9999 -9999 -9999 -9999 -9999 -9999 -9999 -9999 -9999 -9999 -9999 -9999 -9999 -9999 -9999 -9999 -9999 -9999 -9999 -9999 -9999 -9999 -9999 -9999 -9999 -9999 -9999 -9999 -9999 -9999 -9999 -9999 -9999 -9999 -9999
274 279 271 258 239 253 265 256 242 232 228 207 207 223 238 242 246 230 228 240 247 255 255 261 257 244 239 243 245 238 254 251 240 245 252 255 261 254 240 256 271 272 272 271 260 256 259 265 277 287 280 -9999 -9999 -9999 -9999 -9999 -9999 -9999 -9999 -9999 -9999 -9999 -9999 -9999 -9999 -9999 -9999 -9999 -9999 -9999 -9999 -9999 -9999 -9999 -9999 -9999 -9999 -9999 -9999 -9999 -9999 -9999 -9999 -9999 -9999 -9999 -9999 -9999 -9999
253 264 270 255 234 247 248 250 237 223 226 207 204 212 220 233 242 225 234 246 257 252 246 256 256 241 234 242 236 243 237 232 237 248 261 265 246 236 247 262 256 264 271 269 255 248 269 266 280 -9999 -9999 -9999 -9999 -9999 -9999 -9999 -9999 -9999 -9999 -9999 -9999 -9999 -9999 -9999 -9999 -9999 -9999 -9999 -9999 -9999 -9999 -9999 -9999 -9999 -9999 -9999 -9999 -9999 -9999 -9999 -9999 -9999 -9999 -9999 -9999 -9999 -9999 -9999 -9999
240 258 239 227 215 216 218 215 216 213 210 205 204 212 234 240 244 225 229 246 249 256 243 255 257 243 236 238 231 237 248 243 252 254 263 259 241 234 250 254 241 249 263 261 255 244 254 -9999 -9999 -9999 -9999 -9999 -9999 -9999 -9999 -9999 -9999 -9999 -9999 -9999 -9999 -9999 -9999 -9999 -9999 -9999 -9999 -9999 -9999 -9999 -9999 -9999 -9999 -9999 -9999 -9999 -9999 -9999 -9999 -9999 -9999 -9999 -9999 -9999 -9999 -9999 -9999 -9999 -9999
239 243 242 240 243 233 237 239 237 218 209 204 211 220 240 242 226 218 241 254 247 240 244 256 240 228 231 229 245 260 263 262 263 264 264 249 228 236 253 235 250 256 259 252 253 -9999 -9999 -9999 -9999 -9999 -9999 -9999 -9999 -9999 -9999 -9999 -9999 -9999 -9999 -9999 -9999 -9999 -9999 -9999 -9999 -9999 -9999 -9999 -9999 -9999 -9999 -9999 -9999 -9999 -9999 -9999 -9999 -9999 -9999 -9999 -9999 -9999 -9999 -9999 -9999 -9999 -9999 -9999 -9999
231 252 262 263 271 266 257 236 220 220 206 212 237 240 251 248 239 221 239 252 254 240 248 243 237 250 257 253 254 264 265 264 267 268 257 242 225 232 232 229 241 257 -9999 -9999 -9999 -9999 -9999 -9999 -9999 -9999 -9999 -9999 -9999 -9999 -9999 -9999 -9999 -9999 -9999 -9999 -9999 -9999 -9999 -9999 -9999 -9999 -9999 -9999 -9999 -9999 -9999 -9999 -9999 -9999 -9999 -9999 -9999 -9999 -9999 -9999 -9999 -9999 -9999 -9999 -9999 -9999 -9999 -9999 -9999
230 252 253 254 258 256 246 243 226 207 210 210 218 235 244 237 234 226 246 254 250 251 237 237 244 252 257 258 258 250 258 257 262 261 244 234 221 221 224 240 -9999 -9999 -9999 -9999 -9999 -9999 -9999 -9999 -9999 -9999 -9999 -9999 -9999 -9999 -9999 -9999 -9999 -9999 -9999 -9999 -9999 -9999 -9999 -9999 -9999 -9999 -9999 -9999 -9999 -9999 -9999 -9999 -9999 -9999 -9999 -9999 -9999 -9999 -9999 -9999 -9999 -9999 -9999 -9999 -9999 -9999 -9999 -9999 -9999
218 233 233 247 239 235 238 232 225 206 218 228 224 229 237 243 222 217 242 252 249 240 230 235 242 237 244 246 246 248 252 255 261 244 234 227 217 222 -9999 -9999 -9999 -9999 -9999 -9999 -9999 -9999 -9999 -9999 -9999 -9999 -9999 -9999 -9999 -9999 -9999 -9999 -9999 -9999 -9999 -9999 -9999 -9999 -9999 -9999 -9999 -9999 -9999 -9999 -9999 -9999 -9999 -9999 -9999 -9999 -9999 -9999 -9999 -9999 -9999 -9999 -9999 -9999 -9999 -9999 -9999 -9999 -9999 -9999 -9999
218 220 214 222 214 210 214 209 216 209 204 205 209 230 232 230 221 224 246 245 236 227 227 234 238 245 249 248 254 259 255 247 249 235 221 218 -9999 -9999 -9999 -9999 -9999 -9999 -9999 -9999 -9999 -9999 -9999 -9999 -9999 -9999 -9999 -9999 -9999 -9999 -9999 -9999 -9999 -9999 -9999 -9999 -9999 -9999 -9999 -9999 -9999 -9999 -9999 -9999 -9999 -9999 -9999 -9999 -9999 -9999 -9999 -9999 -9999 -9999 -9999 -9999 -9999 -9999 -9999 -9999 -9999 -9999 -9999 -9999 -9999
234 244 233 214 211 208 209 207 208 207 205 207 220 230 230 216 229 240 243 240 226 228 243 246 250 247 253 258 257 253 243 246 245 -9999 -9999 -9999 -9999 -9999 -9999 -9999 -9999 -9999 -9999 -9999 -9999 -9999 -9999 -9999 -9999 -9999 -9999 -9999 -9999 -9999 -9999 -9999 -9999 -9999 -9999 -9999 -9999 -9999 -9999 -9999 -9999 -9999 -9999 -9999 -9999 -9999 -9999 -9999 -9999 -9999 -9999 -9999 -9999 -9999 -9999 -9999 -9999 -9999 -9999 -9999 -9999 -9999 -9999 -9999 -9999
