Demos/Rbased/CrashCourse/data/climate_processing/PresentLayers/Shortia_galacifolia/elev.asc
NCOLS 603 
NROWS 190 
XLLCORNER -83.7416666666667 
YLLCORNER 34.6416666666666 
CELLSIZE 0.00833333333333332 
NODATA_value -9999 
[rows 120 to 159 of 190, columns 0 to 89 of 603]
-9999 -9999 -9999 -9999 -9999 -9999 -9999 -9999 -9999 914 878 947 978 1064 1059 1007 1075 1159 1235 1274 1301 1314 1178 1040 933 878 822 757 722 688 686 700 708 705 706 679 656 625 621 632 653 634 625 629 624 660 678 707 703 716 707 748 827 975 1132 1057 1076 1018 966 945 1011 1069 1239 1171 1067 1070 1122 1121 1103 1008 897 838 863 920 956 1000 1078 1206 1110 1005 996 1099 1033 921 961 920 851 882 951 978
-9999 -9999 -9999 -9999 -9999 -9999 -9999 -9999 1091 1014 922 950 1006 1058 1059 1152 1139 1158 1236 1318 1350 1340 1152 1008 873 779 737 721 715 725 713 732 759 677 655 668 668 687 671 668 655 647 656 655 633 635 656 665 660 679 727 765 808 994 976 969 946 932 877 903 978 1163 1252 1266 1184 1203 1215 1175 1012 907 886 952 1118 1051 994 1059 1106 1130 1167 1146 1218 1210 1062 980 1012 1026 973 936 969 997
-9999 -9999 -9999 -9999 -9999 -9999 -9999 1113 1105 949 912 1019 999 1042 1210 1321 1233 1281 1244 1242 1348 1207 1041 924 836 802 803 877 826 806 883 878 889 784 740 745 713 734 709 692 683 673 647 625 642 659 658 658 682 699 705 741 849 1020 882 887 799 845 938 1076 1067 1157 1344 1336 1324 1232 1179 1101 1043 984 1034 1042 1100 1183 1125 1100 1112 1170 1270 1312 1261 1180 1106 1052 1090 1058 1101 1066 1074 1035
-9999 -9999 -9999 -9999 -9999 -9999 -9999 1026 1099 1051 936 953 988 1165 1318 1423 1398 1396 1326 1343 1337 1336 1145 990 1025 996 964 993 915 853 923 1016 1019 976 852 830 860 875 780 771 747 661 634 646 660 662 707 670 649 671 723 758 786 828 787 708 718 842 926 1044 1151 1322 1365 1290 1219 1180 1129 1120 1100 1089 1070 1166 1087 1206 1195 1129 1153 1257 1288 1223 1172 1170 1104 1137 1150 1145 1185 1151 1131 1046
-9999 -9999 -9999 -9999 -9999 -9999 989 980 983 936 940 1010 1059 1156 1258 1337 1482 1532 1435 1434 1377 1413 1364 1220 1181 1086 1072 1046 994 961 989 904 814 903 893 842 827 856 832 762 701 675 654 632 627 655 678 685 691 706 718 765 758 731 734 741 849 927 979 1028 1092 1189 1280 1224 1231 1146 1108 1099 1135 1125 1082 1145 1129 1130 1185 1265 1292 1344 1267 1180 1190 1129 1172 1198 1168 1214 1214 1203 1154 1083
-9999 -9999 -9999 -9999 -9999 952 961 980 932 957 962 1062 1190 1225 1243 1327 1395 1398 1517 1526 1482 1545 1364 1156 1131 1097 1047 915 974 895 907 809 717 742 784 822 758 716 684 713 660 647 641 636 617 652 662 668 662 711 721 697 729 675 761 829 978 1130 1075 1117 1169 1234 1297 1181 1138 1161 1215 1179 1132 1138 1083 1084 1115 1123 1177 1213 1302 1348 1315 1198 1158 1166 1249 1233 1183 1277 1257 1181 1115 1201
-9999 -9999 -9999 -9999 -9999 1007 1061 1046 984 928 956 1005 1137 1291 1401 1312 1371 1414 1504 1564 1446 1272 1244 1032 993 907 965 807 846 792 843 810 724 679 711 716 674 684 656 670 661 659 656 640 629 637 656 640 638 676 646 675 677 674 790 994 1105 1136 1141 1067 1056 1166 1266 1237 1239 1315 1255 1172 1187 1184 1114 1079 1074 1112 1209 1156 1296 1293 1305 1247 1198 1220 1233 1247 1246 1261 1207 1163 1157 1202
-9999 -9999 -9999 -9999 1075 1060 1141 1128 1050 929 939 1009 1046 1139 1233 1301 1310 1297 1344 1346 1172 1016 988 905 859 810 773 755 744 709 708 671 668 694 658 663 645 637 661 645 646 639 640 638 651 641 636 653 660 667 687 643 702 793 908 1063 1066 995 1001 973 1074 1233 1382 1341 1275 1216 1255 1245 1241 1202 1122 1095 1090 1080 1130 1145 1211 1210 1256 1305 1262 1309 1298 1205 1179 1166 1140 1185 1181 1228
-9999 -9999 -9999 -9999 1153 1096 1180 1115 1059 986 962 1048 1143 1107 1108 1187 1218 1232 1239 1287 1187 1119 1029 986 938 895 886 986 928 762 702 681 689 663 664 676 662 665 634 639 657 656 643 636 668 678 657 698 697 801 724 682 835 888 953 956 1034 920 935 1067 1179 1288 1288 1283 1260 1240 1303 1258 1241 1160 1115 1120 1162 1088 1119 1154 1158 1183 1232 1284 1236 1170 1298 1217 1222 1189 1218 1213 1188 1217
-9999 -9999 -9999 1319 1132 993 1082 1145 1051 1047 1059 972 1145 1198 1165 1240 1289 1243 1342 1457 1403 1269 1138 1077 1119 994 971 934 867 770 691 672 712 718 764 702 702 677 679 665 693 670 674 629 636 666 735 805 792 790 715 663 685 749 745 864 875 855 984 1182 1212 1075 1070 1233 1413 1320 1275 1250 1243 1205 1154 1141 1149 1120 1125 1210 1201 1239 1236 1224 1119 1040 1181 1202 1228 1233 1220 1261 1269 1250
-9999 -9999 -9999 1378 1226 999 1022 1106 1063 1091 967 979 991 1043 1086 1163 1130 1267 1415 1450 1368 1352 1321 1295 1245 1133 963 816 738 690 680 727 812 955 881 761 724 707 780 778 733 668 686 634 642 667 703 835 900 890 752 716 696 697 684 702 765 917 979 1042 988 1057 1126 1266 1272 1367 1431 1287 1242 1195 1176 1140 1205 1170 1158 1180 1308 1317 1212 1115 1070 1006 1157 1120 1188 1202 1146 1276 1286 1303
-9999 -9999 1158 1164 1141 941 1000 1145 1103 1222 1093 1037 992 1019 998 1072 1210 1256 1275 1283 1275 1222 1325 1257 1044 949 879 783 743 740 718 711 794 888 967 838 805 768 754 705 672 658 667 630 643 667 703 848 1018 877 756 881 910 903 723 716 845 935 872 916 983 1017 1099 1169 1195 1293 1358 1228 1206 1166 1146 1159 1200 1184 1137 1213 1209 1161 1108 1046 1031 993 1014 1003 1055 1127 1058 1030 1094 1193
-9999 -9999 1050 1071 988 858 987 1093 1201 1265 1185 1056 1011 1036 1007 1024 1125 1197 1205 1131 1109 1210 1208 1191 1134 963 865 839 785 741 819 727 703 785 923 800 714 681 675 673 668 652 654 628 651 693 742 915 985 926 885 1050 1046 807 761 742 846 906 967 966 1058 1175 1189 1163 1203 1217 1257 1275 1203 1173 1147 1175 1227 1185 1185 1143 1103 1074 1092 1098 1096 1094 975 986 990 1011 1032 988 966 1003
-9999 -9999 965 926 859 804 904 927 1068 1146 1172 1081 1152 1052 1068 1063 1057 1167 1137 1072 1155 1204 1122 1234 1271 1086 958 884 833 814 850 740 768 757 808 840 765 742 693 656 642 646 647 637 656 725 844 823 907 1053 1136 1067 946 936 970 923 907 901 948 1068 1195 1246 1241 1285 1291 1353 1351 1400 1261 1185 1174 1204 1184 1190 1176 1099 1074 1093 1118 1134 1196 1140 992 1024 1031 977 976 978 967 946
-9999 917 869 762 757 785 836 845 931 988 1180 1254 1233 1137 1076 1143 1146 1052 1088 1060 1104 1069 1069 1121 1212 1203 1121 929 862 807 769 743 806 798 750 823 794 727 699 732 684 662 650 633 670 749 744 884 1053 1113 1249 1207 1070 1044 1013 978 909 949 1024 1042 1100 1150 1217 1258 1295 1305 1278 1326 1313 1276 1211 1147 1093 1060 1062 1071 1072 1082 1100 1080 1142 1207 1171 1111 1063 1006 1046 1012 1001 967
-9999 731 703 721 710 725 741 804 837 972 1127 1190 1148 1075 1033 1061 1124 1201 1216 1123 1078 1040 1035 1062 1061 1143 1108 1006 930 867 871 839 924 831 821 982 934 827 818 741 686 669 639 641 677 738 829 1000 971 1045 1126 1319 1243 1103 1110 1045 984 935 1095 1200 1152 1221 1270 1292 1256 1234 1213 1221 1232 1317 1301 1207 1067 1039 971 1072 1097 1073 1077 1068 1087 1185 1143 1179 1098 1029 1141 1071 1073 1013
-9999 649 658 683 693 739 827 824 848 897 1044 1152 1076 1095 1046 1057 1168 1189 1284 1212 1112 1134 1128 1136 1098 1099 1264 1221 1030 1015 1074 972 928 828 891 952 931 924 910 838 703 681 650 629 685 833 931 890 862 939 1015 1123 1303 1215 1094 1077 985 1035 1077 1138 1134 1151 1210 1237 1207 1203 1206 1236 1253 1249 1272 1265 1278 1236 984 973 1008 1019 1061 1076 1083 1126 1084 1145 1225 1069 1017 1010 1005 1009
-9999 709 716 741 781 800 803 872 988 1078 1240 1244 1224 1199 1091 1052 1194 1225 1219 1194 1216 1301 1206 1184 1170 1090 1196 1290 1211 1240 1262 1113 1032 907 1007 878 792 746 750 750 693 667 644 645 752 767 738 718 731 777 872 927 1026 1232 1222 1133 1083 1066 1024 1045 1077 1120 1219 1204 1213 1219 1196 1216 1245 1241 1252 1259 1242 1052 952 902 935 939 985 1154 1089 1083 1087 1195 1235 1110 1061 1008 947 922
706 752 686 745 779 874 1028 1051 1128 1342 1410 1416 1344 1163 1206 1185 1102 1137 1172 1293 1420 1387 1206 1179 1138 1078 1122 1194 1263 1402 1372 1166 1071 1082 1038 962 922 826 753 696 694 656 648 665 695 670 685 715 778 735 765 791 902 1075 1182 1225 1107 1080 1123 1074 1054 1106 1149 1173 1167 1161 1163 1170 1207 1186 1004 924 952 921 879 912 885 919 1068 1085 1072 1067 1097 1107 1092 1095 1052 1039 984 903
694 794 717 773 875 1046 1131 1200 1192 1204 1293 1279 1252 1079 1110 1178 1201 1136 1142 1230 1294 1308 1242 1218 1199 1233 1107 1138 1247 1362 1471 1404 1250 1088 935 822 780 734 723 698 663 685 646 656 674 739 821 779 819 898 811 801 850 939 1171 1120 1098 1071 1147 1187 1176 1164 1129 1154 1154 1199 1234 1207 1236 1178 1019 906 871 873 858 873 928 1063 1111 1064 1022 1034 1033 1032 1045 1098 1087 1013 985 970
707 708 709 832 1017 964 934 1090 1025 919 1104 996 997 845 854 976 1142 1264 1168 1255 1357 1323 1230 1226 1307 1289 1167 1103 1198 1363 1480 1505 1251 1070 963 907 801 801 870 707 691 746 654 649 657 679 846 950 893 965 931 914 1057 1050 1189 1217 1146 1208 1098 1196 1226 1204 1125 1158 1171 1174 1203 1168 1160 1183 1152 1127 894 870 882 927 1069 1132 1213 1078 1053 1028 994 975 978 1073 1050 968 996 912
640 639 739 856 925 807 858 991 881 781 910 852 766 728 784 850 944 1132 1263 1191 1301 1438 1306 1382 1422 1392 1228 1109 1211 1280 1396 1416 1395 1104 970 905 891 889 761 694 727 758 662 658 678 670 816 896 1061 1081 1053 1079 1134 1239 1300 1280 1281 1238 1154 1238 1196 1145 1179 1150 1177 1225 1226 1070 933 949 924 1025 953 876 858 952 950 1068 1091 1120 1086 1058 1036 1006 959 1032 971 958 952 849
608 631 713 700 777 710 826 821 724 698 717 682 685 743 801 848 902 967 1184 1288 1283 1365 1356 1443 1566 1453 1283 1158 1175 1333 1368 1412 1376 1181 1088 1098 1000 955 949 803 776 758 672 668 781 722 748 931 1032 1022 1090 1137 1162 1207 1362 1362 1310 1206 1213 1202 1135 1131 1149 1220 1161 1239 1250 1176 990 942 932 923 915 874 894 909 967 944 961 994 1024 1003 1119 1125 977 920 868 855 902 750
607 627 642 623 661 664 686 709 662 654 650 706 753 781 857 962 1066 1155 1242 1396 1400 1253 1121 1254 1498 1492 1362 1209 1198 1299 1319 1334 1284 1396 1260 1137 980 1068 1100 878 900 737 675 660 742 793 725 920 926 1067 1113 1120 1133 1196 1188 1179 1098 1055 1133 1070 973 956 975 994 1031 1033 1018 1045 919 878 992 948 885 857 941 896 982 888 875 899 971 959 1010 1033 1038 965 911 714 699 687
596 599 602 624 616 635 626 627 635 667 669 683 696 747 859 929 968 1081 1259 1387 1250 1176 998 1171 1408 1461 1455 1296 1212 1256 1329 1383 1162 1206 1332 1173 1079 1098 1031 860 795 725 689 666 736 859 779 842 945 1032 1128 1113 1132 1176 1105 977 938 899 912 868 875 884 858 852 877 876 901 956 911 862 966 972 913 835 901 856 872 858 903 988 1060 957 945 932 903 868 762 721 657 618
628 616 657 666 638 751 661 669 643 660 742 739 712 728 771 820 912 1040 1191 1328 1233 1046 945 1106 1223 1295 1399 1305 1297 1311 1393 1375 1130 977 1108 1010 926 980 1018 889 850 708 660 674 698 829 868 793 859 1002 1074 1098 1105 1161 1158 1006 881 826 811 819 839 852 809 813 812 863 908 873 845 814 865 937 899 826 812 784 845 854 851 908 996 954 897 914 785 759 702 699 627 542
706 665 815 754 659 726 726 793 688 700 708 766 846 890 792 820 919 1080 1286 1262 1088 1022 890 968 1097 1239 1418 1333 1350 1366 1458 1313 1103 933 868 922 829 911 897 881 856 755 671 661 807 880 829 863 999 1062 1129 1096 1087 1128 1193 1089 982 922 815 790 785 819 809 785 814 816 840 831 791 802 925 958 943 894 866 780 782 810 839 874 873 914 880 895 765 707 657 616 575 460
768 714 700 748 742 814 848 900 783 819 703 742 840 1031 963 970 1058 1180 1191 1163 1031 909 835 977 1204 1288 1445 1216 1233 1269 1366 1164 1021 929 758 780 768 868 928 868 828 759 676 664 778 716 728 867 970 1047 1074 1085 1122 1101 1116 980 902 885 895 807 760 777 788 776 813 774 800 768 783 844 911 913 966 970 892 830 735 739 881 893 848 881 866 861 742 645 599 549 498 519
695 639 624 643 675 806 940 950 961 884 831 852 969 1053 1244 1131 1082 1086 1052 1064 968 886 825 983 1061 1155 1316 1088 1026 1067 1179 1183 973 858 807 749 762 859 883 830 788 719 679 669 704 664 743 904 955 1002 974 1021 1136 1054 996 901 847 805 848 799 811 759 731 780 769 749 757 737 771 866 842 899 903 834 874 842 723 727 868 881 813 836 844 804 719 602 550 525 467 431
607 626 614 669 734 829 992 1105 1132 1100 1108 1060 1120 1166 1113 1023 911 1026 943 1017 948 852 783 987 949 1090 1186 1028 928 1017 1094 1145 1009 848 793 777 723 721 742 731 737 722 686 648 661 707 771 836 965 1028 1002 1058 1123 1064 958 887 849 753 733 773 737 737 708 733 706 730 730 725 758 869 858 807 788 777 728 708 757 803 822 868 884 851 732 718 705 597 570 511 442 408
622 640 632 690 807 1024 1132 968 1024 1071 1064 995 965 1049 895 895 834 1001 932 898 978 871 766 862 892 975 1077 945 917 963 913 1005 949 857 864 843 740 789 726 719 707 673 671 655 651 678 730 927 992 1140 1118 1206 1254 1201 1060 933 834 777 741 714 696 692 683 658 766 770 749 762 838 841 852 808 753 803 689 708 773 858 869 871 851 717 606 650 616 570 526 471 454 483
697 836 705 737 841 1090 1113 836 800 870 910 818 860 843 798 787 799 968 931 870 859 821 790 834 926 1013 1020 879 904 829 816 958 1061 992 989 1011 906 955 904 806 711 674 655 651 662 743 833 940 1002 1023 1059 1180 1305 1207 1119 1065 863 886 820 796 768 721 689 611 719 708 722 731 799 793 746 731 758 748 678 760 787 810 840 838 765 565 493 518 570 531 483 469 497 499
-9999 886 774 841 855 940 930 787 704 792 841 810 728 695 706 728 811 940 944 923 830 828 759 866 927 908 864 866 820 773 794 862 941 981 943 1020 1055 922 819 708 679 670 658 661 709 813 852 886 965 1003 1102 1153 1082 1060 991 971 886 894 813 800 763 725 637 583 619 654 698 701 686 644 666 716 800 696 656 691 771 765 768 759 731 593 475 467 463 402 445 413 386 419
-9999 685 696 708 714 868 871 749 678 709 868 737 688 712 793 837 880 940 945 942 938 894 785 810 859 808 789 812 748 682 774 811 846 954 875 953 909 840 797 671 675 666 665 671 706 847 939 936 967 999 1041 1040 951 862 948 879 838 818 806 783 760 684 687 649 583 549 573 587 607 682 685 646 742 656 653 650 702 710 716 624 544 492 462 434 394 363 386 366 343 379
-9999 631 660 674 674 780 776 694 678 704 737 666 659 742 788 884 1030 1016 949 842 923 843 794 713 781 855 743 742 700 653 703 740 757 800 888 771 711 679 667 672 684 694 665 739 847 937 1078 1063 1000 1018 953 813 835 817 824 877 740 747 711 733 720 695 681 692 625 542 531 556 604 703 593 642 738 592 597 623 677 697 685 532 402 417 429 372 361 350 359 347 326 347
-9999 616 660 633 675 698 656 652 667 638 650 657 696 693 747 808 966 958 872 818 873 911 736 668 720 735 698 713 675 670 717 646 691 737 819 717 685 684 684 728 845 830 679 760 795 875 920 1044 959 869 876 803 696 702 728 789 713 673 687 694 666 643 615 621 658 665 570 529 603 596 534 565 578 574 596 637 657 662 559 440 399 374 369 352 374 360 339 342 327 341
-9999 -9999 613 609 605 626 646 678 688 746 789 784 716 764 782 794 883 935 875 810 804 795 799 748 640 675 668 692 639 681 637 692 808 906 871 835 841 791 784 754 800 775 679 686 730 764 852 959 904 757 721 726 763 677 639 665 705 637 629 602 590 595 597 675 712 618 551 559 517 527 608 578 638 652 608 706 663 608 465 395 377 354 346 344 370 352 339 334 321 333
-9999 -9999 625 608 642 665 657 649 719 755 795 833 857 940 860 879 965 908 849 841 856 799 720 687 630 676 664 696 646 671 690 802 896 860 848 882 887 889 900 916 874 764 668 758 874 873 902 990 933 872 730 674 676 729 670 584 632 620 557 557 560 587 560 653 645 559 523 530 534 626 643 633 692 689 629 678 670 574 440 383 357 339 344 359 360 348 344 330 319 324
-9999 -9999 607 618 721 813 830 775 728 788 853 877 910 950 847 803 896 887 796 766 795 794 735 659 634 695 665 627 659 698 790 821 834 822 823 865 884 948 1024 987 886 726 698 765 883 783 746 810 789 824 819 720 621 628 607 558 532 533 549 546 528 544 590 686 572 529 528 565 690 665 643 678 616 600 571 587 568 488 404 378 355 344 340 343 341 354 341 336 333 313
-9999 -9999 -9999 647 669 793 972 934 888 790 922 1045 1085 1056 853 754 804 851 778 729 710 707 675 625 622 640 616 617 718 713 797 807 822 813 848 971 952 921 912 808 704 637 653 664 804 801 700 678 672 660 674 655 597 542 549 568 608 613 555 554 528 506 563 613 537 507 533 562 626 605 572 625 614 569 549 553 518 465 399 369 363 349 330 334 360 361 343 338 323 309
