Demos/Rbased/CrashCourse/data/climate_processing/PresentLayers/Shortia_galacifolia/elev.asc
NCOLS 212 
NROWS 170 
XLLCORNER -83.691666666421 
YLLCORNER 34.5083333333333 
CELLSIZE 0.00833333333316012 
NODATA_value -9999 
[rows 120 to 159 of 170, columns 0 to 88 of 212]
-9999 -9999 -9999 746 789 784 716 764 782 794 883 935 875 810 804 795 799 748 640 675 668 692 639 681 637 692 808 906 871 835 841 791 784 754 800 775 679 686 730 764 852 959 904 757 721 726 763 677 639 665 705 637 629 602 590 595 597 675 712 618 551 559 517 527 608 578 638 652 608 706 663 608 465 395 377 354 346 344 370 352 339 334 321 333 336 363 384 368 349
-9999 -9999 -9999 755 795 833 857 940 860 879 965 908 849 841 856 799 720 687 630 676 664 696 646 671 690 802 896 860 848 882 887 889 900 916 874 764 668 758 874 873 902 990 933 872 730 674 676 729 670 584 632 620 557 557 560 587 560 653 645 559 523 530 534 626 643 633 692 689 629 678 670 574 440 383 357 339 344 359 360 348 344 330 319 324 326 350 345 340 327
-9999 -9999 -9999 788 853 877 910 950 847 803 896 887 796 766 795 794 735 659 634 695 665 627 659 698 790 821 834 822 823 865 884 948 1024 987 886 726 698 765 883 783 746 810 789 824 819 720 621 628 607 558 532 533 549 546 528 544 590 686 572 529 528 565 690 665 643 678 616 600 571 587 568 488 404 378 355 344 340 343 341 354 341 336 333 313 320 354 354 343 330
-9999 -9999 -9999 790 922 1045 1085 1056 853 754 804 851 778 729 710 707 675 625 622 640 616 617 718 713 797 807 822 813 848 971 952 921 912 808 704 637 653 664 804 801 700 678 672 660 674 655 597 542 549 568 608 613 555 554 528 506 563 613 537 507 533 562 626 605 572 625 614 569 549 553 518 465 399 369 363 349 330 334 360 361 343 338 323 309 318 329 347 356 338
-9999 -9999 -9999 997 951 1086 1060 1035 931 764 740 754 779 803 710 625 649 608 618 648 630 657 717 835 777 788 794 820 846 781 764 760 673 636 620 611 634 641 757 749 708 631 595 591 587 585 569 539 575 617 663 650 605 620 537 493 523 511 509 548 589 655 571 547 553 577 553 549 544 541 534 520 396 370 353 345 327 324 338 336 338 350 337 312 303 325 326 334 327
-9999 -9999 -9999 1153 1188 1081 965 931 981 834 734 690 741 771 688 635 672 660 609 661 717 691 773 810 750 756 779 750 737 670 652 612 613 599 595 586 609 646 663 705 714 675 663 653 610 595 585 587 613 557 535 558 557 567 494 496 498 523 535 626 617 576 550 535 547 542 538 535 524 536 564 548 435 393 355 326 324 326 332 330 322 325 318 318 300 299 313 320 328
-9999 -9999 -9999 996 1120 1032 1007 957 901 918 747 644 713 694 694 675 658 661 611 678 695 690 748 798 730 661 693 704 707 714 674 690 671 619 598 620 645 765 747 684 729 594 624 730 724 768 689 628 605 612 581 523 502 505 495 525 537 588 602 598 579 542 533 523 534 539 515 517 517 543 553 549 474 424 397 334 344 330 319 321 314 304 300 312 300 300 319 310 302
-9999 -9999 870 963 1006 955 909 896 858 840 843 695 640 633 633 655 596 588 592 695 668 661 670 662 665 715 701 693 735 802 692 610 626 594 595 609 621 607 538 577 592 541 568 725 785 645 590 559 529 568 577 544 517 478 514 523 543 597 593 530 539 532 511 504 519 503 500 525 541 534 537 539 497 362 346 335 341 339 346 350 338 319 312 294 295 298 310 311 303
-9999 -9999 947 1050 1037 996 981 969 947 795 758 696 664 592 599 624 586 654 618 635 605 690 816 858 775 684 645 612 597 650 630 590 602 590 605 626 688 636 521 503 533 522 517 554 655 683 579 526 507 519 522 519 491 516 493 496 503 535 534 518 509 517 522 509 492 489 508 528 525 519 521 488 451 389 348 325 323 333 332 331 318 318 302 306 291 286 307 296 307
-9999 -9999 1064 1106 1003 975 946 908 856 840 756 627 616 626 612 585 587 597 603 636 663 852 948 870 694 673 695 680 653 604 612 614 588 586 606 628 637 592 528 498 490 504 491 526 548 522 571 558 517 491 465 465 470 529 553 518 525 498 498 512 522 518 511 493 489 506 517 520 514 528 491 430 387 351 336 318 328 322 313 313 301 303 293 282 275 284 303 298 288
-9999 -9999 963 1030 979 905 865 854 816 771 727 660 641 589 615 601 576 643 777 703 671 715 759 786 726 695 683 688 683 631 598 631 582 593 607 561 531 509 518 508 513 489 483 488 511 515 532 583 560 530 452 486 517 545 590 545 554 519 505 504 519 498 477 487 483 508 510 510 512 529 517 407 344 340 342 339 346 326 315 308 307 292 311 290 280 269 277 280 262
-9999 -9999 888 1035 1066 944 886 858 809 773 741 689 598 610 591 590 575 642 733 674 628 644 691 719 739 728 741 669 653 679 635 596 592 606 584 566 610 639 573 595 539 496 484 496 492 477 496 536 501 472 464 505 523 541 564 577 576 540 536 508 489 469 477 486 489 496 497 506 514 524 499 423 368 383 359 358 344 337 325 324 318 317 313 304 298 286 267 266 283
-9999 -9999 903 956 1066 938 905 838 789 782 729 699 647 618 648 603 582 646 658 631 614 639 660 705 766 694 680 657 633 629 655 596 598 645 697 663 633 562 523 520 506 509 462 487 481 468 433 449 424 437 454 475 493 519 538 548 563 545 532 509 453 468 508 512 513 519 516 529 519 506 480 436 402 352 340 333 322 325 321 312 314 316 324 320 308 297 286 278 293
-9999 -9999 1007 1037 1033 983 880 817 786 747 724 672 615 654 652 608 577 586 602 609 633 633 658 697 730 742 734 710 670 605 578 573 592 628 657 686 633 612 580 566 534 485 454 469 471 450 408 430 469 508 519 525 542 521 539 562 535 534 505 456 464 484 512 519 527 530 528 520 484 460 369 379 385 371 332 319 320 313 322 305 296 308 311 315 313 307 297 295 288
-9999 -9999 1102 999 928 914 852 808 764 768 749 572 639 655 640 598 581 581 617 611 624 678 713 744 779 770 789 795 745 672 581 534 577 596 600 644 613 567 553 554 508 485 447 447 461 431 416 446 474 505 521 527 542 524 574 530 512 500 458 443 481 496 508 514 519 526 505 482 418 384 348 337 355 348 333 322 311 303 297 301 293 307 299 304 301 306 299 295 280
-9999 -9999 1032 903 827 819 752 781 742 695 594 564 628 600 595 584 612 604 597 575 604 698 741 714 776 721 668 637 617 580 564 533 535 532 552 580 614 559 530 558 516 476 442 429 422 401 442 459 497 506 515 502 501 519 526 513 492 451 432 459 488 511 513 519 504 507 472 428 392 345 331 321 329 329 326 320 310 303 292 287 293 296 300 290 291 298 293 290 281
-9999 -9999 913 857 771 668 608 600 619 605 551 568 592 585 591 643 675 635 628 632 579 642 680 701 782 821 781 691 665 631 584 566 547 545 571 577 570 542 525 516 486 450 421 413 390 420 422 451 483 498 497 486 508 519 513 488 455 409 461 492 492 494 481 475 483 456 400 401 350 338 325 322 315 322 315 305 311 311 311 300 280 291 304 292 278 280 279 286 273
-9999 -9999 742 780 922 744 630 549 554 564 534 590 575 570 630 716 732 707 671 623 580 641 679 776 869 872 853 772 692 708 614 600 561 521 517 524 550 527 513 494 483 491 464 458 392 441 453 457 479 483 481 494 506 507 493 442 424 462 459 493 462 446 432 454 464 449 401 353 346 333 322 311 305 312 303 301 298 305 299 299 287 285 301 297 289 277 261 276 270
-9999 -9999 618 690 711 658 597 583 525 538 521 558 550 625 678 738 746 674 654 632 576 582 631 774 811 740 715 664 617 609 554 532 530 546 549 523 615 630 560 507 470 459 445 433 374 455 492 499 502 498 500 497 490 473 433 402 448 415 408 456 397 420 448 493 492 478 445 362 329 324 318 320 315 303 304 299 296 290 284 296 301 281 295 303 290 281 257 269 272
-9999 -9999 602 547 525 523 541 586 541 504 508 536 555 588 619 684 751 743 745 739 716 606 572 668 625 607 590 555 538 565 537 578 589 628 566 504 548 620 539 506 479 465 439 402 363 433 480 494 484 492 510 479 479 433 413 415 391 394 382 363 367 362 418 477 438 442 411 371 331 312 306 313 304 304 315 308 307 300 294 290 283 280 297 296 276 281 264 253 271
-9999 593 557 502 496 495 551 619 562 508 502 542 553 558 579 657 795 865 834 832 774 638 567 567 557 548 585 560 579 543 575 626 610 569 523 523 616 610 506 480 464 457 424 363 399 430 458 479 496 502 482 441 416 440 465 459 432 440 362 316 315 354 379 484 380 346 341 333 315 296 313 311 297 292 307 298 296 285 298 299 277 280 291 275 285 268 269 252 258
-9999 519 507 491 486 484 569 626 574 523 499 527 565 533 545 620 713 765 833 776 702 642 621 610 643 606 561 562 636 681 624 679 664 551 486 530 560 526 478 431 425 403 352 394 474 482 481 498 484 474 441 395 423 467 439 455 407 361 358 345 318 317 430 424 329 326 325 320 301 296 309 303 296 280 298 293 277 276 297 296 279 264 267 268 260 259 271 268 253
-9999 523 502 482 462 535 564 566 538 515 510 506 542 509 556 549 564 674 770 770 737 716 717 745 728 681 675 613 648 701 653 619 610 575 527 484 447 488 495 419 321 319 384 446 460 475 490 480 442 398 385 439 435 437 436 406 353 342 328 326 336 315 354 350 331 305 316 305 293 285 295 296 288 274 291 283 275 268 293 303 299 289 282 256 257 249 255 275 266
-9999 508 501 478 461 501 513 542 534 499 508 525 504 489 525 574 612 616 599 597 645 678 701 793 803 777 733 668 603 595 599 595 574 614 598 546 497 423 410 420 300 401 461 451 452 480 456 408 360 414 426 433 392 405 363 379 391 381 336 314 326 291 307 307 321 296 312 303 299 281 288 280 278 274 285 280 263 272 298 294 284 279 282 274 265 258 249 258 252
-9999 492 475 462 445 487 531 534 488 474 476 508 518 503 583 545 594 574 531 519 554 564 614 670 705 745 737 675 572 533 520 546 553 536 535 509 496 475 394 317 314 445 446 433 453 417 371 362 401 436 467 447 357 315 340 374 353 337 324 303 320 292 289 310 304 291 290 305 300 287 285 279 272 266 277 271 262 272 277 287 276 269 284 284 269 261 256 250 248
-9999 480 503 455 440 444 447 460 440 445 485 537 534 503 504 517 569 563 519 495 507 529 530 584 581 566 566 576 586 533 503 509 519 520 491 482 493 464 420 402 317 396 419 453 396 295 368 367 381 427 461 411 337 279 293 347 343 338 315 304 298 291 279 290 290 279 281 302 296 294 290 287 273 261 270 277 262 264 280 280 273 270 280 283 286 273 257 250 250
-9999 455 439 422 422 424 437 447 468 456 511 566 605 573 508 478 500 518 536 496 491 494 534 555 497 567 538 496 489 514 516 489 488 489 471 480 473 447 446 417 315 303 428 368 306 306 437 416 404 435 422 409 375 320 268 291 318 327 297 307 293 274 269 264 274 281 283 300 293 281 282 278 282 273 265 260 267 262 275 270 270 264 274 275 282 273 261 255 263
-9999 438 425 416 466 498 467 458 512 485 531 594 616 527 481 479 486 500 504 481 467 494 557 507 489 520 544 511 473 487 496 492 479 465 448 451 438 432 432 383 303 267 321 275 265 323 429 453 435 404 326 377 314 301 284 263 280 304 287 299 292 290 278 265 258 276 273 291 279 272 274 269 267 279 274 266 262 255 267 259 259 257 266 272 291 288 267 275 283
-9999 436 412 461 525 545 480 466 500 502 553 597 583 532 516 489 466 465 470 465 480 491 513 492 479 501 487 508 485 476 482 477 468 446 411 429 425 424 408 431 339 266 252 249 311 372 384 386 405 353 360 292 286 290 282 301 276 275 274 269 276 289 289 279 261 254 267 286 289 280 277 270 256 260 256 256 265 252 256 264 250 271 283 281 289 275 272 283 289
-9999 417 412 433 464 475 475 512 520 533 539 567 549 566 548 511 485 468 450 449 466 481 476 478 467 485 477 465 463 470 472 465 460 442 406 394 393 354 400 374 277 246 257 241 248 261 301 302 302 324 305 281 272 270 291 299 300 259 245 244 268 285 267 255 240 257 273 276 290 289 281 275 274 259 262 266 264 261 253 254 253 265 271 282 290 269 273 287 291
-9999 459 438 442 449 446 469 503 527 556 532 548 503 492 490 470 481 465 452 441 456 458 454 468 458 452 455 449 453 452 459 457 459 456 449 434 428 380 313 273 299 360 379 303 246 235 230 259 268 267 271 296 269 276 271 286 280 263 235 228 244 251 277 267 236 248 248 256 282 289 285 287 273 274 287 279 273 265 257 239 244 255 271 280 277 261 271 277 285
-9999 486 444 415 425 446 455 474 503 473 487 490 469 467 472 461 456 456 439 427 420 419 430 443 438 442 432 456 459 466 454 471 473 463 454 439 388 325 294 335 369 423 398 320 320 279 224 241 266 236 265 280 270 264 268 270 278 287 281 255 244 226 247 240 230 251 277 282 277 282 276 283 281 280 283 273 266 259 259 248 248 270 271 276 268 258 272 275 271
-9999 480 455 423 448 450 447 445 450 443 493 493 453 438 454 456 456 444 453 446 428 409 421 443 441 418 436 457 465 474 471 472 465 452 407 380 397 372 402 432 438 360 358 354 346 353 273 223 222 239 226 236 250 247 265 258 269 285 269 247 232 251 259 231 244 271 288 285 269 278 265 267 277 279 273 267 259 249 246 245 245 249 245 253 255 251 264 261 266
465 444 448 429 416 431 430 434 436 447 497 521 465 437 425 434 445 441 450 455 446 425 442 433 427 432 443 457 464 456 460 437 450 413 375 405 431 416 440 453 452 366 298 315 356 346 260 252 219 207 214 222 240 264 242 247 260 265 250 257 235 234 231 230 241 280 289 275 268 258 264 262 276 287 275 269 259 270 259 248 266 267 267 255 242 241 250 252 249
457 433 426 428 423 408 425 422 429 480 472 490 449 444 441 426 419 425 432 447 438 424 415 412 426 435 438 447 448 444 451 411 423 419 425 427 449 459 450 410 399 366 323 279 321 312 268 248 228 238 234 218 207 225 253 251 254 258 258 246 248 239 225 251 271 267 275 268 254 246 260 250 264 268 270 277 270 272 261 265 278 283 282 272 258 250 246 248 248
459 452 438 419 422 411 417 413 428 443 451 460 457 445 434 417 421 423 419 420 410 417 408 417 430 424 423 435 437 448 437 421 429 426 444 444 445 431 428 407 395 379 373 296 238 254 269 255 245 247 249 222 214 214 228 237 240 248 255 241 231 236 222 250 266 282 268 254 252 238 247 256 250 253 271 285 288 280 281 286 287 281 276 271 269 269 255 225 239
-9999 433 435 425 409 412 398 412 429 440 452 443 442 452 449 437 428 413 412 407 406 426 424 433 446 439 439 440 434 432 425 442 444 452 460 455 442 429 400 401 396 377 329 268 248 228 226 239 233 242 215 221 230 210 224 246 236 232 244 246 244 222 229 236 250 275 274 268 278 263 232 259 237 254 267 284 293 293 290 282 277 268 260 260 254 252 240 225 216
-9999 429 424 411 411 402 418 441 435 446 442 432 433 439 447 442 435 419 403 415 427 432 435 441 449 452 457 444 432 433 450 453 455 461 451 439 425 429 422 401 383 363 279 255 259 262 260 253 273 267 252 251 259 235 214 217 217 226 222 217 228 237 219 222 244 255 266 262 274 260 230 240 229 260 264 272 284 300 309 288 279 272 275 265 251 255 244 226 223
-9999 445 439 430 418 401 406 420 435 439 428 427 427 427 437 433 428 419 413 427 440 440 435 435 454 451 449 439 442 447 442 442 455 459 450 423 400 394 389 382 363 308 276 307 279 283 276 270 254 249 242 241 233 222 228 226 236 256 234 209 218 230 214 207 225 230 251 249 257 245 231 219 232 239 255 286 289 299 302 294 285 287 277 268 260 271 256 246 235
-9999 458 453 438 428 416 406 430 435 433 425 418 411 428 427 422 412 404 422 437 441 427 422 439 445 432 437 452 456 457 451 453 456 466 445 422 432 397 362 322 288 269 260 278 293 291 278 287 266 261 256 263 254 240 242 229 255 258 243 239 251 254 213 219 234 234 252 232 241 240 227 225 264 273 277 283 277 291 284 287 299 293 280 280 278 277 270 257 252
