Demos/Rbased/CrashCourse/data/climate_processing/PresentLayers/Shortia_galacifolia/elev.asc
NCOLS 603 
NROWS 190 
XLLCORNER -83.7416666666667 
YLLCORNER 34.6416666666666 
CELLSIZE 0.00833333333333332 
NODATA_value -9999 
[rows 80 to 119 of 190, columns 180 to 269 of 603]
829 678 718 707 686 607 568 603 614 538 589 696 754 738 736 605 495 482 423 497 440 424 505 485 529 522 475 472 485 470 437 423 379 361 382 411 434 414 418 480 509 562 538 501 431 398 339 422 473 402 428 419 396 431 508 495 431 437 509 499 467 542 492 439 432 405 448 516 560 590 535 473 467 407 365 373 383 373 386 398 392 376 375 343 340 372 374 412 385 377
823 782 797 764 701 635 757 800 773 691 773 835 686 600 536 473 461 396 385 378 366 406 487 500 525 576 531 568 504 448 409 422 395 349 367 439 436 424 416 438 486 557 559 495 493 447 336 440 416 415 383 390 390 399 406 439 391 437 446 410 451 523 469 416 369 418 533 456 526 494 472 394 394 405 368 343 369 398 375 371 363 350 331 320 344 367 348 348 349 348
766 867 961 835 661 634 712 715 666 645 733 782 671 626 588 436 392 401 385 367 363 387 455 542 612 644 648 586 491 409 410 383 395 359 421 415 447 500 451 480 573 508 434 424 470 398 323 401 425 419 400 371 377 359 391 379 373 416 399 363 414 397 402 395 365 394 423 393 450 440 376 387 358 363 353 344 358 354 363 376 381 370 344 311 303 322 325 332 332 335
746 850 769 707 683 694 619 568 488 554 709 669 528 486 465 469 449 390 363 364 385 400 470 623 658 644 535 565 494 413 373 379 341 431 434 380 455 555 490 563 479 400 344 421 412 349 311 361 414 395 395 388 436 371 376 366 387 374 350 334 353 344 351 369 342 354 365 386 420 382 346 362 350 339 331 344 339 331 355 355 383 381 364 331 304 311 315 328 328 331
860 925 752 681 640 633 677 539 410 541 667 625 494 399 378 370 386 381 366 370 404 413 471 544 630 481 455 412 397 405 348 323 330 345 385 405 478 508 452 454 368 337 387 360 332 340 307 345 474 491 470 427 446 379 366 348 365 344 331 339 330 333 322 339 335 350 369 347 348 350 344 338 346 321 322 340 335 324 337 334 342 342 340 321 300 295 306 321 325 326
997 956 791 782 689 663 595 445 377 426 513 497 446 391 393 403 357 373 373 365 376 407 445 444 504 401 369 380 351 357 354 345 307 312 335 377 447 460 373 364 333 372 376 358 335 309 304 408 568 525 480 453 404 427 359 367 357 336 352 368 379 357 345 322 310 338 353 337 331 347 340 318 309 333 340 339 332 322 318 318 329 316 315 310 301 298 316 327 315 332
932 921 875 784 725 669 578 435 448 452 374 372 353 354 361 362 376 356 347 354 392 470 494 532 418 407 353 343 345 330 351 350 330 316 321 353 369 355 330 318 349 340 352 334 330 319 295 371 422 434 555 432 409 375 417 418 389 366 397 462 472 378 356 340 314 317 326 325 338 336 324 306 318 330 335 333 331 320 308 328 331 322 296 288 296 314 328 323 318 314
900 957 937 797 706 657 507 433 581 590 482 449 395 359 339 364 378 365 347 363 486 527 482 391 386 357 368 347 328 317 340 359 347 332 317 319 328 317 311 335 353 339 326 310 325 332 298 321 382 542 577 495 461 445 415 391 360 402 395 363 370 403 410 348 320 315 309 303 306 319 308 304 326 325 319 317 323 315 301 300 310 313 302 286 288 313 324 309 309 303
868 849 833 745 651 595 441 445 671 642 541 418 369 357 359 344 360 362 341 363 443 415 368 360 347 357 346 346 336 315 338 345 349 332 305 306 311 302 325 328 323 329 312 311 327 308 296 341 434 629 566 496 556 504 401 358 342 365 359 348 339 354 434 398 357 335 319 293 314 321 297 317 329 328 316 306 311 313 301 290 294 294 285 277 292 306 315 305 300 305
867 659 565 558 504 491 384 578 691 529 425 373 373 384 367 352 337 340 320 347 355 348 338 359 336 339 341 331 323 315 339 351 328 330 319 291 302 322 305 321 305 313 301 328 317 310 305 373 457 523 494 419 439 410 388 361 377 347 335 334 330 343 364 367 332 329 316 293 305 296 302 322 316 317 317 303 303 308 297 283 281 283 273 287 293 302 310 303 291 287
1001 721 578 460 390 369 381 549 539 501 417 440 398 373 339 318 328 322 312 345 346 324 361 385 341 328 343 334 318 302 325 342 338 315 305 325 308 319 323 298 300 299 297 338 321 290 324 364 392 380 393 368 373 373 356 375 417 456 381 324 323 318 318 310 312 302 297 292 282 285 316 301 308 302 310 304 292 303 305 300 281 271 271 285 295 306 301 298 304 289
828 779 684 546 406 341 341 398 398 381 396 400 390 377 368 319 300 329 353 347 325 314 333 338 342 319 320 333 341 328 305 311 321 328 307 318 318 288 311 306 289 290 301 305 288 303 339 345 348 386 360 351 341 345 351 449 518 517 447 375 363 334 311 314 308 301 304 294 300 291 298 279 297 301 295 304 292 285 288 303 293 275 293 298 306 299 293 291 304 288
544 541 653 708 488 335 377 377 364 362 365 359 361 362 355 303 299 343 349 329 333 323 311 312 332 335 310 332 344 330 334 320 296 310 306 322 324 307 279 306 284 283 307 285 286 300 331 328 340 346 337 337 324 339 401 512 517 522 481 412 377 364 336 330 313 332 323 319 323 303 288 275 281 294 290 286 292 287 277 285 280 275 294 298 301 285 286 293 301 290
519 409 412 409 402 325 374 396 372 376 345 348 353 346 325 296 332 342 324 309 336 327 302 291 321 330 318 321 330 326 326 323 314 295 290 311 324 313 292 278 276 288 307 279 305 323 315 319 334 330 328 327 316 344 506 521 460 426 433 409 436 385 350 335 328 334 326 312 299 296 281 273 275 274 277 273 271 273 274 267 269 269 280 289 286 281 292 303 303 290
355 324 336 338 333 313 347 334 329 371 376 444 457 366 308 301 310 338 323 292 311 332 322 300 289 316 328 311 315 310 319 323 313 303 293 314 320 330 321 296 273 281 282 287 315 324 310 316 320 313 313 311 322 364 485 483 410 400 380 391 370 367 369 361 343 325 323 305 283 283 277 290 306 297 296 292 294 279 269 271 267 269 276 271 277 286 294 299 304 293
398 347 376 348 337 318 317 330 300 314 325 359 371 318 288 289 299 307 301 286 319 321 334 324 294 302 302 295 309 315 320 322 309 295 287 311 319 312 311 311 286 270 270 292 305 310 311 307 312 312 300 321 339 394 527 489 463 417 389 372 359 357 366 368 336 322 303 294 304 298 309 311 320 307 299 296 284 286 284 314 279 259 270 266 287 300 303 308 312 308
401 480 540 452 377 331 338 312 312 303 305 282 287 287 291 272 315 307 279 278 298 318 317 312 302 281 285 301 310 302 303 315 319 307 288 300 306 294 307 305 300 286 271 294 284 305 314 301 302 310 292 327 326 376 484 537 503 440 432 421 398 376 345 336 336 314 305 310 324 315 312 326 322 310 317 311 302 305 295 295 283 263 268 278 293 300 297 297 303 307
464 540 468 382 349 346 341 339 369 348 338 327 321 297 299 274 302 283 271 307 329 322 294 305 293 270 270 290 292 289 289 301 330 313 294 282 285 289 308 317 316 292 276 273 278 301 297 304 289 291 294 308 324 338 367 469 502 449 405 394 402 370 355 341 327 331 330 325 322 321 321 327 318 313 315 300 293 295 296 285 271 256 278 289 294 286 285 287 300 295
704 560 404 358 383 357 349 384 366 349 337 338 334 328 317 273 270 269 283 321 331 316 284 299 294 279 268 271 285 304 313 322 323 320 309 299 279 291 291 307 306 302 310 300 280 288 288 299 287 301 304 326 323 333 348 361 378 405 359 338 333 356 356 333 334 328 325 322 313 303 311 317 318 320 312 299 288 278 285 273 266 252 255 269 273 276 280 288 296 288
549 492 425 402 386 360 361 360 356 342 329 327 345 348 315 292 273 258 277 311 326 306 280 302 313 297 267 278 293 321 331 319 310 312 304 308 301 287 284 285 307 295 300 305 291 269 287 290 289 306 317 328 314 323 329 326 345 346 332 327 314 333 327 312 319 325 316 304 304 302 295 298 308 312 312 300 302 294 281 283 270 267 251 258 266 273 272 277 290 294
428 392 390 384 367 347 348 347 351 321 311 317 320 317 325 318 300 285 262 311 314 283 283 312 315 295 264 290 305 302 325 323 323 310 316 307 295 296 294 284 273 280 277 277 276 276 284 272 284 311 320 310 296 308 314 328 336 322 312 324 315 304 295 298 305 321 326 316 297 302 286 286 293 301 310 303 297 295 288 279 270 255 251 252 272 273 284 282 293 300
446 400 367 362 355 354 341 334 326 322 338 303 292 292 303 313 317 298 286 288 285 292 282 291 302 301 274 286 297 284 291 299 315 327 314 317 318 306 303 284 272 269 272 284 279 260 283 275 294 305 307 289 287 300 313 322 334 325 310 303 309 305 288 296 296 311 315 313 298 291 287 278 275 288 301 299 291 282 277 267 264 250 253 245 260 275 276 289 299 296
441 378 357 343 345 343 335 323 337 346 326 316 311 302 298 318 332 326 293 252 262 264 283 275 274 289 269 267 278 281 298 308 310 310 292 321 316 322 307 307 294 288 292 294 292 280 261 265 288 306 287 288 308 316 328 333 322 321 311 295 292 305 292 280 293 302 302 310 299 301 299 292 277 285 298 293 286 289 285 276 264 255 243 246 259 277 284 294 300 282
382 359 356 341 319 331 337 335 345 337 334 339 323 320 305 301 327 298 281 284 266 270 287 285 272 265 254 267 289 300 307 313 293 292 288 323 328 329 317 325 304 309 298 293 284 268 257 271 285 282 285 307 309 311 321 335 319 305 297 294 285 283 289 277 283 298 292 299 287 298 303 287 276 267 286 282 282 287 288 280 277 255 242 258 259 266 276 288 292 287
353 348 338 328 320 313 332 337 331 313 330 341 329 323 315 299 271 291 289 296 288 261 254 279 300 283 254 269 293 301 322 308 290 275 297 310 323 325 329 321 317 319 313 309 292 287 270 271 287 265 282 299 292 295 296 310 313 297 289 286 284 276 291 275 282 287 284 290 280 289 297 291 283 276 267 278 266 279 275 269 276 260 249 247 251 261 271 286 292 281
329 330 334 311 316 327 313 299 298 321 330 326 307 284 297 265 270 280 280 308 287 271 261 254 290 283 282 249 276 303 317 299 277 276 271 293 301 309 327 325 318 309 319 309 299 290 280 265 279 267 291 285 278 286 290 303 312 301 293 274 272 268 280 278 270 283 276 272 286 299 299 299 293 275 259 271 262 277 266 262 270 255 238 238 251 272 276 289 288 272
326 295 306 302 295 312 296 300 289 297 304 310 291 275 277 267 292 294 260 273 290 292 295 286 247 257 271 260 256 297 307 281 280 267 279 305 319 327 329 320 311 304 307 311 309 300 288 275 259 266 285 273 283 295 303 306 309 311 302 287 290 267 267 267 267 272 268 265 275 284 284 296 288 277 267 256 252 268 261 255 267 250 234 239 260 267 276 285 293 277
307 319 342 326 309 309 301 314 305 294 296 302 280 280 303 310 313 292 282 261 258 287 299 281 259 240 248 261 253 271 286 269 260 280 302 311 324 321 324 317 314 314 300 307 296 307 300 281 249 256 272 272 268 283 287 283 298 316 312 305 295 284 262 257 259 260 261 259 265 281 284 287 280 290 280 276 268 250 255 247 258 249 236 247 252 264 271 285 287 288
341 350 341 327 320 320 317 325 322 310 309 312 299 307 312 317 308 315 297 283 254 260 267 286 280 259 249 252 257 270 267 255 285 298 294 308 323 315 309 308 299 303 303 298 292 293 291 270 260 253 261 267 265 265 271 281 301 312 310 304 289 280 281 271 254 250 257 269 274 283 280 271 273 276 280 279 271 253 242 238 246 236 242 262 270 277 285 282 276 287
348 344 330 334 328 326 334 328 321 314 299 301 308 313 304 312 310 300 304 295 289 271 248 266 288 281 271 251 250 242 250 264 299 311 312 319 324 315 304 299 301 287 300 303 288 287 292 266 280 284 271 253 256 259 276 288 296 295 301 298 298 292 282 269 259 255 260 270 273 278 281 263 262 261 278 268 271 260 255 242 243 235 252 262 265 276 280 267 272 285
383 366 334 343 340 390 405 356 323 307 305 308 295 311 306 294 299 299 281 278 272 258 249 254 274 297 293 283 258 248 246 286 275 287 300 317 330 320 306 295 295 291 281 296 283 289 285 279 285 277 261 259 249 250 271 287 280 291 298 287 291 294 287 280 278 263 244 254 270 268 281 272 259 258 266 261 265 269 252 236 240 231 240 248 263 269 270 260 274 275
418 379 401 418 458 559 500 368 320 315 306 314 307 299 292 292 284 284 294 292 280 276 251 246 257 286 297 283 267 242 235 257 278 296 312 324 323 316 309 308 297 283 275 278 282 268 278 288 276 272 292 279 266 255 270 284 276 286 293 280 289 292 288 274 266 271 253 252 259 258 272 269 256 245 258 259 255 262 247 233 231 256 263 267 264 264 259 260 266 273
447 536 655 636 613 524 424 356 348 321 311 295 298 294 280 279 276 275 276 281 287 283 270 249 243 242 253 269 264 248 267 281 267 278 289 305 309 307 295 294 300 291 283 267 272 264 276 287 284 279 290 275 256 255 277 285 269 272 283 278 280 276 284 269 262 268 251 241 251 262 265 261 261 245 253 251 253 257 245 233 239 263 265 264 266 253 248 254 263 277
603 772 843 821 528 387 346 330 366 330 306 306 304 287 285 279 285 280 282 276 270 271 257 264 268 261 244 252 275 266 244 249 250 278 293 298 298 305 292 286 295 300 281 261 261 268 267 282 281 270 284 275 256 254 271 272 265 260 272 278 272 274 271 269 256 256 250 245 261 268 257 249 254 248 238 241 258 260 247 228 243 256 249 259 252 239 254 266 270 281
816 781 724 603 428 349 335 316 313 320 308 297 285 306 297 297 305 309 311 305 282 280 264 247 252 260 262 241 244 269 246 246 270 277 292 287 300 301 286 281 289 295 288 268 257 263 265 286 280 263 257 260 243 249 266 257 256 263 275 285 273 264 261 274 255 247 241 261 269 270 261 250 240 249 236 247 254 258 236 226 236 245 259 256 242 244 263 267 275 277
581 459 422 393 379 368 341 319 312 299 306 305 303 305 319 311 317 327 323 306 300 293 282 266 252 238 243 247 245 251 248 240 249 288 274 281 293 294 285 274 274 281 288 279 253 244 267 283 269 263 254 246 244 237 239 250 246 266 279 287 275 260 258 267 248 235 242 263 274 266 254 248 244 234 232 242 251 250 240 226 234 251 248 240 235 242 252 262 270 270
386 344 380 343 346 346 328 321 311 316 320 316 326 328 327 333 344 334 323 311 293 276 285 276 258 257 245 245 264 282 265 242 230 255 263 259 276 280 290 291 278 261 264 277 255 240 263 283 277 274 269 266 255 245 233 243 243 257 257 277 271 260 253 256 257 231 248 253 266 269 258 240 233 227 236 241 252 254 241 224 230 238 231 232 239 254 263 272 277 264
329 345 413 364 330 342 336 333 346 351 335 336 342 342 340 358 316 317 310 299 290 280 294 281 270 251 255 271 286 293 284 258 258 237 244 261 269 278 278 273 273 260 253 260 243 254 273 284 270 266 276 263 257 269 249 240 239 242 251 274 277 276 259 243 255 234 240 249 257 259 249 243 238 222 231 244 251 238 230 216 223 224 240 248 246 253 264 277 273 257
317 305 323 332 328 333 346 349 339 349 339 339 357 369 359 322 312 298 304 300 295 285 296 302 281 266 252 270 293 296 282 272 267 257 246 247 260 266 275 262 260 255 253 242 241 253 270 279 264 254 265 271 270 270 261 246 227 241 260 272 271 266 264 241 250 232 248 264 269 268 260 245 228 225 231 244 235 235 218 217 222 230 236 236 241 259 269 276 271 269
294 301 321 324 322 329 334 332 313 323 326 334 344 331 317 295 304 295 286 305 308 303 313 305 288 284 258 283 299 299 280 286 274 267 261 259 240 243 266 267 240 255 252 231 244 249 262 268 256 250 263 259 244 250 253 249 244 232 245 261 257 253 261 260 230 226 246 259 269 271 254 250 230 223 228 232 222 230 215 231 239 243 248 251 247 267 272 266 255 251
