Demos/Rbased/CrashCourse/data/climate_processing/PresentLayers/Shortia_galacifolia/elev.asc
NCOLS 603 
NROWS 190 
XLLCORNER -83.7416666666667 
YLLCORNER 34.6416666666666 
CELLSIZE 0.00833333333333332 
NODATA_value -9999 
[rows 40 to 79 of 190, columns 270 to 359 of 603]
420 436 446 464 427 417 410 408 417 411 383 389 376 384 391 398 417 379 356 353 345 345 333 336 343 366 472 489 439 388 364 346 327 323 313 327 343 339 327 327 339 342 343 356 363 352 343 338 330 340 333 317 299 297 293 275 279 275 270 258 260 274 279 274 273 253 248 246 243 246 255 257 252 253 258 244 249 244 241 236 238 238 233 227 230 231 231 224 243 228
398 403 435 477 498 482 435 409 392 382 366 364 362 363 356 366 373 391 385 375 365 340 334 323 341 377 451 515 514 446 394 353 338 322 313 336 339 327 312 321 321 338 337 344 360 366 347 335 333 324 321 324 320 309 289 289 306 297 276 270 261 256 255 260 258 269 272 278 272 263 271 257 265 274 273 267 262 250 242 252 242 244 254 242 256 252 248 236 232 228
383 395 417 430 488 457 400 386 423 414 379 356 357 353 348 370 379 373 379 395 366 351 343 320 340 356 383 439 458 512 469 386 335 320 312 330 331 325 309 318 331 332 338 354 365 347 329 319 324 329 315 317 319 309 298 303 308 297 293 286 285 278 277 283 283 293 293 283 270 275 269 280 281 282 283 279 272 261 267 266 261 262 266 260 267 255 240 236 227 224
379 381 387 389 392 382 367 383 384 390 388 385 368 356 341 349 349 364 387 376 361 357 352 337 320 342 358 396 383 389 395 378 330 306 316 327 320 304 311 325 320 333 351 349 335 333 331 315 311 321 321 307 310 316 308 315 309 306 305 300 299 296 300 298 294 288 294 283 282 284 284 288 275 271 275 274 269 268 266 258 253 258 260 260 262 256 250 246 248 245
366 367 370 369 367 359 359 374 369 379 382 378 366 359 340 338 350 371 370 360 347 342 340 335 328 320 341 349 339 357 357 353 333 310 298 303 297 296 310 309 309 332 331 326 333 318 326 325 307 304 313 312 298 311 316 314 317 309 298 291 292 298 297 298 295 284 283 284 279 284 282 281 279 271 268 257 257 254 249 249 256 254 253 247 247 250 242 242 234 237
379 377 361 356 359 353 351 355 367 386 373 360 356 348 332 332 332 337 345 345 338 340 328 321 331 315 337 332 334 337 330 335 328 330 323 308 313 303 294 282 285 308 320 312 320 312 317 310 308 291 303 309 289 300 309 305 315 311 312 301 301 288 281 276 282 282 270 264 264 271 280 281 282 284 276 264 265 260 267 265 270 268 263 252 241 233 229 237 244 256
367 366 365 365 360 359 362 348 364 381 376 376 370 360 344 336 320 316 333 330 326 335 330 322 310 322 327 323 328 313 324 332 319 315 322 314 320 316 312 295 299 313 298 299 306 306 308 301 292 294 307 310 295 295 304 297 305 302 315 311 309 303 301 286 279 275 285 281 274 261 263 266 273 277 282 273 277 276 269 263 261 262 254 252 246 238 259 264 265 269
375 375 365 357 368 361 352 341 352 365 360 356 366 356 345 343 331 313 323 319 322 334 334 323 327 310 310 305 304 309 326 328 315 302 298 295 296 294 283 278 278 271 277 297 309 314 295 294 288 288 300 313 307 298 297 291 286 292 311 307 311 300 292 285 286 288 284 285 284 277 264 256 261 277 275 278 275 274 265 261 253 251 251 244 238 251 262 275 271 270
358 368 367 353 350 344 343 336 334 344 345 345 350 361 347 333 330 315 308 309 315 333 340 336 341 334 318 291 290 304 310 309 299 287 288 287 281 275 274 282 288 280 280 304 310 302 300 286 281 298 310 305 311 310 301 299 295 282 299 310 305 297 294 289 287 281 277 277 267 265 268 269 252 266 263 272 261 271 266 261 262 254 266 253 250 269 264 276 272 254
359 360 359 362 364 363 357 351 328 340 346 340 331 342 338 328 319 319 301 307 326 333 342 341 329 320 310 303 287 291 289 288 288 303 306 302 312 300 301 293 300 281 271 293 292 282 284 279 294 303 302 294 301 310 309 297 295 280 280 283 289 286 298 302 299 292 292 287 288 275 271 260 257 250 250 259 254 266 272 274 273 270 267 261 266 275 269 272 261 252
354 361 343 347 360 364 356 348 337 326 342 342 319 323 319 321 313 309 296 313 310 290 301 308 293 294 289 297 310 306 303 298 314 327 322 310 321 306 295 295 288 280 273 270 290 283 297 296 296 306 295 290 295 304 313 310 305 296 290 281 272 278 279 285 284 295 293 288 265 270 266 271 265 252 253 248 247 253 259 273 278 269 269 265 269 272 268 272 271 266
350 360 346 335 341 347 354 362 345 320 326 325 313 304 305 315 301 293 291 293 292 301 300 306 313 307 307 323 321 314 323 316 327 331 321 322 320 310 311 310 301 280 275 270 286 293 303 306 309 303 297 283 294 305 306 303 306 302 294 294 294 297 288 273 276 292 293 287 287 278 280 275 261 272 270 253 254 247 248 263 259 258 260 254 259 264 266 265 264 258
321 323 321 318 312 316 328 341 336 325 317 313 315 307 296 299 293 302 311 309 315 314 312 331 316 327 327 334 324 322 330 336 328 318 317 311 313 318 314 305 289 298 302 279 272 295 295 296 296 297 288 284 296 293 299 296 293 301 309 306 305 303 292 281 270 280 288 282 289 286 276 275 275 272 264 263 267 255 248 243 240 246 255 244 244 258 260 254 252 249
314 316 317 323 321 311 326 326 319 334 334 345 336 316 320 313 292 315 318 324 318 319 326 337 322 321 329 341 331 336 341 337 325 313 304 304 296 305 310 304 306 313 307 296 287 267 275 287 286 289 296 281 281 290 290 281 285 295 307 302 297 293 297 290 270 265 272 270 284 278 285 286 277 277 281 279 279 270 269 260 241 236 237 231 235 247 248 249 245 238
331 343 342 339 333 320 308 305 303 305 331 333 331 328 314 306 295 310 327 336 322 331 340 338 321 331 336 342 341 334 333 322 315 318 312 295 281 293 298 303 310 310 298 288 282 271 261 265 271 285 294 295 275 276 284 274 284 302 309 306 297 287 293 289 277 272 259 259 267 270 273 278 287 278 279 272 275 268 260 253 251 247 254 249 243 244 235 237 231 231
339 357 356 344 352 344 339 327 321 310 300 307 306 302 308 308 305 326 341 335 325 338 343 328 326 335 345 336 334 337 316 312 307 301 304 298 283 291 295 288 295 307 305 295 287 270 273 268 264 272 281 285 277 265 272 274 291 294 293 292 298 289 281 282 288 286 281 268 255 263 266 281 277 270 263 268 270 268 268 266 260 264 270 260 259 257 256 248 246 238
351 362 356 353 341 326 334 331 315 310 307 313 312 304 317 319 336 342 349 340 336 337 346 335 342 341 335 332 320 333 327 312 297 286 295 295 277 289 298 281 299 299 292 283 293 289 278 260 251 261 272 272 283 266 278 282 281 292 281 281 293 287 290 279 272 270 269 274 270 263 260 260 258 257 255 263 258 255 260 261 261 268 259 256 255 264 263 253 248 245
375 365 349 336 338 335 321 318 315 314 321 337 351 348 340 322 326 333 344 352 346 344 351 346 345 335 324 322 318 314 316 312 299 289 284 286 272 275 279 274 281 272 271 272 283 284 274 272 255 245 252 270 284 268 268 288 296 284 275 283 283 280 282 282 282 278 276 275 268 282 279 258 264 247 256 242 241 243 249 253 254 251 253 249 246 247 245 246 242 251
388 358 342 352 349 334 324 321 320 336 336 342 344 342 331 330 337 347 345 358 356 351 351 340 331 328 327 319 310 303 296 299 301 292 286 273 280 294 285 277 266 258 254 267 274 283 285 286 279 272 248 254 278 280 265 267 277 281 283 282 273 274 268 273 287 289 291 283 278 281 267 266 277 270 261 257 255 243 233 235 236 231 234 242 240 231 239 237 235 238
367 355 362 361 349 339 333 339 322 342 352 352 347 343 341 343 339 346 351 358 349 334 343 335 326 319 314 305 302 290 290 285 286 284 284 284 289 297 292 286 275 280 275 262 254 255 264 274 269 270 262 243 266 286 280 273 264 281 284 281 262 261 268 274 290 285 287 284 287 281 271 287 283 271 272 269 266 254 247 262 259 235 241 232 233 231 226 222 224 224
374 386 372 356 347 348 338 346 340 346 350 342 338 328 322 332 319 333 338 335 353 341 315 323 319 304 309 315 304 302 306 300 296 300 299 304 292 293 285 275 277 293 283 278 267 254 250 252 258 257 252 257 276 281 274 261 255 256 269 263 254 268 283 290 284 277 279 287 283 288 288 287 279 280 281 268 253 251 261 271 254 243 258 246 253 252 249 243 242 235
409 405 387 377 368 353 348 354 364 346 335 326 335 328 316 305 297 318 320 315 326 329 315 301 306 302 300 304 302 299 300 306 315 310 309 303 295 283 280 292 297 298 295 291 278 274 260 248 243 243 245 242 251 256 250 244 241 239 245 247 252 268 282 287 281 268 274 278 278 290 289 289 285 274 270 266 254 261 274 270 248 256 263 256 265 257 248 245 247 253
374 366 371 405 364 354 338 348 354 340 326 305 298 289 284 281 282 292 302 318 308 320 314 312 299 297 283 297 295 287 298 307 321 316 317 310 307 297 293 289 289 285 286 280 273 265 248 258 277 269 265 266 262 250 253 258 256 254 239 236 256 274 285 282 269 265 273 264 282 281 276 285 281 277 268 255 263 276 278 260 256 270 272 268 269 261 257 261 260 257
359 369 353 357 351 333 323 320 314 315 321 306 288 312 312 314 297 288 292 304 297 302 298 308 306 298 277 291 288 282 297 310 314 311 309 310 310 303 296 286 277 275 276 261 258 258 258 280 293 288 275 268 276 267 271 276 274 269 263 249 249 269 278 266 271 258 261 269 275 265 274 272 277 274 270 267 273 283 278 270 271 269 270 272 270 270 265 261 259 252
350 346 347 332 327 317 335 358 340 307 305 290 309 329 339 326 314 302 284 281 279 299 290 292 300 296 278 280 280 291 307 298 312 312 302 297 304 308 296 290 272 280 279 260 282 283 283 289 286 271 274 266 264 256 259 259 256 252 252 252 237 252 269 257 270 252 264 266 266 258 261 272 262 264 272 278 287 276 268 270 262 256 267 262 261 260 259 258 253 251
327 329 332 341 352 343 350 365 348 318 318 325 346 346 331 330 320 310 303 296 278 286 291 272 279 287 294 282 278 298 296 293 309 311 307 298 292 289 289 285 274 283 267 271 287 299 300 289 283 285 287 292 282 269 276 279 271 272 271 271 254 234 239 260 268 252 255 257 249 255 264 263 249 254 264 281 285 278 267 259 262 259 255 254 250 249 252 251 250 250
355 361 355 348 367 360 360 378 375 339 338 339 340 336 323 319 316 311 299 284 283 260 271 265 273 292 295 284 274 291 286 298 305 300 309 307 304 296 286 281 288 275 273 278 298 307 294 281 298 299 295 299 285 278 277 291 281 282 278 280 266 256 241 244 265 268 250 252 263 267 257 248 245 257 270 285 276 270 271 268 253 252 245 242 242 233 235 239 233 234
358 365 371 369 370 369 364 398 388 384 439 385 319 319 322 305 302 286 277 288 275 262 272 277 285 294 297 285 273 275 273 290 296 289 294 302 310 304 298 299 297 276 289 284 296 305 292 290 301 307 304 300 293 279 294 299 293 281 266 266 271 267 247 234 251 266 242 255 259 255 243 239 249 256 277 282 272 260 260 263 261 246 255 252 246 251 249 244 247 245
342 343 350 355 354 338 362 382 397 413 417 354 318 304 303 313 313 297 278 266 279 264 262 276 288 287 295 298 284 271 267 285 286 278 286 297 295 304 307 304 290 279 295 294 305 309 298 294 310 300 289 296 301 298 304 290 279 279 277 261 251 248 244 241 235 256 237 245 255 240 241 256 264 270 275 266 267 270 266 252 248 262 260 255 260 263 251 258 258 257
370 340 336 330 329 330 349 352 352 353 346 311 297 291 292 292 288 286 265 262 277 278 259 270 276 286 295 296 293 288 268 273 273 280 286 282 285 292 304 301 290 292 306 311 310 315 305 298 309 294 273 285 298 300 302 295 293 285 273 261 258 271 268 250 232 242 241 245 239 237 253 253 261 276 262 258 258 271 268 261 259 265 258 258 267 265 261 259 252 243
375 366 357 339 332 315 312 308 308 319 327 309 292 300 298 288 296 294 289 265 258 257 254 270 285 284 292 290 284 290 275 262 264 268 278 281 289 294 301 305 294 302 306 319 321 311 302 309 300 296 290 278 290 287 286 290 286 273 266 268 275 272 255 253 236 232 235 245 234 248 250 248 272 270 253 246 258 266 273 276 268 269 261 260 271 264 259 254 245 236
359 347 348 346 332 329 340 342 314 289 294 289 307 317 313 308 313 308 307 274 280 271 257 264 272 283 290 285 280 283 271 266 281 277 282 284 293 293 292 300 305 311 315 320 317 311 307 310 288 279 276 269 273 266 279 284 271 275 282 281 275 259 258 246 249 242 232 233 234 248 237 256 259 251 244 242 253 261 263 277 281 274 264 270 265 265 257 243 240 248
340 334 326 330 317 322 328 335 317 295 317 307 309 312 315 304 313 316 308 289 289 278 265 256 262 277 275 285 272 278 263 273 269 275 283 279 277 283 301 312 313 308 307 312 317 314 316 307 296 298 288 279 264 256 269 271 258 269 277 266 273 268 264 261 254 246 239 233 237 234 236 239 237 237 243 253 266 265 272 282 277 274 276 269 256 250 247 248 254 259
332 323 329 325 335 349 338 327 307 302 327 326 309 301 302 300 298 311 301 299 286 288 272 266 253 262 260 275 277 265 264 259 268 277 269 273 277 286 300 306 297 294 299 306 320 323 321 306 302 294 282 278 278 269 249 252 254 266 260 258 272 261 250 248 244 235 233 236 234 241 245 249 236 240 250 260 265 268 277 274 283 279 272 268 259 262 263 258 264 257
334 350 351 339 353 381 355 333 319 317 337 324 326 317 304 291 282 302 296 287 281 278 274 266 262 248 255 269 281 260 255 255 277 268 276 284 294 298 293 283 282 293 305 310 319 325 308 294 282 280 277 273 273 267 268 252 240 255 251 265 263 265 252 242 239 232 236 240 254 258 260 260 244 243 254 258 265 271 273 270 272 275 268 258 259 271 268 263 265 260
347 366 362 350 361 367 347 335 330 326 359 346 327 329 322 306 290 279 288 276 274 277 263 258 248 263 262 275 279 272 259 263 274 262 274 282 292 285 275 281 293 303 311 318 326 319 296 290 307 303 292 327 297 276 266 262 239 249 245 252 258 261 253 253 248 242 232 234 247 249 250 254 252 254 267 263 268 267 265 262 263 271 274 267 270 270 267 267 261 255
341 369 360 360 358 348 348 352 350 353 361 355 334 347 337 315 301 287 276 268 259 273 274 266 250 250 262 273 277 263 257 262 253 259 269 269 271 276 285 297 298 301 309 320 324 310 306 307 315 312 354 311 280 277 265 255 249 241 235 241 258 256 253 250 234 232 231 232 238 238 239 240 244 256 259 252 255 255 259 253 262 271 279 277 273 264 253 259 256 261
355 363 374 374 360 354 348 343 352 353 340 345 343 354 364 335 306 291 294 282 262 261 272 263 255 257 268 280 273 257 247 259 271 274 269 272 270 278 287 290 294 306 311 315 309 317 333 342 331 335 312 286 280 262 255 255 243 245 238 245 253 243 239 244 231 238 239 235 246 251 247 250 257 256 254 244 253 249 250 257 271 268 276 274 265 260 244 248 248 255
372 383 387 386 367 337 330 327 321 332 322 317 355 352 342 344 308 291 282 263 260 257 265 255 246 262 274 282 272 247 267 267 266 274 285 296 284 288 295 304 303 311 301 291 299 309 326 358 388 330 284 279 266 261 256 248 242 241 241 235 243 243 235 236 234 244 254 249 252 256 260 254 251 243 243 235 241 242 248 260 266 260 266 265 262 257 247 235 244 248
384 370 355 363 345 330 320 324 312 308 308 317 336 346 314 310 295 286 282 271 252 274 273 257 249 263 276 278 268 248 265 281 276 284 290 300 295 291 306 316 315 305 286 287 296 317 334 364 350 306 289 278 275 265 253 242 257 266 242 234 238 232 233 232 234 237 238 251 259 261 255 248 245 236 235 238 251 256 262 260 255 260 257 258 259 250 254 244 231 237
