Demos/Rbased/CrashCourse/data/climate_processing/PresentLayers/Shortia_galacifolia/elev.asc
NCOLS 523 
NROWS 122 
XLLCORNER -83.2916666667633 
YLLCORNER 34.9749999999364 
CELLSIZE 0.00833333333316142 
NODATA_value -9999 
[rows 0 to 35 of 122, columns 246 to 327 of 523]
-9999 -9999 -9999 -9999 -9999 -9999 -9999 -9999 -9999 -9999 -9999 -9999 -9999 -9999 -9999 -9999 -9999 -9999 -9999 -9999 -9999 -9999 -9999 -9999 -9999 -9999 -9999 -9999 -9999 -9999 -9999 -9999 -9999 -9999 -9999 -9999 -9999 -9999 -9999 -9999 -9999 -9999 -9999 -9999 -9999 -9999 -9999 -9999 -9999 -9999 -9999 -9999 -9999 -9999 -9999 -9999 -9999 -9999 -9999 -9999 -9999 -9999 -9999 -9999 -9999 -9999 -9999 -9999 -9999 -9999 -9999 -9999 -9999 -9999 -9999 -9999 -9999 -9999 -9999 -9999 -9999 -9999
-9999 -9999 -9999 -9999 -9999 -9999 -9999 -9999 -9999 -9999 -9999 -9999 -9999 -9999 -9999 -9999 -9999 -9999 -9999 -9999 -9999 -9999 -9999 -9999 -9999 -9999 -9999 -9999 -9999 -9999 -9999 -9999 -9999 -9999 -9999 -9999 -9999 -9999 -9999 -9999 -9999 -9999 -9999 -9999 -9999 -9999 -9999 -9999 -9999 -9999 -9999 -9999 -9999 -9999 -9999 -9999 -9999 -9999 -9999 -9999 -9999 -9999 -9999 -9999 -9999 -9999 -9999 -9999 -9999 -9999 -9999 -9999 -9999 -9999 -9999 -9999 -9999 -9999 -9999 -9999 -9999 -9999
-9999 -9999 -9999 -9999 -9999 -9999 -9999 -9999 -9999 -9999 -9999 -9999 -9999 -9999 -9999 -9999 -9999 -9999 -9999 -9999 -9999 -9999 -9999 -9999 -9999 -9999 -9999 -9999 -9999 -9999 -9999 -9999 -9999 -9999 -9999 -9999 -9999 -9999 -9999 -9999 -9999 -9999 -9999 -9999 -9999 -9999 -9999 -9999 -9999 -9999 -9999 -9999 -9999 -9999 -9999 -9999 -9999 -9999 -9999 -9999 -9999 -9999 -9999 -9999 -9999 -9999 -9999 -9999 -9999 -9999 -9999 -9999 -9999 -9999 -9999 -9999 -9999 -9999 -9999 -9999 -9999 -9999
-9999 -9999 -9999 -9999 -9999 -9999 -9999 -9999 -9999 -9999 -9999 -9999 -9999 -9999 -9999 -9999 -9999 -9999 -9999 -9999 -9999 -9999 -9999 -9999 -9999 -9999 -9999 -9999 -9999 -9999 -9999 -9999 -9999 -9999 -9999 -9999 -9999 -9999 -9999 -9999 -9999 -9999 -9999 -9999 -9999 -9999 -9999 -9999 -9999 -9999 -9999 -9999 -9999 -9999 -9999 -9999 -9999 -9999 -9999 -9999 -9999 -9999 -9999 -9999 -9999 -9999 -9999 -9999 -9999 -9999 -9999 -9999 -9999 -9999 -9999 -9999 -9999 -9999 -9999 -9999 -9999 -9999
-9999 -9999 -9999 -9999 -9999 -9999 -9999 -9999 -9999 -9999 -9999 -9999 -9999 -9999 -9999 -9999 -9999 -9999 -9999 -9999 -9999 -9999 -9999 -9999 -9999 -9999 -9999 -9999 -9999 -9999 -9999 -9999 -9999 -9999 -9999 -9999 -9999 -9999 -9999 -9999 -9999 -9999 -9999 -9999 -9999 -9999 -9999 -9999 -9999 -9999 -9999 -9999 -9999 -9999 -9999 -9999 -9999 -9999 -9999 -9999 -9999 -9999 -9999 -9999 -9999 -9999 -9999 -9999 -9999 260 259 252 248 257 261 270 262 251 248 252 240 232
-9999 -9999 -9999 -9999 -9999 -9999 -9999 -9999 -9999 -9999 -9999 -9999 -9999 -9999 -9999 -9999 -9999 -9999 -9999 -9999 -9999 -9999 -9999 -9999 -9999 -9999 -9999 -9999 -9999 -9999 -9999 -9999 -9999 -9999 -9999 -9999 -9999 -9999 -9999 -9999 -9999 -9999 -9999 -9999 -9999 -9999 -9999 -9999 -9999 -9999 -9999 -9999 -9999 -9999 273 279 286 277 273 279 274 262 253 245 237 241 241 253 257 247 258 262 244 259 254 262 265 262 255 247 240 233
-9999 -9999 -9999 -9999 -9999 -9999 -9999 -9999 -9999 -9999 -9999 -9999 -9999 -9999 -9999 -9999 -9999 -9999 -9999 -9999 -9999 -9999 -9999 -9999 -9999 -9999 -9999 -9999 -9999 -9999 -9999 -9999 -9999 -9999 -9999 -9999 -9999 -9999 -9999 274 277 279 281 273 266 259 268 271 256 263 250 258 272 255 259 277 276 264 260 268 274 273 269 265 254 230 224 247 249 243 255 264 257 241 249 256 262 255 251 246 237 246
-9999 -9999 -9999 -9999 -9999 -9999 -9999 -9999 -9999 -9999 -9999 -9999 -9999 -9999 -9999 -9999 -9999 -9999 -9999 -9999 -9999 -9999 -9999 -9999 -9999 376 362 338 319 303 292 286 306 310 303 289 296 294 291 279 269 267 272 270 263 251 252 255 249 258 258 248 263 257 259 276 271 257 248 263 261 265 276 264 259 243 231 229 247 238 251 250 257 240 238 244 252 257 248 240 237 234
-9999 -9999 -9999 -9999 -9999 -9999 -9999 -9999 -9999 -9999 -9999 -9999 -9999 355 351 334 335 329 313 321 309 323 341 339 338 332 338 326 316 301 298 271 279 291 295 285 280 279 282 274 270 269 264 259 269 269 268 268 259 255 247 256 267 262 259 261 268 260 247 240 253 266 274 263 251 245 242 229 237 234 235 248 254 252 245 231 241 253 253 246 235 233
-9999 335 327 338 340 349 360 352 352 353 368 367 358 356 361 358 349 334 322 309 309 324 334 328 331 315 328 324 315 302 285 272 269 273 277 275 259 274 280 283 284 276 267 275 277 269 262 273 269 261 258 247 255 256 250 251 250 259 242 237 253 264 270 267 262 259 252 242 217 222 229 253 244 240 251 236 235 242 247 251 250 234
357 341 337 328 343 347 352 350 342 339 343 343 341 355 369 364 359 350 343 336 318 300 311 308 317 301 306 305 313 302 293 285 259 252 253 266 252 254 280 292 264 264 257 265 272 266 251 270 270 271 270 260 251 240 246 242 245 240 233 234 242 258 264 265 269 269 263 251 240 229 225 231 228 230 241 247 226 234 237 250 247 243
362 343 333 320 339 337 338 349 338 322 329 339 350 360 365 354 348 343 339 337 325 304 282 284 286 294 282 285 279 285 277 281 276 279 281 268 276 258 251 253 247 245 250 262 255 251 253 261 258 262 259 260 252 235 238 236 235 228 237 223 237 250 258 258 261 260 258 254 243 234 226 219 213 224 239 248 239 225 237 236 243 256
364 346 327 323 313 327 343 339 327 327 339 342 343 356 363 352 343 338 330 340 333 317 299 297 293 275 279 275 270 258 260 274 279 274 273 253 248 246 243 246 255 257 252 253 258 244 249 244 241 236 238 238 233 227 230 231 231 224 243 228 236 239 250 259 259 250 250 250 252 242 238 232 217 217 233 243 249 243 225 230 244 251
394 353 338 322 313 336 339 327 312 321 321 338 337 344 360 366 347 335 333 324 321 324 320 309 289 289 306 297 276 270 261 256 255 260 258 269 272 278 272 263 271 257 265 274 273 267 262 250 242 252 242 244 254 242 256 252 248 236 232 228 224 229 238 258 260 247 245 241 243 245 245 234 224 213 228 238 248 238 229 223 238 241
469 386 335 320 312 330 331 325 309 318 331 332 338 354 365 347 329 319 324 329 315 317 319 309 298 303 308 297 293 286 285 278 277 283 283 293 293 283 270 275 269 280 281 282 283 279 272 261 267 266 261 262 266 260 267 255 240 236 227 224 227 225 230 249 242 236 238 243 233 233 236 240 235 218 219 240 241 237 236 222 229 232
395 378 330 306 316 327 320 304 311 325 320 333 351 349 335 333 331 315 311 321 321 307 310 316 308 315 309 306 305 300 299 296 300 298 294 288 294 283 282 284 284 288 275 271 275 274 269 268 266 258 253 258 260 260 262 256 250 246 248 245 238 231 230 226 231 216 222 222 225 238 228 227 236 219 216 230 238 226 235 223 218 224
357 353 333 310 298 303 297 296 310 309 309 332 331 326 333 318 326 325 307 304 313 312 298 311 316 314 317 309 298 291 292 298 297 298 295 284 283 284 279 284 282 281 279 271 268 257 257 254 249 249 256 254 253 247 247 250 242 242 234 237 239 252 244 220 218 217 231 214 212 231 235 226 227 227 217 226 227 226 225 217 225 243
330 335 328 330 323 308 313 303 294 282 285 308 320 312 320 312 317 310 308 291 303 309 289 300 309 305 315 311 312 301 301 288 281 276 282 282 270 264 264 271 280 281 282 284 276 264 265 260 267 265 270 268 263 252 241 233 229 237 244 256 264 259 234 228 236 240 238 228 218 219 216 218 216 219 215 211 221 233 222 219 231 239
324 332 319 315 322 314 320 316 312 295 299 313 298 299 306 306 308 301 292 294 307 310 295 295 304 297 305 302 315 311 309 303 301 286 279 275 285 281 274 261 263 266 273 277 282 273 277 276 269 263 261 262 254 252 246 238 259 264 265 269 264 244 225 246 243 249 239 237 238 233 232 236 228 218 218 216 206 222 224 213 225 240
326 328 315 302 298 295 296 294 283 278 278 271 277 297 309 314 295 294 288 288 300 313 307 298 297 291 286 292 311 307 311 300 292 285 286 288 284 285 284 277 264 256 261 277 275 278 275 274 265 261 253 251 251 244 238 251 262 275 271 270 249 237 238 252 258 255 254 249 243 240 237 234 238 233 220 209 208 215 217 220 234 236
310 309 299 287 288 287 281 275 274 282 288 280 280 304 310 302 300 286 281 298 310 305 311 310 301 299 295 282 299 310 305 297 294 289 287 281 277 277 267 265 268 269 252 266 263 272 261 271 266 261 262 254 266 253 250 269 264 276 272 254 241 249 253 259 261 255 254 248 247 242 240 232 229 228 217 217 210 213 207 214 221 218
289 288 288 303 306 302 312 300 301 293 300 281 271 293 292 282 284 279 294 303 302 294 301 310 309 297 295 280 280 283 289 286 298 302 299 292 292 287 288 275 271 260 257 250 250 259 254 266 272 274 273 270 267 261 266 275 269 272 261 252 255 261 265 265 266 260 256 258 248 239 237 235 232 227 227 223 231 232 229 228 213 214
303 298 314 327 322 310 321 306 295 295 288 280 273 270 290 283 297 296 296 306 295 290 295 304 313 310 305 296 290 281 272 278 279 285 284 295 293 288 265 270 266 271 265 252 253 248 247 253 259 273 278 269 269 265 269 272 268 272 271 266 267 263 259 261 258 251 242 253 242 233 225 223 220 220 223 219 225 222 228 227 229 212
323 316 327 331 321 322 320 310 311 310 301 280 275 270 286 293 303 306 309 303 297 283 294 305 306 303 306 302 294 294 294 297 288 273 276 292 293 287 287 278 280 275 261 272 270 253 254 247 248 263 259 258 260 254 259 264 266 265 264 258 260 252 246 253 253 249 234 242 241 232 223 220 209 218 223 225 217 213 208 215 220 208
330 336 328 318 317 311 313 318 314 305 289 298 302 279 272 295 295 296 296 297 288 284 296 293 299 296 293 301 309 306 305 303 292 281 270 280 288 282 289 286 276 275 275 272 264 263 267 255 248 243 240 246 255 244 244 258 260 254 252 249 255 247 239 243 244 245 236 227 233 231 227 221 231 240 239 233 226 215 215 215 210 212
341 337 325 313 304 304 296 305 310 304 306 313 307 296 287 267 275 287 286 289 296 281 281 290 290 281 285 295 307 302 297 293 297 290 270 265 272 270 284 278 285 286 277 277 281 279 279 270 269 260 241 236 237 231 235 247 248 249 245 238 247 240 235 234 235 231 224 228 222 222 223 234 238 242 230 221 219 226 231 224 223 219
333 322 315 318 312 295 281 293 298 303 310 310 298 288 282 271 261 265 271 285 294 295 275 276 284 274 284 302 309 306 297 287 293 289 277 272 259 259 267 270 273 278 287 278 279 272 275 268 260 253 251 247 254 249 243 244 235 237 231 231 230 233 227 223 219 224 229 226 238 231 232 231 220 222 221 226 237 223 237 224 231 225
316 312 307 301 304 298 283 291 295 288 295 307 305 295 287 270 273 268 264 272 281 285 277 265 272 274 291 294 293 292 298 289 281 282 288 286 281 268 255 263 266 281 277 270 263 268 270 268 268 266 260 264 270 260 259 257 256 248 246 238 231 230 236 240 238 241 240 241 239 232 224 213 219 223 234 244 248 247 228 232 229 221
327 312 297 286 295 295 277 289 298 281 299 299 292 283 293 289 278 260 251 261 272 272 283 266 278 282 281 292 281 281 293 287 290 279 272 270 269 274 270 263 260 260 258 257 255 263 258 255 260 261 261 268 259 256 255 264 263 253 248 245 249 243 245 249 243 240 232 237 232 220 227 224 236 237 247 245 239 230 221 219 221 220
316 312 299 289 284 286 272 275 279 274 281 272 271 272 283 284 274 272 255 245 252 270 284 268 268 288 296 284 275 283 283 280 282 282 282 278 276 275 268 282 279 258 264 247 256 242 241 243 249 253 254 251 253 249 246 247 245 246 242 251 243 244 245 243 239 221 218 226 224 223 233 251 247 246 243 234 225 218 222 215 211 212
296 299 301 292 286 273 280 294 285 277 266 258 254 267 274 283 285 286 279 272 248 254 278 280 265 267 277 281 283 282 273 274 268 273 287 289 291 283 278 281 267 266 277 270 261 257 255 243 233 235 236 231 234 242 240 231 239 237 235 238 233 226 228 226 221 226 232 243 241 234 248 289 252 248 242 232 230 227 218 211 203 206
290 285 286 284 284 284 289 297 292 286 275 280 275 262 254 255 264 274 269 270 262 243 266 286 280 273 264 281 284 281 262 261 268 274 290 285 287 284 287 281 271 287 283 271 272 269 266 254 247 262 259 235 241 232 233 231 226 222 224 224 224 237 235 232 234 234 243 243 241 242 243 248 235 239 233 225 224 214 208 206 219 223
306 300 296 300 299 304 292 293 285 275 277 293 283 278 267 254 250 252 258 257 252 257 276 281 274 261 255 256 269 263 254 268 283 290 284 277 279 287 283 288 288 287 279 280 281 268 253 251 261 271 254 243 258 246 253 252 249 243 242 235 237 247 244 240 235 235 236 234 228 235 234 228 222 225 229 218 218 207 209 219 229 237
300 306 315 310 309 303 295 283 280 292 297 298 295 291 278 274 260 248 243 243 245 242 251 256 250 244 241 239 245 247 252 268 282 287 281 268 274 278 278 290 289 289 285 274 270 266 254 261 274 270 248 256 263 256 265 257 248 245 247 253 250 244 235 229 226 224 221 219 220 222 225 223 216 218 223 216 208 214 224 222 232 245
298 307 321 316 317 310 307 297 293 289 289 285 286 280 273 265 248 258 277 269 265 266 262 250 253 258 256 254 239 236 256 274 285 282 269 265 273 264 282 281 276 285 281 277 268 255 263 276 278 260 256 270 272 268 269 261 257 261 260 257 247 235 239 243 239 233 224 221 215 213 211 212 210 211 214 207 211 224 231 226 241 248
297 310 314 311 309 310 310 303 296 286 277 275 276 261 258 258 258 280 293 288 275 268 276 267 271 276 274 269 263 249 249 269 278 266 271 258 261 269 275 265 274 272 277 274 270 267 273 283 278 270 271 269 270 272 270 270 265 261 259 252 243 246 249 244 235 230 222 217 217 218 223 226 223 224 214 205 215 223 233 234 241 251
