Demos/Rbased/CrashCourse/data/climate_processing/PresentLayers/Shortia_galacifolia/elev.asc
NCOLS 523 
NROWS 122 
XLLCORNER -83.2916666667633 
YLLCORNER 34.9749999999364 
CELLSIZE 0.00833333333316142 
NODATA_value -9999 
[rows 0 to 35 of 122, columns 410 to 491 of 523]
-9999 -9999 -9999 -9999 -9999 -9999 -9999 -9999 -9999 -9999 -9999 -9999 -9999 -9999 -9999 -9999 -9999 -9999 -9999 -9999 -9999 -9999 -9999 -9999 -9999 -9999 -9999 -9999 -9999 -9999 -9999 224 226 216 209 205 207 207 202 202 203 191 183 190 185 176 184 191 192 188 188 178 186 194 194 192 192 187 185 -9999 -9999 -9999 -9999 -9999 -9999 -9999 -9999 -9999 -9999 -9999 -9999 -9999 -9999 -9999 -9999 -9999 -9999 -9999 -9999 -9999 -9999 -9999
250 243 239 250 261 261 252 247 258 254 257 265 257 246 255 251 243 237 238 243 239 238 226 220 211 201 207 202 213 220 231 224 219 218 211 220 216 202 198 192 190 190 192 181 181 184 189 193 197 194 178 185 190 197 195 190 181 180 177 173 175 165 160 153 162 169 175 178 179 174 199 205 205 184 185 173 170 177 198 184 169 179
240 230 243 254 254 259 253 246 248 245 255 260 254 255 256 243 239 230 227 234 242 231 224 215 206 206 212 209 221 228 225 222 220 215 209 203 201 198 199 201 191 183 176 175 188 193 199 200 192 184 182 196 199 187 183 178 178 183 197 178 176 163 154 153 156 169 182 172 168 168 191 193 181 174 175 174 172 171 186 164 163 168
234 230 243 244 251 259 252 241 242 250 257 253 252 257 245 240 239 232 224 220 221 213 207 206 216 222 209 214 230 227 218 215 210 210 209 200 200 204 197 187 184 185 182 185 186 196 199 192 189 189 192 198 193 183 185 186 187 188 201 181 183 164 162 163 150 166 175 162 167 179 200 187 181 172 171 170 186 164 171 159 170 179
222 236 249 254 257 256 248 240 251 254 246 245 252 259 253 248 244 235 228 215 209 212 211 220 225 222 213 225 230 222 221 220 211 202 199 203 206 198 189 183 193 187 190 185 188 197 194 194 200 191 195 202 208 224 219 207 207 212 195 187 174 163 156 155 153 149 161 162 159 175 187 197 188 175 174 162 160 163 180 172 177 179
226 238 247 243 247 255 250 240 241 247 237 241 251 257 253 252 239 230 226 221 225 225 214 226 232 217 218 225 229 228 219 209 205 203 209 208 200 195 198 188 189 195 191 190 194 201 201 211 207 197 208 229 273 270 249 246 239 239 196 188 179 171 164 159 165 149 143 151 156 168 192 208 191 168 165 153 155 168 176 177 170 171
222 237 242 241 246 249 249 243 234 244 240 245 248 248 240 248 243 232 228 229 225 221 220 228 223 223 223 232 224 219 211 207 202 213 216 211 204 201 190 191 190 199 200 197 201 211 213 215 201 200 212 254 264 263 244 229 215 217 184 177 172 174 167 171 165 160 160 149 146 163 180 177 168 162 152 152 166 168 176 175 169 175
217 232 231 242 247 240 245 248 236 231 238 249 243 242 238 239 243 235 237 236 230 229 226 229 232 231 235 231 227 220 216 210 207 213 213 205 197 191 190 196 198 198 209 208 211 219 219 206 202 210 221 225 226 238 227 212 197 191 184 184 185 176 177 165 165 161 157 158 147 150 164 163 157 150 146 171 173 173 174 171 165 165
223 215 225 240 246 235 235 243 239 226 237 243 238 242 231 240 243 248 241 237 236 239 239 244 236 236 235 221 215 213 209 205 213 217 210 198 203 200 195 201 204 198 205 212 219 224 212 209 207 212 213 212 227 230 227 218 184 185 185 190 181 182 183 173 165 161 156 148 143 142 153 160 157 145 161 174 176 175 165 161 162 164
230 221 218 232 233 225 232 244 239 227 234 237 237 234 228 238 247 247 249 249 243 248 251 243 243 242 235 222 222 220 219 213 218 209 207 210 210 206 198 210 210 210 207 205 217 218 213 219 214 213 200 201 219 209 196 190 180 173 183 192 185 191 181 168 165 171 162 157 156 162 149 146 139 144 162 162 166 170 159 161 171 178
237 224 215 223 219 230 237 246 235 224 228 233 232 223 237 241 245 238 242 245 253 253 245 227 235 235 229 226 228 230 223 220 216 213 218 221 218 211 202 212 216 212 208 214 221 213 213 214 204 195 193 200 213 193 178 179 178 170 174 173 178 176 175 176 172 175 167 166 167 174 170 167 155 143 143 156 159 158 157 166 172 178
233 228 219 211 216 220 230 240 240 239 231 219 225 221 239 246 243 232 231 243 248 253 240 226 220 223 217 218 218 221 222 222 222 220 225 219 209 202 207 219 228 233 220 224 222 208 202 199 199 191 186 189 203 184 174 175 168 165 170 182 166 162 162 165 171 171 162 163 166 159 157 158 150 142 144 151 151 157 165 166 165 171
238 237 224 211 207 216 232 245 249 239 232 221 208 226 239 240 242 230 229 242 243 246 235 229 219 210 206 205 199 209 203 213 209 208 220 222 223 213 216 224 238 237 227 226 217 206 203 199 206 199 189 182 181 177 177 190 175 177 208 207 177 162 156 153 161 159 150 147 147 140 144 142 138 137 132 145 150 154 158 161 163 163
226 231 231 227 214 212 228 246 242 242 239 231 211 229 228 229 229 232 231 238 243 250 239 225 224 213 208 197 200 194 199 211 200 199 209 225 230 235 227 228 236 240 230 223 217 210 219 217 211 197 183 184 188 180 183 185 178 183 186 186 177 171 167 160 154 151 152 161 157 149 155 153 153 147 135 142 154 150 153 157 159 152
214 221 229 232 221 206 227 231 231 240 231 228 218 227 215 224 234 239 241 244 246 246 237 227 219 212 211 205 193 187 190 195 201 205 216 225 236 239 230 221 230 222 227 223 215 211 221 218 201 188 190 194 192 188 188 189 183 183 178 172 171 163 157 156 166 166 166 166 164 163 160 159 153 148 139 145 155 141 149 177 156 153
220 217 214 219 220 208 217 227 228 238 239 236 216 221 226 236 238 238 235 246 253 246 244 239 228 211 215 216 207 194 187 193 204 216 223 234 237 229 224 223 218 216 224 224 216 209 217 212 197 194 202 195 188 185 192 192 197 192 173 165 162 163 164 173 174 171 171 175 174 170 165 157 155 151 136 143 147 145 158 170 147 137
226 221 218 209 207 203 215 220 218 231 235 228 223 219 226 239 247 249 243 245 251 251 247 231 213 206 205 208 196 181 194 203 215 221 230 237 237 232 227 223 217 207 218 220 213 203 209 205 204 202 195 192 191 192 194 191 201 204 173 176 178 168 168 175 178 179 178 174 174 169 165 162 157 152 142 133 136 143 158 170 137 136
232 229 233 224 208 197 209 207 221 225 233 228 213 225 232 239 242 247 253 248 244 246 234 234 222 197 188 203 199 185 204 210 214 222 231 232 234 233 226 224 217 205 212 213 210 204 200 207 210 202 199 199 194 196 198 203 203 185 180 188 178 167 173 173 182 178 172 171 170 168 164 162 156 157 154 147 132 146 170 160 136 125
244 241 236 224 215 214 203 206 216 220 230 223 219 226 232 237 241 251 254 240 236 227 216 218 217 196 182 190 180 185 189 195 206 219 228 230 226 226 226 219 212 205 212 208 207 203 199 203 206 204 195 198 202 205 200 202 208 209 190 176 169 170 180 180 185 177 177 172 170 168 170 171 161 152 153 155 138 134 149 136 131 123
240 241 233 228 223 223 221 210 205 215 230 216 214 228 237 233 240 245 249 238 233 217 205 210 216 207 184 181 186 186 201 200 211 215 225 221 217 223 218 218 213 202 198 200 202 203 199 195 200 200 193 199 198 194 196 203 202 192 179 173 175 184 191 183 176 181 173 175 167 157 156 159 154 149 148 148 136 135 142 134 130 129
229 233 233 237 237 230 221 210 201 199 214 208 212 246 241 237 240 237 234 228 231 227 215 203 205 194 183 181 190 202 219 224 228 224 226 221 216 215 210 213 207 208 199 195 193 205 194 196 202 198 192 198 195 191 200 200 191 186 186 182 191 188 182 185 168 176 174 169 173 175 166 158 149 150 145 143 148 156 148 167 131 126
225 219 222 235 240 231 223 217 216 203 203 217 204 221 225 230 240 227 216 223 225 225 209 191 201 191 184 185 198 227 228 234 219 212 219 225 223 220 221 215 204 202 206 204 196 193 190 190 194 195 184 189 189 194 200 199 191 189 196 195 205 200 191 178 176 169 169 172 161 158 156 163 155 157 156 150 156 155 153 156 153 141
211 215 219 223 227 235 231 227 230 221 214 196 207 215 226 236 232 223 212 220 212 220 207 204 184 184 194 197 199 206 216 199 203 202 209 219 219 223 221 212 207 200 197 199 199 188 186 184 191 186 187 196 195 202 200 197 191 192 200 211 209 185 178 181 186 172 161 161 171 173 163 171 171 162 157 156 151 155 152 144 143 143
210 224 217 217 223 227 223 237 226 216 207 197 192 214 233 226 218 213 208 210 203 219 235 207 191 186 203 185 182 187 198 205 215 217 219 215 211 210 218 217 207 199 204 201 199 196 201 187 183 175 188 201 203 189 188 193 197 201 199 206 193 180 179 177 176 165 168 180 193 179 169 172 164 160 158 152 145 148 151 169 173 -9999
209 203 202 198 209 210 226 233 229 221 219 227 191 215 233 225 219 201 206 202 210 239 232 203 179 174 178 174 188 189 196 204 218 227 219 209 200 202 216 216 205 209 214 207 200 206 194 194 183 173 187 195 193 184 187 191 197 198 190 195 189 189 180 179 174 175 185 186 192 185 170 160 157 -9999 -9999 -9999 -9999 -9999 -9999 -9999 -9999 -9999
215 210 201 198 199 216 228 221 228 228 221 214 185 214 227 229 216 209 196 211 234 240 206 205 188 164 164 177 188 202 203 211 221 212 213 214 201 195 204 209 219 221 221 209 212 211 204 193 182 173 181 188 185 180 185 191 195 196 191 191 195 193 185 189 -9999 -9999 -9999 -9999 -9999 -9999 -9999 -9999 -9999 -9999 -9999 -9999 -9999 -9999 -9999 -9999 -9999 -9999
210 209 196 197 195 215 219 216 216 220 213 197 198 230 224 209 206 210 193 200 219 212 197 182 175 168 183 191 189 192 200 199 193 197 209 211 205 191 186 198 206 217 217 214 208 202 203 188 186 182 180 183 177 183 186 185 -9999 -9999 -9999 -9999 -9999 -9999 -9999 -9999 -9999 -9999 -9999 -9999 -9999 -9999 -9999 -9999 -9999 -9999 -9999 -9999 -9999 -9999 -9999 -9999 -9999 -9999
196 195 180 179 191 200 197 209 205 203 201 203 189 200 200 205 196 192 193 197 210 205 194 179 167 177 174 180 181 193 198 184 190 194 200 199 197 189 186 200 206 211 199 202 199 197 207 194 202 -9999 -9999 -9999 -9999 -9999 -9999 -9999 -9999 -9999 -9999 -9999 -9999 -9999 -9999 -9999 -9999 -9999 -9999 -9999 -9999 -9999 -9999 -9999 -9999 -9999 -9999 -9999 -9999 -9999 -9999 -9999 -9999 -9999
192 194 178 196 206 207 217 212 214 207 210 205 214 205 210 184 178 188 185 172 181 175 182 168 165 167 172 179 179 187 181 178 186 190 192 199 195 186 181 188 188 -9999 -9999 -9999 -9999 -9999 -9999 -9999 -9999 -9999 -9999 -9999 -9999 -9999 -9999 -9999 -9999 -9999 -9999 -9999 -9999 -9999 -9999 -9999 -9999 -9999 -9999 -9999 -9999 -9999 -9999 -9999 -9999 -9999 -9999 -9999 -9999 -9999 -9999 -9999 -9999 -9999
178 182 172 191 200 205 220 217 223 218 216 220 228 211 203 188 190 172 165 170 164 156 163 157 163 159 168 173 174 172 169 175 182 183 -9999 -9999 -9999 -9999 -9999 -9999 -9999 -9999 -9999 -9999 -9999 -9999 -9999 -9999 -9999 -9999 -9999 -9999 -9999 -9999 -9999 -9999 -9999 -9999 -9999 -9999 -9999 -9999 -9999 -9999 -9999 -9999 -9999 -9999 -9999 -9999 -9999 -9999 -9999 -9999 -9999 -9999 -9999 -9999 -9999 -9999 -9999 -9999
172 181 214 252 216 232 223 238 235 235 224 234 212 202 190 198 210 198 174 180 177 166 151 149 158 152 -9999 -9999 -9999 -9999 -9999 -9999 -9999 -9999 -9999 -9999 -9999 -9999 -9999 -9999 -9999 -9999 -9999 -9999 -9999 -9999 -9999 -9999 -9999 -9999 -9999 -9999 -9999 -9999 -9999 -9999 -9999 -9999 -9999 -9999 -9999 -9999 -9999 -9999 -9999 -9999 -9999 -9999 -9999 -9999 -9999 -9999 -9999 -9999 -9999 -9999 -9999 -9999 -9999 -9999 -9999 -9999
174 181 178 191 228 275 234 258 254 237 232 223 214 217 192 210 220 203 197 195 -9999 -9999 -9999 -9999 -9999 -9999 -9999 -9999 -9999 -9999 -9999 -9999 -9999 -9999 -9999 -9999 -9999 -9999 -9999 -9999 -9999 -9999 -9999 -9999 -9999 -9999 -9999 -9999 -9999 -9999 -9999 -9999 -9999 -9999 -9999 -9999 -9999 -9999 -9999 -9999 -9999 -9999 -9999 -9999 -9999 -9999 -9999 -9999 -9999 -9999 -9999 -9999 -9999 -9999 -9999 -9999 -9999 -9999 -9999 -9999 -9999 -9999
194 182 184 202 250 262 249 261 261 232 242 223 235 -9999 -9999 -9999 -9999 -9999 -9999 -9999 -9999 -9999 -9999 -9999 -9999 -9999 -9999 -9999 -9999 -9999 -9999 -9999 -9999 -9999 -9999 -9999 -9999 -9999 -9999 -9999 -9999 -9999 -9999 -9999 -9999 -9999 -9999 -9999 -9999 -9999 -9999 -9999 -9999 -9999 -9999 -9999 -9999 -9999 -9999 -9999 -9999 -9999 -9999 -9999 -9999 -9999 -9999 -9999 -9999 -9999 -9999 -9999 -9999 -9999 -9999 -9999 -9999 -9999 -9999 -9999 -9999 -9999
211 205 201 212 234 245 -9999 -9999 -9999 -9999 -9999 -9999 -9999 -9999 -9999 -9999 -9999 -9999 -9999 -9999 -9999 -9999 -9999 -9999 -9999 -9999 -9999 -9999 -9999 -9999 -9999 -9999 -9999 -9999 -9999 -9999 -9999 -9999 -9999 -9999 -9999 -9999 -9999 -9999 -9999 -9999 -9999 -9999 -9999 -9999 -9999 -9999 -9999 -9999 -9999 -9999 -9999 -9999 -9999 -9999 -9999 -9999 -9999 -9999 -9999 -9999 -9999 -9999 -9999 -9999 -9999 -9999 -9999 -9999 -9999 -9999 -9999 -9999 -9999 -9999 -9999 -9999
-9999 -9999 -9999 -9999 -9999 -9999 -9999 -9999 -9999 -9999 -9999 -9999 -9999 -9999 -9999 -9999 -9999 -9999 -9999 -9999 -9999 -9999 -9999 -9999 -9999 -9999 -9999 -9999 -9999 -9999 -9999 -9999 -9999 -9999 -9999 -9999 -9999 -9999 -9999 -9999 -9999 -9999 -9999 -9999 -9999 -9999 -9999 -9999 -9999 -9999 -9999 -9999 -9999 -9999 -9999 -9999 -9999 -9999 -9999 -9999 -9999 -9999 -9999 -9999 -9999 -9999 -9999 -9999 -9999 -9999 -9999 -9999 -9999 -9999 -9999 -9999 -9999 -9999 -9999 -9999 -9999 -9999
-9999 -9999 -9999 -9999 -9999 -9999 -9999 -9999 -9999 -9999 -9999 -9999 -9999 -9999 -9999 -9999 -9999 -9999 -9999 -9999 -9999 -9999 -9999 -9999 -9999 -9999 -9999 -9999 -9999 -9999 -9999 -9999 -9999 -9999 -9999 -9999 -9999 -9999 -9999 -9999 -9999 -9999 -9999 -9999 -9999 -9999 -9999 -9999 -9999 -9999 -9999 -9999 -9999 -9999 -9999 -9999 -9999 -9999 -9999 -9999 -9999 -9999 -9999 -9999 -9999 -9999 -9999 -9999 -9999 -9999 -9999 -9999 -9999 -9999 -9999 -9999 -9999 -9999 -9999 -9999 -9999 -9999
