Demos/Rbased/CrashCourse/data/climate_processing/PresentLayers/Shortia_galacifolia/elev.asc
NCOLS 603 
NROWS 190 
XLLCORNER -83.7416666666667 
YLLCORNER 34.6416666666666 
CELLSIZE 0.00833333333333332 
NODATA_value -9999 
[rows 80 to 119 of 190, columns 360 to 449 of 603]
235 228 241 249 261 268 270 267 262 251 243 253 260 267 266 261 257 252 249 237 221 238 245 252 252 250 254 256 255 266 268 272 261 254 244 241 236 230 239 238 232 228 226 218 207 212 215 227 224 218 220 215 220 226 225 220 212 200 196 199 196 191 192 179 203 226 231 235 239 235 206 220 222 222 237 242 233 228 239 234 232 232 234 251 239 199 186 180 177 161
226 237 247 254 264 260 264 275 272 259 251 242 244 252 263 262 259 244 237 223 219 241 254 253 240 246 249 248 254 269 271 255 263 254 237 242 243 228 228 231 231 223 214 209 212 225 226 226 221 226 218 218 226 227 214 207 202 195 194 189 186 184 182 177 187 213 225 213 197 197 197 210 218 211 214 224 213 228 248 222 226 224 234 241 223 194 174 180 173 156
228 236 238 248 251 252 267 271 267 268 254 237 237 253 262 254 246 248 232 224 224 240 245 246 239 238 242 237 244 254 264 252 251 245 237 235 235 229 216 215 216 207 214 216 224 230 236 229 227 228 222 222 225 216 208 215 204 201 201 194 191 186 185 189 183 178 182 189 193 187 194 206 210 224 204 208 200 212 205 215 218 229 232 244 231 196 171 180 185 157
221 228 245 250 245 253 258 259 259 256 246 236 238 253 253 257 247 238 235 221 217 233 244 248 244 232 234 232 244 242 255 255 244 239 238 232 224 221 217 225 219 217 228 225 233 237 232 231 236 230 222 222 219 212 207 213 209 201 202 201 200 196 190 189 182 179 183 215 225 223 217 229 237 218 195 189 184 196 197 205 219 231 231 225 217 201 170 180 171 159
220 229 243 239 239 247 244 250 258 252 242 228 238 245 248 255 244 236 222 213 214 232 239 250 249 248 235 226 238 235 237 242 244 245 243 235 233 229 226 228 223 231 229 242 238 231 226 231 233 225 224 221 217 212 207 208 206 200 202 200 204 193 190 193 193 189 183 211 237 239 229 231 222 220 210 185 194 223 220 204 207 215 214 226 206 189 161 159 163 157
219 230 242 230 238 238 244 251 258 246 238 223 227 230 245 251 244 240 241 218 210 221 230 241 250 244 231 221 239 229 231 235 231 238 241 241 239 230 232 224 233 235 242 241 239 219 218 236 228 223 225 225 220 213 207 199 204 198 200 199 199 207 204 187 205 220 204 226 239 220 202 200 191 188 182 177 171 183 217 227 215 193 219 214 189 185 153 147 170 140
214 230 238 226 235 236 254 261 256 240 237 216 232 245 250 246 240 238 238 226 205 217 232 246 251 245 234 220 231 221 232 235 231 226 231 235 239 237 239 234 239 242 244 226 222 208 227 236 221 217 223 223 218 215 206 202 198 196 196 189 192 199 191 189 202 206 190 183 208 207 193 184 185 179 171 176 164 199 207 201 216 187 214 206 178 171 152 144 165 138
216 223 227 217 224 230 240 250 251 237 220 216 233 246 247 233 234 230 224 211 210 224 237 241 240 236 239 226 213 226 232 233 227 224 229 233 234 229 233 236 245 249 233 215 207 205 230 233 222 211 220 216 219 211 209 207 198 204 199 192 185 185 188 200 205 195 182 177 204 216 210 185 191 193 181 168 163 187 197 193 194 184 196 194 182 166 157 151 141 160
226 216 214 210 224 227 240 243 243 229 208 230 242 244 241 228 220 219 216 206 226 237 238 228 228 235 243 227 212 223 233 233 220 220 233 235 229 220 239 242 244 231 229 210 198 218 228 224 226 226 222 217 211 211 209 206 204 201 197 196 188 185 196 219 208 200 194 178 197 196 204 183 177 198 183 170 161 161 177 188 181 177 178 217 215 168 154 145 130 138
228 220 210 201 216 229 237 232 229 221 207 225 233 238 235 233 224 216 208 206 225 229 227 219 231 230 237 222 213 218 228 231 218 219 228 229 221 221 230 241 238 220 212 195 204 218 217 218 220 223 223 214 207 203 204 203 201 197 197 194 187 186 194 206 210 207 217 210 186 167 188 172 165 187 180 174 165 164 167 185 171 176 205 199 202 178 157 123 127 165
236 220 206 199 212 230 234 226 231 224 209 227 230 228 233 229 229 222 215 199 213 213 222 217 220 221 221 229 219 215 232 227 220 218 225 217 212 225 238 251 241 230 200 190 218 222 211 210 222 222 217 217 214 201 195 198 200 198 193 192 189 191 198 211 214 212 238 217 190 189 178 174 162 168 167 164 161 170 163 163 197 208 213 213 161 162 148 120 141 172
234 221 205 198 206 224 224 216 226 222 204 213 217 217 229 224 216 214 209 197 199 217 210 218 204 202 216 227 219 211 224 221 221 211 219 210 211 219 224 238 230 215 185 202 230 216 207 211 216 209 212 214 212 205 194 187 194 203 198 200 199 199 200 226 218 217 237 227 201 215 206 190 169 162 161 159 161 170 161 164 175 225 194 184 156 158 146 126 144 139
223 225 211 199 200 209 217 214 217 219 206 201 208 212 217 222 218 218 208 194 188 205 201 218 208 197 220 226 228 212 211 211 210 206 206 217 210 215 222 228 213 189 182 223 226 213 204 206 200 208 210 205 207 202 196 181 189 204 202 203 210 203 204 212 222 229 230 228 197 202 213 205 182 186 162 159 168 164 160 171 182 205 185 156 148 144 150 133 118 149
213 221 212 199 197 204 216 218 212 223 218 205 199 208 218 216 210 213 216 203 184 196 206 213 199 194 216 226 226 222 216 211 211 203 200 207 197 201 218 221 198 177 198 234 214 205 208 206 203 198 199 201 206 202 198 177 190 210 204 198 199 208 218 223 222 214 230 218 204 206 208 230 207 185 159 159 165 159 165 162 182 196 172 150 138 141 143 121 137 136
209 216 216 206 201 197 211 209 207 219 221 210 197 205 209 212 213 210 207 209 182 187 206 210 191 197 215 222 219 216 223 220 221 219 202 202 187 190 206 206 188 174 197 222 198 198 211 209 209 193 193 205 208 201 191 180 179 200 205 185 188 210 214 209 202 212 204 209 212 204 209 224 204 174 166 167 169 159 168 179 182 194 169 152 141 128 133 127 120 125
197 214 219 222 213 198 197 208 202 218 220 210 204 197 198 202 211 220 201 202 195 183 198 200 188 207 217 220 210 213 220 217 212 220 218 220 215 195 197 178 177 193 198 210 194 195 209 204 205 187 193 201 203 202 197 198 174 185 191 179 174 190 194 195 187 199 193 195 215 204 193 199 186 182 181 171 160 163 189 202 198 220 206 155 151 136 120 111 124 134
193 206 210 218 218 208 199 205 196 210 214 213 212 214 197 199 206 221 215 195 199 183 185 201 186 199 219 218 206 206 213 218 211 210 209 212 229 214 198 178 172 211 205 209 187 202 223 213 191 182 186 192 210 204 202 195 183 168 181 184 168 173 186 190 181 189 193 193 200 211 186 172 176 186 188 163 166 172 179 207 220 210 198 178 215 199 110 114 128 134
200 194 210 225 207 213 205 192 197 213 219 233 229 214 204 191 190 201 209 210 191 197 181 197 188 209 220 219 212 201 199 206 213 202 199 216 220 209 187 169 195 209 217 196 195 219 234 211 183 173 182 211 216 216 203 194 178 163 170 181 176 169 170 182 177 178 188 191 187 193 181 174 171 176 174 165 185 186 147 198 226 204 177 175 212 173 109 124 144 175
206 198 211 222 223 222 212 195 189 193 207 212 215 222 225 213 201 187 195 203 204 189 188 185 189 199 206 213 214 208 193 196 201 196 193 204 203 192 177 172 209 215 205 178 198 227 225 196 172 175 187 198 208 206 192 181 184 174 161 174 180 171 163 171 182 177 175 180 176 180 182 184 183 171 160 166 183 136 148 231 231 180 148 207 219 127 106 127 152 192
193 201 203 209 211 217 205 206 190 192 198 196 199 209 217 230 221 200 188 188 201 202 189 177 181 195 209 208 217 207 199 201 197 202 196 182 187 181 169 179 208 205 178 179 206 199 198 182 166 181 191 194 205 204 201 194 187 174 157 169 177 177 159 168 183 185 169 168 173 176 185 195 193 173 146 168 184 176 132 146 123 131 138 157 144 105 104 117 140 158
194 189 195 201 202 214 219 208 189 186 187 192 193 200 199 220 227 213 200 182 193 203 204 191 177 201 201 200 213 209 213 210 210 210 205 189 177 171 165 193 211 191 189 185 174 187 194 168 174 191 192 197 201 208 201 194 184 170 159 161 177 176 166 162 189 169 158 164 178 174 189 193 177 171 153 146 163 177 152 187 115 98 128 109 105 114 129 144 167 174
208 199 187 189 203 206 215 205 191 183 182 189 189 198 189 204 225 216 204 191 182 191 203 202 184 192 203 215 212 218 226 218 216 209 206 194 182 164 173 196 202 189 195 185 172 176 180 161 189 188 181 198 206 205 195 187 177 176 179 172 183 185 169 169 170 155 158 178 178 173 174 178 174 173 176 138 185 185 169 168 126 102 93 113 117 117 147 176 186 201
216 208 195 188 186 183 190 187 190 192 185 181 183 188 187 200 211 216 204 195 187 183 192 191 178 189 204 213 200 213 227 229 219 206 188 185 174 161 178 194 193 195 200 201 200 180 166 168 194 199 178 194 210 203 194 191 182 177 203 175 172 187 187 162 150 146 159 173 175 175 165 167 167 161 156 135 175 163 202 185 130 124 100 104 118 150 202 166 197 220
216 211 199 198 198 189 187 186 182 193 190 181 178 180 186 193 197 213 201 195 196 185 179 190 186 180 199 201 196 211 221 220 214 196 183 168 175 161 177 197 197 202 206 204 199 169 155 173 204 195 182 204 205 200 184 197 189 191 193 177 159 177 171 159 139 155 167 166 171 173 166 161 157 149 153 135 157 160 179 168 120 97 103 120 117 154 198 185 187 235
218 217 217 215 211 213 207 195 181 197 190 187 182 175 181 185 187 207 201 207 208 198 185 182 182 177 197 194 197 198 203 207 211 197 180 173 162 170 186 194 202 207 197 184 176 166 157 176 194 174 174 195 196 196 184 195 196 194 192 187 159 153 145 150 137 157 173 173 176 173 169 171 162 170 148 138 136 175 161 126 107 102 126 132 135 162 198 220 197 232
205 204 213 212 205 211 209 204 183 183 180 183 183 180 176 176 186 186 188 205 206 192 186 174 185 171 189 189 186 194 203 214 205 193 175 164 166 190 196 200 200 197 185 185 180 167 173 163 175 165 172 191 195 190 177 189 193 183 202 196 178 156 139 146 134 149 158 170 175 174 178 174 175 176 145 153 133 113 121 114 94 102 121 136 179 177 195 222 206 219
213 203 196 194 191 190 187 193 188 182 177 177 178 175 178 178 178 176 193 208 198 201 199 181 167 183 192 187 186 201 203 201 190 173 164 159 183 196 198 204 197 193 205 198 174 173 183 163 153 176 186 180 190 180 173 180 179 173 174 175 172 156 147 137 154 147 157 163 175 178 185 185 187 169 163 146 128 158 110 102 97 98 117 165 181 198 190 203 210 213
216 199 187 189 191 188 196 188 191 196 185 180 178 181 177 183 186 175 195 195 194 182 179 178 164 169 183 184 177 194 182 181 179 172 159 175 197 195 199 206 203 206 200 185 181 199 198 174 154 157 164 171 184 173 172 161 161 170 164 161 142 164 171 142 163 155 156 171 183 174 178 179 179 173 171 149 158 169 115 99 103 105 126 160 193 202 217 188 191 203
195 190 196 207 200 206 201 201 207 203 200 185 182 179 177 176 179 171 177 178 173 171 173 174 188 192 169 174 175 171 166 169 174 161 166 186 203 191 200 205 210 205 191 195 200 217 201 197 178 157 151 163 180 168 170 153 158 162 161 153 141 159 141 147 154 159 161 168 185 171 152 172 163 178 178 154 157 125 101 97 123 118 149 180 179 194 203 182 184 199
194 205 214 213 209 207 205 201 193 195 191 183 178 175 176 175 176 175 187 179 173 175 186 193 202 185 176 200 193 183 168 167 160 160 178 190 190 194 198 205 207 200 202 203 215 210 210 209 186 159 138 163 163 161 163 150 147 157 161 155 136 133 139 151 157 168 162 167 168 160 145 148 147 161 160 132 130 122 110 97 108 113 152 169 184 196 208 171 176 190
201 224 220 212 212 215 208 207 204 199 195 196 180 176 175 183 191 180 177 181 186 191 200 206 201 186 186 198 187 182 177 173 160 171 179 180 188 190 200 209 208 207 206 208 202 195 199 198 188 165 145 146 147 154 160 152 139 160 152 139 127 142 159 149 158 163 165 162 165 161 138 126 149 141 119 125 129 141 107 93 101 116 157 168 188 179 172 165 167 180
207 223 217 218 225 229 220 214 212 205 210 211 206 186 176 178 178 179 182 191 197 205 204 193 195 181 192 189 175 174 173 162 167 173 177 185 185 197 205 208 205 202 201 207 201 190 187 188 184 172 162 131 144 147 154 150 140 148 147 131 137 148 151 152 158 159 168 171 158 146 135 136 125 108 100 101 103 96 94 108 110 124 148 160 169 182 162 154 169 174
214 222 221 228 225 226 233 222 219 218 218 206 194 187 190 182 179 190 190 202 207 202 202 195 181 176 186 187 174 166 165 160 176 176 179 180 186 204 209 210 206 202 200 202 199 192 181 178 184 167 155 131 128 144 151 143 134 144 139 123 139 142 135 147 150 156 166 173 149 140 152 151 123 122 115 104 99 91 106 120 125 128 161 176 170 174 153 152 158 166
230 229 235 232 226 231 242 231 217 213 210 191 192 191 194 183 185 189 187 202 202 192 188 187 182 171 179 173 174 172 156 164 176 172 180 181 194 213 216 212 204 201 204 210 212 200 186 176 177 167 147 134 124 133 147 154 136 139 139 130 138 141 147 138 148 161 180 167 147 154 140 148 121 124 123 112 107 93 98 106 120 127 150 165 167 142 131 131 144 142
239 235 238 228 225 233 243 226 211 202 196 199 191 200 201 197 193 190 192 209 205 199 199 190 189 182 167 165 166 162 156 166 162 168 175 188 201 218 219 208 198 193 204 212 212 200 189 178 166 156 144 144 134 127 147 144 127 132 123 137 129 153 151 145 155 175 170 157 156 160 143 131 133 116 107 106 101 92 96 106 110 125 139 139 144 128 126 120 138 127
248 256 243 226 214 219 219 213 209 198 204 197 196 202 206 202 196 196 194 211 213 202 192 193 195 182 173 168 166 157 163 157 158 167 177 194 210 221 216 210 189 193 201 205 202 196 195 179 168 159 153 142 145 124 131 134 122 114 130 130 140 145 155 149 166 172 159 153 158 150 137 119 115 113 94 91 94 91 102 108 105 123 138 134 135 134 116 129 127 128
242 246 242 235 213 208 206 203 199 201 206 198 210 216 212 204 195 205 210 214 216 203 204 204 192 181 173 175 166 163 163 159 164 171 187 209 215 212 210 197 184 188 191 204 199 185 190 179 164 176 156 137 138 132 115 113 121 115 124 132 152 153 159 158 171 160 155 150 157 145 146 117 108 98 92 93 90 90 104 107 100 124 139 120 128 118 103 107 112 121
242 234 224 219 220 224 209 211 216 221 210 198 211 219 206 201 207 218 217 213 216 206 197 201 186 177 166 173 168 160 156 154 161 171 190 203 201 203 202 197 188 174 182 195 192 182 181 182 168 161 145 134 130 129 122 128 114 112 127 146 156 157 152 163 165 150 146 146 149 141 132 127 145 108 97 106 108 90 106 98 102 116 117 118 120 105 99 125 128 129
242 238 231 226 230 224 213 223 228 216 203 205 221 224 211 218 217 220 212 207 207 202 195 186 180 171 162 162 167 168 162 158 163 175 189 200 195 192 187 193 188 172 172 181 181 179 179 175 164 153 151 137 132 134 135 134 111 115 137 147 149 146 148 163 154 141 137 138 136 142 133 122 121 105 112 119 95 89 94 92 100 105 103 121 119 100 102 116 117 126
237 237 237 238 233 221 226 236 224 211 216 226 234 226 223 231 227 213 206 202 186 194 192 180 173 165 162 153 159 158 156 159 166 184 190 189 192 181 185 192 182 165 165 169 169 164 170 176 162 160 155 145 137 141 141 124 122 115 132 131 144 143 154 159 148 145 132 127 139 147 133 119 108 108 124 118 102 89 89 89 92 96 105 116 113 98 95 111 119 127
