Demos/Rbased/CrashCourse/data/climate_processing/PresentLayers/alt.asc
NCOLS 182 
NROWS 155 
XLLCORNER -87.625 
YLLCORNER 24.5416666666667 
CELLSIZE 0.0416666666666666 
NODATA_value -3.4e+38 
[rows 0 to 30 of 155, columns 70 to 139 of 182]
-3.4e+38 -3.4e+38 -3.4e+38 -3.4e+38 -3.4e+38 -3.4e+38 -3.4e+38 -3.4e+38 -3.4e+38 -3.4e+38 -3.4e+38 -3.4e+38 -3.4e+38 -3.4e+38 -3.4e+38 -3.4e+38 -3.4e+38 -3.4e+38 -3.4e+38 -3.4e+38 -3.4e+38 -3.4e+38 -3.4e+38 -3.4e+38 -3.4e+38 -3.4e+38 -3.4e+38 -3.4e+38 -3.4e+38 -3.4e+38 -3.4e+38 -3.4e+38 -3.4e+38 -3.4e+38 -3.4e+38 -3.4e+38 -3.4e+38 -3.4e+38 -3.4e+38 -3.4e+38 -3.4e+38 -3.4e+38 -3.4e+38 -3.4e+38 -3.4e+38 -3.4e+38 -3.4e+38 -3.4e+38 -3.4e+38 -3.4e+38 -3.4e+38 -3.4e+38 -3.4e+38 -3.4e+38 -3.4e+38 -3.4e+38 -3.4e+38 -3.4e+38 -3.4e+38 -3.4e+38 -3.4e+38 -3.4e+38 -3.4e+38 -3.4e+38 -3.4e+38 -3.4e+38 -3.4e+38 -3.4e+38 -3.4e+38 -3.4e+38
-3.4e+38 -3.4e+38 -3.4e+38 -3.4e+38 -3.4e+38 -3.4e+38 -3.4e+38 -3.4e+38 -3.4e+38 -3.4e+38 -3.4e+38 -3.4e+38 -3.4e+38 -3.4e+38 -3.4e+38 -3.4e+38 -3.4e+38 -3.4e+38 -3.4e+38 -3.4e+38 -3.4e+38 -3.4e+38 -3.4e+38 -3.4e+38 -3.4e+38 -3.4e+38 -3.4e+38 -3.4e+38 -3.4e+38 -3.4e+38 -3.4e+38 -3.4e+38 -3.4e+38 -3.4e+38 -3.4e+38 -3.4e+38 -3.4e+38 -3.4e+38 -3.4e+38 -3.4e+38 -3.4e+38 -3.4e+38 -3.4e+38 -3.4e+38 -3.4e+38 -3.4e+38 -3.4e+38 -3.4e+38 -3.4e+38 -3.4e+38 -3.4e+38 -3.4e+38 -3.4e+38 -3.4e+38 -3.4e+38 -3.4e+38 -3.4e+38 -3.4e+38 -3.4e+38 -3.4e+38 -3.4e+38 -3.4e+38 -3.4e+38 -3.4e+38 -3.4e+38 -3.4e+38 -3.4e+38 -3.4e+38 -3.4e+38 -3.4e+38
-3.4e+38 -3.4e+38 -3.4e+38 -3.4e+38 -3.4e+38 -3.4e+38 -3.4e+38 -3.4e+38 -3.4e+38 -3.4e+38 -3.4e+38 -3.4e+38 -3.4e+38 -3.4e+38 -3.4e+38 -3.4e+38 -3.4e+38 -3.4e+38 -3.4e+38 -3.4e+38 -3.4e+38 -3.4e+38 -3.4e+38 -3.4e+38 -3.4e+38 -3.4e+38 -3.4e+38 -3.4e+38 -3.4e+38 -3.4e+38 -3.4e+38 -3.4e+38 -3.4e+38 -3.4e+38 -3.4e+38 -3.4e+38 -3.4e+38 -3.4e+38 -3.4e+38 -3.4e+38 -3.4e+38 -3.4e+38 -3.4e+38 -3.4e+38 -3.4e+38 -3.4e+38 -3.4e+38 -3.4e+38 -3.4e+38 -3.4e+38 -3.4e+38 -3.4e+38 -3.4e+38 -3.4e+38 -3.4e+38 -3.4e+38 -3.4e+38 -3.4e+38 -3.4e+38 -3.4e+38 -3.4e+38 -3.4e+38 -3.4e+38 -3.4e+38 -3.4e+38 -3.4e+38 -3.4e+38 -3.4e+38 -3.4e+38 -3.4e+38
-3.4e+38 -3.4e+38 -3.4e+38 -3.4e+38 -3.4e+38 -3.4e+38 -3.4e+38 -3.4e+38 -3.4e+38 -3.4e+38 -3.4e+38 -3.4e+38 -3.4e+38 -3.4e+38 -3.4e+38 -3.4e+38 -3.4e+38 -3.4e+38 -3.4e+38 -3.4e+38 -3.4e+38 -3.4e+38 -3.4e+38 -3.4e+38 -3.4e+38 -3.4e+38 -3.4e+38 -3.4e+38 -3.4e+38 -3.4e+38 -3.4e+38 -3.4e+38 -3.4e+38 -3.4e+38 -3.4e+38 -3.4e+38 -3.4e+38 -3.4e+38 -3.4e+38 -3.4e+38 -3.4e+38 -3.4e+38 -3.4e+38 -3.4e+38 -3.4e+38 -3.4e+38 -3.4e+38 -3.4e+38 -3.4e+38 -3.4e+38 -3.4e+38 -3.4e+38 -3.4e+38 -3.4e+38 -3.4e+38 -3.4e+38 -3.4e+38 -3.4e+38 -3.4e+38 -3.4e+38 -3.4e+38 -3.4e+38 -3.4e+38 -3.4e+38 -3.4e+38 -3.4e+38 -3.4e+38 -3.4e+38 -3.4e+38 -3.4e+38
-3.4e+38 -3.4e+38 -3.4e+38 -3.4e+38 -3.4e+38 -3.4e+38 -3.4e+38 -3.4e+38 -3.4e+38 -3.4e+38 -3.4e+38 -3.4e+38 -3.4e+38 -3.4e+38 -3.4e+38 -3.4e+38 -3.4e+38 -3.4e+38 -3.4e+38 -3.4e+38 -3.4e+38 -3.4e+38 -3.4e+38 -3.4e+38 -3.4e+38 -3.4e+38 -3.4e+38 -3.4e+38 -3.4e+38 -3.4e+38 -3.4e+38 -3.4e+38 -3.4e+38 -3.4e+38 -3.4e+38 -3.4e+38 -3.4e+38 -3.4e+38 -3.4e+38 -3.4e+38 -3.4e+38 -3.4e+38 -3.4e+38 -3.4e+38 -3.4e+38 -3.4e+38 -3.4e+38 -3.4e+38 -3.4e+38 -3.4e+38 -3.4e+38 -3.4e+38 -3.4e+38 -3.4e+38 -3.4e+38 -3.4e+38 -3.4e+38 -3.4e+38 -3.4e+38 -3.4e+38 -3.4e+38 -3.4e+38 -3.4e+38 -3.4e+38 -3.4e+38 -3.4e+38 16 8 -3.4e+38 -3.4e+38
-3.4e+38 -3.4e+38 -3.4e+38 -3.4e+38 -3.4e+38 -3.4e+38 -3.4e+38 -3.4e+38 -3.4e+38 -3.4e+38 -3.4e+38 -3.4e+38 -3.4e+38 -3.4e+38 -3.4e+38 -3.4e+38 -3.4e+38 -3.4e+38 -3.4e+38 -3.4e+38 -3.4e+38 -3.4e+38 -3.4e+38 -3.4e+38 -3.4e+38 -3.4e+38 -3.4e+38 -3.4e+38 -3.4e+38 -3.4e+38 -3.4e+38 -3.4e+38 -3.4e+38 -3.4e+38 -3.4e+38 -3.4e+38 -3.4e+38 -3.4e+38 -3.4e+38 -3.4e+38 -3.4e+38 -3.4e+38 -3.4e+38 -3.4e+38 -3.4e+38 -3.4e+38 -3.4e+38 -3.4e+38 -3.4e+38 -3.4e+38 -3.4e+38 -3.4e+38 -3.4e+38 -3.4e+38 -3.4e+38 -3.4e+38 -3.4e+38 -3.4e+38 -3.4e+38 -3.4e+38 -3.4e+38 -3.4e+38 -3.4e+38 -3.4e+38 -3.4e+38 18 25 9 8 10
-3.4e+38 -3.4e+38 -3.4e+38 -3.4e+38 -3.4e+38 -3.4e+38 -3.4e+38 -3.4e+38 -3.4e+38 -3.4e+38 -3.4e+38 -3.4e+38 -3.4e+38 -3.4e+38 -3.4e+38 -3.4e+38 -3.4e+38 -3.4e+38 -3.4e+38 -3.4e+38 -3.4e+38 -3.4e+38 -3.4e+38 -3.4e+38 -3.4e+38 -3.4e+38 -3.4e+38 -3.4e+38 -3.4e+38 -3.4e+38 -3.4e+38 -3.4e+38 -3.4e+38 -3.4e+38 -3.4e+38 -3.4e+38 -3.4e+38 -3.4e+38 -3.4e+38 -3.4e+38 -3.4e+38 -3.4e+38 -3.4e+38 -3.4e+38 -3.4e+38 -3.4e+38 -3.4e+38 -3.4e+38 -3.4e+38 -3.4e+38 -3.4e+38 -3.4e+38 -3.4e+38 -3.4e+38 -3.4e+38 -3.4e+38 -3.4e+38 -3.4e+38 -3.4e+38 -3.4e+38 -3.4e+38 -3.4e+38 -3.4e+38 -3.4e+38 22 29 23 12 11 10
87 91 90 74 87 73 70 85 73 -3.4e+38 -3.4e+38 -3.4e+38 -3.4e+38 -3.4e+38 -3.4e+38 -3.4e+38 -3.4e+38 -3.4e+38 -3.4e+38 -3.4e+38 -3.4e+38 -3.4e+38 -3.4e+38 -3.4e+38 -3.4e+38 -3.4e+38 -3.4e+38 -3.4e+38 -3.4e+38 -3.4e+38 -3.4e+38 -3.4e+38 -3.4e+38 -3.4e+38 -3.4e+38 -3.4e+38 -3.4e+38 -3.4e+38 -3.4e+38 -3.4e+38 -3.4e+38 -3.4e+38 -3.4e+38 -3.4e+38 -3.4e+38 -3.4e+38 -3.4e+38 -3.4e+38 -3.4e+38 -3.4e+38 -3.4e+38 -3.4e+38 -3.4e+38 -3.4e+38 -3.4e+38 -3.4e+38 -3.4e+38 -3.4e+38 -3.4e+38 -3.4e+38 -3.4e+38 -3.4e+38 -3.4e+38 -3.4e+38 22 29 29 17 12 9
94 94 89 83 69 59 73 74 64 49 53 44 43 51 53 50 51 60 53 47 56 49 46 39 46 45 38 42 46 -3.4e+38 -3.4e+38 -3.4e+38 -3.4e+38 -3.4e+38 -3.4e+38 -3.4e+38 -3.4e+38 -3.4e+38 -3.4e+38 -3.4e+38 -3.4e+38 -3.4e+38 -3.4e+38 -3.4e+38 -3.4e+38 -3.4e+38 -3.4e+38 -3.4e+38 -3.4e+38 -3.4e+38 -3.4e+38 -3.4e+38 -3.4e+38 -3.4e+38 -3.4e+38 -3.4e+38 -3.4e+38 -3.4e+38 -3.4e+38 -3.4e+38 -3.4e+38 -3.4e+38 -3.4e+38 -3.4e+38 22 28 29 19 11 8
90 91 77 68 63 60 75 62 45 49 51 61 51 60 57 68 50 44 51 43 54 57 50 40 44 42 38 42 43 57 56 49 49 37 32 41 45 49 49 40 47 49 48 48 48 49 -3.4e+38 -3.4e+38 -3.4e+38 -3.4e+38 -3.4e+38 -3.4e+38 -3.4e+38 -3.4e+38 -3.4e+38 -3.4e+38 -3.4e+38 -3.4e+38 -3.4e+38 -3.4e+38 -3.4e+38 -3.4e+38 -3.4e+38 -3.4e+38 -3.4e+38 26 30 23 10 9
86 80 77 68 53 65 66 46 47 44 63 65 55 61 56 55 54 28 38 46 56 40 49 39 40 37 34 40 40 45 40 39 36 40 32 37 48 50 49 46 37 43 49 48 46 47 48 47 45 44 44 44 43 43 42 43 43 43 42 44 -3.4e+38 -3.4e+38 -3.4e+38 -3.4e+38 -3.4e+38 24 25 23 12 8
81 64 70 63 48 63 62 38 41 40 65 61 44 53 47 45 45 43 60 63 53 35 35 33 35 35 36 36 39 37 41 42 40 36 36 31 36 39 39 38 31 45 46 48 46 45 46 46 45 44 43 43 43 43 43 43 44 44 44 -3.4e+38 -3.4e+38 -3.4e+38 -3.4e+38 -3.4e+38 -3.4e+38 26 25 28 16 8
67 64 57 50 44 49 43 42 44 62 65 54 44 48 42 38 42 51 63 64 44 36 33 31 34 34 36 36 38 38 43 48 46 35 34 29 31 32 30 32 41 39 43 45 44 43 44 44 44 43 42 42 42 42 43 44 45 46 46 47 -3.4e+38 -3.4e+38 -3.4e+38 -3.4e+38 -3.4e+38 27 30 25 20 8
53 46 41 37 43 49 43 42 30 37 56 52 34 29 28 46 51 61 60 66 38 35 36 32 35 35 35 36 37 43 45 39 34 34 33 28 28 27 32 33 37 35 38 40 41 41 42 42 42 42 41 41 42 42 43 44 46 47 47 47 -3.4e+38 -3.4e+38 -3.4e+38 -3.4e+38 24 30 29 23 21 11
37 33 39 45 49 46 40 36 23 24 31 39 37 38 29 32 55 63 60 52 36 35 35 30 32 32 33 39 38 43 38 35 33 32 32 31 27 29 32 33 37 32 31 32 36 36 36 37 37 36 38 40 40 40 41 42 44 46 45 45 -3.4e+38 -3.4e+38 -3.4e+38 -3.4e+38 25 26 27 29 26 17
30 42 44 43 42 39 38 33 24 20 20 19 17 21 18 23 22 30 37 38 34 30 31 32 33 34 37 39 37 36 35 34 34 32 31 28 28 30 29 31 36 44 36 24 21 18 23 28 24 29 32 34 34 31 32 34 40 47 45 36 25 26 29 21 20 26 28 31 30 21
31 37 37 37 36 31 34 29 18 15 18 21 16 17 17 17 18 22 19 19 20 24 27 30 33 32 34 33 34 35 33 33 33 35 29 26 28 29 27 30 33 37 44 40 30 25 19 21 28 32 40 41 37 30 32 41 46 51 47 36 37 33 40 33 22 29 30 28 27 28
33 33 31 31 31 28 26 23 17 15 17 18 13 16 14 18 16 22 15 15 18 19 20 22 27 32 32 31 33 36 34 34 33 32 28 26 29 28 26 27 29 33 37 47 46 40 35 36 31 36 42 42 41 36 42 48 49 50 47 43 39 34 39 42 25 28 29 28 28 26
22 30 30 27 27 25 25 22 14 15 20 16 14 12 15 13 12 15 12 17 16 17 17 20 20 25 31 32 32 35 34 31 32 31 29 27 28 26 25 25 26 36 45 50 58 52 47 41 45 44 47 45 47 45 45 47 49 49 44 35 34 38 41 45 28 28 26 26 27 24
18 27 23 23 21 24 22 19 15 19 16 11 12 13 12 11 12 16 15 17 16 16 18 16 18 20 25 31 32 33 32 32 33 33 26 23 23 23 23 24 26 33 39 54 49 48 44 38 36 48 46 49 49 46 46 47 46 45 44 35 37 42 42 49 30 25 24 23 23 20
19 22 24 22 21 23 23 18 14 15 17 12 9 10 13 9 12 15 13 13 15 15 21 15 16 19 21 26 29 33 30 32 32 32 27 22 21 22 23 25 26 34 43 44 48 41 33 32 36 33 33 43 46 42 44 45 44 44 44 39 40 41 42 51 34 23 21 19 17 11
21 17 21 21 20 23 19 20 15 13 7 2 2 2 7 7 5 8 18 15 13 12 16 16 16 17 20 22 26 30 31 32 32 30 29 25 23 24 25 26 26 29 34 34 40 39 31 29 28 33 40 43 37 38 41 41 40 41 44 39 39 39 42 52 43 23 19 15 16 13
19 16 16 19 19 16 15 15 -3.4e+38 -3.4e+38 -3.4e+38 -3.4e+38 -3.4e+38 -3.4e+38 -3.4e+38 -3.4e+38 -3.4e+38 -3.4e+38 7 11 10 16 13 15 15 15 18 21 24 28 30 31 30 28 27 26 26 26 26 27 27 21 24 25 28 28 24 23 27 35 40 44 39 39 36 33 38 43 45 39 37 39 43 51 51 25 22 18 25 23
13 12 13 15 15 9 10 9 -3.4e+38 -3.4e+38 -3.4e+38 -3.4e+38 -3.4e+38 -3.4e+38 -3.4e+38 -3.4e+38 -3.4e+38 -3.4e+38 -3.4e+38 -3.4e+38 6 9 13 13 16 17 20 20 24 28 28 29 30 30 30 29 29 28 28 28 28 15 16 15 17 22 20 17 24 29 31 34 35 39 38 40 38 34 33 39 39 41 45 55 55 28 27 29 26 38
10 13 9 13 11 8 -3.4e+38 -3.4e+38 4 -3.4e+38 -3.4e+38 -3.4e+38 -3.4e+38 -3.4e+38 -3.4e+38 -3.4e+38 -3.4e+38 -3.4e+38 -3.4e+38 -3.4e+38 -3.4e+38 -3.4e+38 6 12 16 17 19 21 24 26 28 27 31 31 30 29 27 26 25 24 24 12 11 11 13 14 12 18 22 24 34 30 32 43 42 34 29 31 34 45 43 44 48 53 61 43 45 36 29 39
9 9 8 13 13 13 11 10 5 -3.4e+38 -3.4e+38 -3.4e+38 -3.4e+38 -3.4e+38 -3.4e+38 -3.4e+38 -3.4e+38 -3.4e+38 -3.4e+38 -3.4e+38 -3.4e+38 -3.4e+38 -3.4e+38 -3.4e+38 12 16 19 20 20 24 24 23 24 25 27 27 26 25 24 23 23 15 11 10 11 11 11 20 23 31 39 36 30 31 31 25 26 37 45 45 40 42 47 53 63 43 49 35 39 32
9 8 11 13 -3.4e+38 -3.4e+38 -3.4e+38 -3.4e+38 -3.4e+38 -3.4e+38 -3.4e+38 -3.4e+38 -3.4e+38 -3.4e+38 -3.4e+38 -3.4e+38 -3.4e+38 -3.4e+38 -3.4e+38 -3.4e+38 -3.4e+38 -3.4e+38 -3.4e+38 -3.4e+38 -3.4e+38 8 16 19 20 22 24 20 20 20 26 26 24 23 23 22 22 18 13 8 9 11 11 18 23 27 23 25 38 43 42 28 35 39 44 43 45 44 48 54 62 51 55 38 42 35
6 9 -3.4e+38 -3.4e+38 -3.4e+38 -3.4e+38 -3.4e+38 -3.4e+38 -3.4e+38 -3.4e+38 -3.4e+38 -3.4e+38 -3.4e+38 -3.4e+38 -3.4e+38 -3.4e+38 -3.4e+38 -3.4e+38 -3.4e+38 -3.4e+38 -3.4e+38 -3.4e+38 -3.4e+38 -3.4e+38 -3.4e+38 -3.4e+38 12 16 18 19 18 17 18 23 23 23 22 22 22 21 21 16 17 16 18 21 21 24 27 30 31 33 38 40 42 39 41 44 47 49 49 50 51 51 56 61 63 44 43 39
-3.4e+38 -3.4e+38 -3.4e+38 -3.4e+38 -3.4e+38 -3.4e+38 -3.4e+38 -3.4e+38 -3.4e+38 -3.4e+38 -3.4e+38 -3.4e+38 -3.4e+38 -3.4e+38 -3.4e+38 -3.4e+38 -3.4e+38 -3.4e+38 -3.4e+38 -3.4e+38 -3.4e+38 -3.4e+38 -3.4e+38 -3.4e+38 -3.4e+38 -3.4e+38 -3.4e+38 10 16 16 15 17 18 18 21 20 21 21 21 20 20 16 17 19 20 22 24 27 29 32 34 36 38 39 40 42 44 45 47 49 49 49 49 46 50 45 38 44 41 38
-3.4e+38 -3.4e+38 -3.4e+38 -3.4e+38 -3.4e+38 -3.4e+38 -3.4e+38 -3.4e+38 -3.4e+38 -3.4e+38 -3.4e+38 -3.4e+38 -3.4e+38 -3.4e+38 -3.4e+38 -3.4e+38 -3.4e+38 -3.4e+38 -3.4e+38 -3.4e+38 -3.4e+38 -3.4e+38 -3.4e+38 -3.4e+38 -3.4e+38 -3.4e+38 -3.4e+38 8 15 14 17 18 17 18 19 19 20 20 20 19 18 16 18 19 21 23 25 27 30 32 34 36 37 39 40 41 43 44 46 48 46 52 51 51 43 45 37 33 47 36
-3.4e+38 -3.4e+38 -3.4e+38 -3.4e+38 -3.4e+38 -3.4e+38 -3.4e+38 -3.4e+38 -3.4e+38 -3.4e+38 -3.4e+38 -3.4e+38 -3.4e+38 -3.4e+38 -3.4e+38 -3.4e+38 -3.4e+38 -3.4e+38 -3.4e+38 -3.4e+38 -3.4e+38 -3.4e+38 -3.4e+38 -3.4e+38 -3.4e+38 -3.4e+38 -3.4e+38 -3.4e+38 14 14 17 18 17 16 18 21 22 19 18 17 16 17 18 19 21 23 25 28 30 32 34 36 37 38 40 41 42 43 44 45 43 52 54 48 47 39 39 35 44 40
