Demos/Rbased/CrashCourse/data/climate_processing/PresentLayers/alt.asc
NCOLS 182 
NROWS 155 
XLLCORNER -87.625 
YLLCORNER 24.5416666666667 
CELLSIZE 0.0416666666666666 
NODATA_value -3.4e+38 
[rows 0 to 30 of 155, columns 0 to 69 of 182]
-339999999999999996123846586046231871488.000000000000000 87 82 87 86 78 71 72 41 27 36 68 80 82 75 66 67 81 77 70 65 54 64 71 68 56 67 76 85 85 85 93 89 80 63 67 59 48 43 47 54 48 41 41 57 57 55 64 55 65 57 54 47 49 46 42 41 42 48 50 48 43 39 -3.4e+38 -3.4e+38 -3.4e+38 -3.4e+38 -3.4e+38 -3.4e+38 -3.4e+38
-3.4e+38 83 75 82 77 81 71 57 26 41 75 81 68 82 77 59 58 68 68 63 62 51 62 62 59 49 68 83 76 76 77 83 89 88 70 80 67 57 57 53 50 45 31 36 48 49 45 53 56 55 49 54 52 50 45 43 38 42 47 48 48 43 40 -3.4e+38 -3.4e+38 -3.4e+38 -3.4e+38 -3.4e+38 -3.4e+38 -3.4e+38
66 74 73 80 76 67 60 37 27 74 79 71 53 71 77 56 52 51 64 62 66 51 56 62 53 43 64 76 65 68 68 85 83 81 77 81 85 86 73 43 39 30 31 36 42 36 40 47 48 41 48 50 51 49 43 42 37 37 44 47 48 42 39 38 -3.4e+38 -3.4e+38 -3.4e+38 -3.4e+38 -3.4e+38 -3.4e+38
56 57 72 75 75 56 63 22 29 67 73 69 53 56 56 52 50 48 53 65 65 49 63 65 36 54 71 58 56 57 66 72 75 73 74 82 85 80 64 60 54 36 29 31 33 38 40 50 40 34 39 41 45 46 41 35 35 35 36 44 44 42 36 34 34 -3.4e+38 -3.4e+38 -3.4e+38 -3.4e+38 -3.4e+38
-3.4e+38 49 72 70 67 52 45 18 25 60 70 74 66 41 39 60 58 40 65 54 46 59 75 52 46 72 69 54 57 55 63 62 68 69 69 74 72 61 64 53 37 33 24 28 37 42 45 46 32 30 34 39 44 47 51 48 47 39 44 40 42 42 36 33 31 -3.4e+38 -3.4e+38 -3.4e+38 -3.4e+38 -3.4e+38
-3.4e+38 -3.4e+38 55 58 52 61 44 18 22 60 66 64 67 62 44 41 59 42 54 50 47 67 68 49 46 71 48 55 60 59 60 73 71 66 68 74 67 56 49 56 32 29 25 25 34 38 43 30 29 37 44 48 48 52 51 55 56 46 49 49 44 44 39 34 28 -3.4e+38 -3.4e+38 -3.4e+38 -3.4e+38 -3.4e+38
-3.4e+38 -3.4e+38 -3.4e+38 36 44 54 61 21 15 49 63 53 60 55 57 32 47 30 43 37 49 61 57 34 48 51 42 58 62 70 73 80 73 73 73 75 71 66 56 39 29 25 21 23 30 32 32 28 27 41 57 59 50 49 48 42 42 39 37 47 44 49 47 52 53 28 -3.4e+38 -3.4e+38 -3.4e+38 -3.4e+38
-3.4e+38 -3.4e+38 -3.4e+38 -3.4e+38 -3.4e+38 38 53 36 9 31 57 47 49 58 44 21 25 34 51 51 46 34 29 29 34 35 42 47 50 59 68 72 68 52 46 53 53 60 64 57 31 21 22 24 28 32 24 22 28 33 58 60 53 50 44 36 32 32 31 35 39 49 50 44 46 33 40 56 83 91
-3.4e+38 -3.4e+38 -3.4e+38 -3.4e+38 -3.4e+38 -3.4e+38 38 40 14 16 45 47 43 48 17 31 50 51 39 26 24 34 39 42 60 62 63 66 65 71 58 63 59 58 44 46 53 47 42 38 27 17 24 20 20 21 19 28 32 35 51 48 69 78 68 56 62 61 30 30 44 54 56 51 45 33 55 79 85 91
-3.4e+38 -3.4e+38 -3.4e+38 -3.4e+38 -3.4e+38 22 43 43 25 12 19 39 40 23 13 28 35 19 21 34 47 56 58 60 63 53 51 53 58 52 46 51 56 38 38 40 55 45 38 34 29 15 20 17 19 22 35 59 58 60 59 76 82 76 83 82 70 73 39 48 67 54 42 38 32 58 83 78 85 90
-3.4e+38 -3.4e+38 -3.4e+38 -3.4e+38 -3.4e+38 30 39 40 42 19 3 -3.4e+38 24 17 10 7 15 27 34 50 54 53 53 56 54 44 32 43 48 39 41 43 40 39 29 40 38 43 44 36 34 15 20 43 54 50 41 45 52 58 66 73 68 67 70 62 53 46 31 52 57 43 37 32 68 82 84 88 84 79
-3.4e+38 -3.4e+38 -3.4e+38 -3.4e+38 13 33 32 37 45 38 30 -3.4e+38 -3.4e+38 9 -3.4e+38 15 36 43 44 43 46 43 40 42 43 39 25 20 26 23 33 29 27 22 22 25 23 28 36 35 29 14 17 33 36 39 38 43 33 32 41 50 60 69 66 65 56 45 37 41 44 38 27 44 66 79 76 73 73 80
-3.4e+38 -3.4e+38 -3.4e+38 -3.4e+38 -3.4e+38 11 16 32 36 36 36 -3.4e+38 -3.4e+38 6 -3.4e+38 -3.4e+38 23 31 40 39 33 30 22 26 21 25 17 -3.4e+38 13 21 24 23 -3.4e+38 14 11 12 19 19 22 16 17 12 26 29 38 37 40 34 32 39 40 51 57 55 58 59 56 47 35 38 42 36 25 49 68 69 66 62 63 67
-3.4e+38 -3.4e+38 -3.4e+38 -3.4e+38 -3.4e+38 -3.4e+38 -3.4e+38 19 28 28 22 -3.4e+38 -3.4e+38 -3.4e+38 -3.4e+38 -3.4e+38 11 13 17 14 15 16 15 15 10 12 -3.4e+38 -3.4e+38 -3.4e+38 -3.4e+38 -3.4e+38 -3.4e+38 -3.4e+38 -3.4e+38 -3.4e+38 7 10 13 15 13 11 19 22 30 37 37 30 29 35 30 38 44 48 47 49 50 48 44 32 35 37 30 25 47 55 56 57 57 57 58
-3.4e+38 -3.4e+38 -3.4e+38 -3.4e+38 -3.4e+38 10 12 15 12 -3.4e+38 -3.4e+38 -3.4e+38 -3.4e+38 11 11 13 -3.4e+38 -3.4e+38 -3.4e+38 -3.4e+38 -3.4e+38 7 8 -3.4e+38 9 -3.4e+38 -3.4e+38 9 7 7 -3.4e+38 7 7 8 -3.4e+38 -3.4e+38 5 9 11 10 12 19 24 29 30 28 27 27 32 26 32 39 34 40 43 43 39 39 32 31 31 25 25 46 50 52 47 40 39 42
-3.4e+38 -3.4e+38 -3.4e+38 -3.4e+38 -3.4e+38 11 12 9 7 -3.4e+38 7 -3.4e+38 -3.4e+38 -3.4e+38 2 -3.4e+38 -3.4e+38 -3.4e+38 -3.4e+38 -3.4e+38 -3.4e+38 -3.4e+38 -3.4e+38 -3.4e+38 -3.4e+38 -3.4e+38 -3.4e+38 -3.4e+38 -3.4e+38 -3.4e+38 -3.4e+38 -3.4e+38 -3.4e+38 13 14 13 12 15 16 19 18 21 21 20 19 16 20 23 18 15 27 29 28 31 30 31 32 31 28 27 30 23 24 42 42 40 38 35 30 28
-3.4e+38 -3.4e+38 -3.4e+38 5 -3.4e+38 -3.4e+38 9 -3.4e+38 -3.4e+38 -3.4e+38 -3.4e+38 -3.4e+38 -3.4e+38 -3.4e+38 -3.4e+38 -3.4e+38 -3.4e+38 -3.4e+38 -3.4e+38 -3.4e+38 -3.4e+38 -3.4e+38 -3.4e+38 -3.4e+38 -3.4e+38 -3.4e+38 -3.4e+38 -3.4e+38 -3.4e+38 -3.4e+38 -3.4e+38 -3.4e+38 -3.4e+38 -3.4e+38 -3.4e+38 -3.4e+38 14 15 16 17 13 11 12 11 7 13 17 15 12 10 15 19 21 27 30 28 29 29 29 23 27 22 23 33 38 40 42 39 27 24
-3.4e+38 -3.4e+38 -3.4e+38 -3.4e+38 -3.4e+38 -3.4e+38 -3.4e+38 -3.4e+38 -3.4e+38 -3.4e+38 -3.4e+38 -3.4e+38 -3.4e+38 -3.4e+38 -3.4e+38 -3.4e+38 -3.4e+38 -3.4e+38 -3.4e+38 -3.4e+38 -3.4e+38 -3.4e+38 -3.4e+38 -3.4e+38 -3.4e+38 -3.4e+38 -3.4e+38 -3.4e+38 -3.4e+38 -3.4e+38 -3.4e+38 -3.4e+38 -3.4e+38 -3.4e+38 -3.4e+38 -3.4e+38 -3.4e+38 -3.4e+38 -3.4e+38 10 14 14 6 -3.4e+38 -3.4e+38 8 9 7 8 13 18 22 24 27 29 29 29 24 26 22 22 20 23 29 36 37 36 34 29 21
-3.4e+38 -3.4e+38 -3.4e+38 -3.4e+38 -3.4e+38 -3.4e+38 -3.4e+38 -3.4e+38 -3.4e+38 -3.4e+38 -3.4e+38 -3.4e+38 -3.4e+38 -3.4e+38 -3.4e+38 -3.4e+38 -3.4e+38 -3.4e+38 -3.4e+38 -3.4e+38 -3.4e+38 -3.4e+38 -3.4e+38 -3.4e+38 -3.4e+38 -3.4e+38 -3.4e+38 -3.4e+38 -3.4e+38 -3.4e+38 -3.4e+38 -3.4e+38 -3.4e+38 -3.4e+38 -3.4e+38 -3.4e+38 -3.4e+38 -3.4e+38 -3.4e+38 -3.4e+38 -3.4e+38 14 10 3 3 -3.4e+38 -3.4e+38 11 15 20 19 19 22 25 25 26 28 26 17 22 19 18 23 29 33 32 31 31 28 25
-3.4e+38 -3.4e+38 -3.4e+38 -3.4e+38 -3.4e+38 -3.4e+38 -3.4e+38 -3.4e+38 -3.4e+38 -3.4e+38 -3.4e+38 -3.4e+38 -3.4e+38 -3.4e+38 -3.4e+38 -3.4e+38 -3.4e+38 -3.4e+38 -3.4e+38 -3.4e+38 -3.4e+38 -3.4e+38 -3.4e+38 -3.4e+38 -3.4e+38 -3.4e+38 -3.4e+38 -3.4e+38 -3.4e+38 -3.4e+38 -3.4e+38 -3.4e+38 -3.4e+38 -3.4e+38 -3.4e+38 -3.4e+38 -3.4e+38 -3.4e+38 -3.4e+38 -3.4e+38 -3.4e+38 -3.4e+38 -3.4e+38 8 7 -3.4e+38 11 15 17 17 20 21 20 19 21 23 24 20 14 19 19 23 24 27 28 27 28 25 26 26
-3.4e+38 -3.4e+38 -3.4e+38 -3.4e+38 -3.4e+38 -3.4e+38 -3.4e+38 -3.4e+38 -3.4e+38 -3.4e+38 -3.4e+38 -3.4e+38 -3.4e+38 -3.4e+38 -3.4e+38 -3.4e+38 -3.4e+38 -3.4e+38 -3.4e+38 -3.4e+38 -3.4e+38 -3.4e+38 -3.4e+38 -3.4e+38 -3.4e+38 -3.4e+38 -3.4e+38 -3.4e+38 -3.4e+38 -3.4e+38 -3.4e+38 -3.4e+38 -3.4e+38 -3.4e+38 -3.4e+38 -3.4e+38 -3.4e+38 -3.4e+38 -3.4e+38 -3.4e+38 -3.4e+38 -3.4e+38 -3.4e+38 -3.4e+38 -3.4e+38 6 -3.4e+38 13 13 11 14 16 19 18 21 21 19 16 12 18 18 20 22 23 24 23 23 24 24 24
-3.4e+38 -3.4e+38 -3.4e+38 -3.4e+38 -3.4e+38 -3.4e+38 -3.4e+38 -3.4e+38 -3.4e+38 -3.4e+38 -3.4e+38 -3.4e+38 -3.4e+38 -3.4e+38 -3.4e+38 -3.4e+38 -3.4e+38 -3.4e+38 -3.4e+38 -3.4e+38 -3.4e+38 -3.4e+38 -3.4e+38 -3.4e+38 -3.4e+38 -3.4e+38 -3.4e+38 -3.4e+38 -3.4e+38 -3.4e+38 -3.4e+38 -3.4e+38 -3.4e+38 -3.4e+38 -3.4e+38 -3.4e+38 -3.4e+38 -3.4e+38 -3.4e+38 -3.4e+38 -3.4e+38 -3.4e+38 -3.4e+38 -3.4e+38 -3.4e+38 -3.4e+38 -3.4e+38 10 -3.4e+38 -3.4e+38 7 11 14 14 18 17 16 15 18 19 18 17 17 18 21 20 21 19 19 20
-3.4e+38 -3.4e+38 -3.4e+38 -3.4e+38 -3.4e+38 -3.4e+38 -3.4e+38 -3.4e+38 -3.4e+38 -3.4e+38 -3.4e+38 -3.4e+38 -3.4e+38 -3.4e+38 -3.4e+38 -3.4e+38 -3.4e+38 -3.4e+38 -3.4e+38 -3.4e+38 -3.4e+38 -3.4e+38 -3.4e+38 -3.4e+38 -3.4e+38 -3.4e+38 -3.4e+38 -3.4e+38 -3.4e+38 -3.4e+38 -3.4e+38 -3.4e+38 -3.4e+38 -3.4e+38 -3.4e+38 -3.4e+38 -3.4e+38 -3.4e+38 -3.4e+38 -3.4e+38 -3.4e+38 -3.4e+38 -3.4e+38 -3.4e+38 -3.4e+38 -3.4e+38 -3.4e+38 -3.4e+38 9 8 -3.4e+38 8 -3.4e+38 7 14 11 15 17 16 17 17 16 14 15 15 15 13 16 16 18
-3.4e+38 -3.4e+38 -3.4e+38 -3.4e+38 -3.4e+38 -3.4e+38 -3.4e+38 -3.4e+38 -3.4e+38 -3.4e+38 -3.4e+38 -3.4e+38 -3.4e+38 -3.4e+38 -3.4e+38 -3.4e+38 -3.4e+38 -3.4e+38 -3.4e+38 -3.4e+38 -3.4e+38 -3.4e+38 -3.4e+38 -3.4e+38 -3.4e+38 -3.4e+38 -3.4e+38 -3.4e+38 -3.4e+38 -3.4e+38 -3.4e+38 -3.4e+38 -3.4e+38 -3.4e+38 -3.4e+38 -3.4e+38 -3.4e+38 -3.4e+38 -3.4e+38 -3.4e+38 -3.4e+38 -3.4e+38 -3.4e+38 -3.4e+38 -3.4e+38 -3.4e+38 -3.4e+38 -3.4e+38 -3.4e+38 -3.4e+38 9 9 -3.4e+38 9 8 12 16 14 13 13 15 13 13 14 13 13 12 13 13 11
-3.4e+38 -3.4e+38 -3.4e+38 -3.4e+38 -3.4e+38 -3.4e+38 -3.4e+38 -3.4e+38 -3.4e+38 -3.4e+38 -3.4e+38 -3.4e+38 -3.4e+38 -3.4e+38 -3.4e+38 -3.4e+38 -3.4e+38 -3.4e+38 -3.4e+38 -3.4e+38 -3.4e+38 -3.4e+38 -3.4e+38 -3.4e+38 -3.4e+38 -3.4e+38 -3.4e+38 -3.4e+38 -3.4e+38 -3.4e+38 -3.4e+38 -3.4e+38 -3.4e+38 -3.4e+38 -3.4e+38 -3.4e+38 -3.4e+38 -3.4e+38 -3.4e+38 -3.4e+38 -3.4e+38 -3.4e+38 -3.4e+38 -3.4e+38 -3.4e+38 -3.4e+38 -3.4e+38 -3.4e+38 -3.4e+38 -3.4e+38 -3.4e+38 8 9 7 10 9 10 11 14 13 12 10 12 14 14 14 14 14 15 9
-3.4e+38 -3.4e+38 -3.4e+38 -3.4e+38 -3.4e+38 -3.4e+38 -3.4e+38 -3.4e+38 -3.4e+38 -3.4e+38 -3.4e+38 -3.4e+38 -3.4e+38 -3.4e+38 -3.4e+38 -3.4e+38 -3.4e+38 -3.4e+38 -3.4e+38 -3.4e+38 -3.4e+38 -3.4e+38 -3.4e+38 -3.4e+38 -3.4e+38 -3.4e+38 -3.4e+38 -3.4e+38 -3.4e+38 -3.4e+38 -3.4e+38 -3.4e+38 -3.4e+38 -3.4e+38 -3.4e+38 -3.4e+38 -3.4e+38 -3.4e+38 -3.4e+38 -3.4e+38 -3.4e+38 -3.4e+38 -3.4e+38 -3.4e+38 -3.4e+38 -3.4e+38 -3.4e+38 -3.4e+38 -3.4e+38 -3.4e+38 -3.4e+38 -3.4e+38 -3.4e+38 9 10 9 11 12 11 10 9 8 13 10 13 14 13 11 14 5
-3.4e+38 -3.4e+38 -3.4e+38 -3.4e+38 -3.4e+38 -3.4e+38 -3.4e+38 -3.4e+38 -3.4e+38 -3.4e+38 -3.4e+38 -3.4e+38 -3.4e+38 -3.4e+38 -3.4e+38 -3.4e+38 -3.4e+38 -3.4e+38 -3.4e+38 -3.4e+38 -3.4e+38 -3.4e+38 -3.4e+38 -3.4e+38 -3.4e+38 -3.4e+38 -3.4e+38 -3.4e+38 -3.4e+38 -3.4e+38 -3.4e+38 -3.4e+38 -3.4e+38 -3.4e+38 -3.4e+38 -3.4e+38 -3.4e+38 -3.4e+38 -3.4e+38 -3.4e+38 -3.4e+38 -3.4e+38 -3.4e+38 -3.4e+38 -3.4e+38 -3.4e+38 -3.4e+38 -3.4e+38 -3.4e+38 -3.4e+38 -3.4e+38 -3.4e+38 -3.4e+38 -3.4e+38 8 9 11 10 8 7 9 11 14 10 11 9 9 10 10 7
-3.4e+38 -3.4e+38 -3.4e+38 -3.4e+38 -3.4e+38 -3.4e+38 -3.4e+38 -3.4e+38 -3.4e+38 -3.4e+38 -3.4e+38 -3.4e+38 -3.4e+38 -3.4e+38 -3.4e+38 -3.4e+38 -3.4e+38 -3.4e+38 -3.4e+38 -3.4e+38 -3.4e+38 -3.4e+38 -3.4e+38 -3.4e+38 -3.4e+38 -3.4e+38 -3.4e+38 -3.4e+38 -3.4e+38 -3.4e+38 -3.4e+38 -3.4e+38 -3.4e+38 -3.4e+38 -3.4e+38 -3.4e+38 -3.4e+38 -3.4e+38 -3.4e+38 -3.4e+38 -3.4e+38 -3.4e+38 -3.4e+38 -3.4e+38 -3.4e+38 -3.4e+38 -3.4e+38 -3.4e+38 -3.4e+38 -3.4e+38 -3.4e+38 -3.4e+38 -3.4e+38 -3.4e+38 -3.4e+38 9 9 9 6 6 9 12 14 9 7 8 8 8 9 9
-3.4e+38 -3.4e+38 -3.4e+38 -3.4e+38 -3.4e+38 -3.4e+38 -3.4e+38 -3.4e+38 -3.4e+38 -3.4e+38 -3.4e+38 -3.4e+38 -3.4e+38 -3.4e+38 -3.4e+38 -3.4e+38 -3.4e+38 -3.4e+38 -3.4e+38 -3.4e+38 -3.4e+38 -3.4e+38 -3.4e+38 -3.4e+38 -3.4e+38 -3.4e+38 -3.4e+38 -3.4e+38 -3.4e+38 -3.4e+38 -3.4e+38 -3.4e+38 -3.4e+38 -3.4e+38 -3.4e+38 -3.4e+38 -3.4e+38 -3.4e+38 -3.4e+38 -3.4e+38 -3.4e+38 -3.4e+38 -3.4e+38 -3.4e+38 -3.4e+38 -3.4e+38 -3.4e+38 -3.4e+38 -3.4e+38 -3.4e+38 -3.4e+38 -3.4e+38 -3.4e+38 -3.4e+38 -3.4e+38 -3.4e+38 10 9 8 7 7 11 15 10 6 7 -3.4e+38 9 9 9
-3.4e+38 -3.4e+38 -3.4e+38 -3.4e+38 -3.4e+38 -3.4e+38 -3.4e+38 -3.4e+38 -3.4e+38 -3.4e+38 -3.4e+38 -3.4e+38 -3.4e+38 -3.4e+38 -3.4e+38 -3.4e+38 -3.4e+38 -3.4e+38 -3.4e+38 -3.4e+38 -3.4e+38 -3.4e+38 -3.4e+38 -3.4e+38 -3.4e+38 -3.4e+38 -3.4e+38 -3.4e+38 -3.4e+38 -3.4e+38 -3.4e+38 -3.4e+38 -3.4e+38 -3.4e+38 -3.4e+38 -3.4e+38 -3.4e+38 -3.4e+38 -3.4e+38 -3.4e+38 -3.4e+38 -3.4e+38 -3.4e+38 -3.4e+38 -3.4e+38 -3.4e+38 -3.4e+38 -3.4e+38 -3.4e+38 -3.4e+38 -3.4e+38 -3.4e+38 -3.4e+38 -3.4e+38 -3.4e+38 -3.4e+38 10 7 7 4 6 7 9 6 4 -3.4e+38 9 10 -3.4e+38 -3.4e+38
-3.4e+38 -3.4e+38 -3.4e+38 -3.4e+38 -3.4e+38 -3.4e+38 -3.4e+38 -3.4e+38 -3.4e+38 -3.4e+38 -3.4e+38 -3.4e+38 -3.4e+38 -3.4e+38 -3.4e+38 -3.4e+38 -3.4e+38 -3.4e+38 -3.4e+38 -3.4e+38 -3.4e+38 -3.4e+38 -3.4e+38 -3.4e+38 -3.4e+38 -3.4e+38 -3.4e+38 -3.4e+38 -3.4e+38 -3.4e+38 -3.4e+38 -3.4e+38 -3.4e+38 -3.4e+38 -3.4e+38 -3.4e+38 -3.4e+38 -3.4e+38 -3.4e+38 -3.4e+38 -3.4e+38 -3.4e+38 -3.4e+38 -3.4e+38 -3.4e+38 -3.4e+38 -3.4e+38 -3.4e+38 -3.4e+38 -3.4e+38 -3.4e+38 -3.4e+38 -3.4e+38 -3.4e+38 -3.4e+38 -3.4e+38 7 7 8 8 8 9 8 -3.4e+38 -3.4e+38 7 -3.4e+38 -3.4e+38 -3.4e+38 -3.4e+38
