Demos/Rbased/CrashCourse/data/climate_processing/PresentLayers/bio18.asc
NCOLS 182 
NROWS 155 
XLLCORNER -87.625 
YLLCORNER 24.5416666666667 
CELLSIZE 0.0416666666666666 
NODATA_value -3.4e+38 
[rows 0 to 29 of 155, columns 69 to 137 of 182]
-3.4e+38 -3.4e+38 -3.4e+38 -3.4e+38 -3.4e+38 -3.4e+38 -3.4e+38 -3.4e+38 -3.4e+38 -3.4e+38 -3.4e+38 -3.4e+38 -3.4e+38 -3.4e+38 -3.4e+38 -3.4e+38 -3.4e+38 -3.4e+38 -3.4e+38 -3.4e+38 -3.4e+38 -3.4e+38 -3.4e+38 -3.4e+38 -3.4e+38 -3.4e+38 -3.4e+38 -3.4e+38 -3.4e+38 -3.4e+38 -3.4e+38 -3.4e+38 -3.4e+38 -3.4e+38 -3.4e+38 -3.4e+38 -3.4e+38 -3.4e+38 -3.4e+38 -3.4e+38 -3.4e+38 -3.4e+38 -3.4e+38 -3.4e+38 -3.4e+38 -3.4e+38 -3.4e+38 -3.4e+38 -3.4e+38 -3.4e+38 -3.4e+38 -3.4e+38 -3.4e+38 -3.4e+38 -3.4e+38 -3.4e+38 -3.4e+38 -3.4e+38 -3.4e+38 -3.4e+38 -3.4e+38 -3.4e+38 -3.4e+38 -3.4e+38 -3.4e+38 -3.4e+38 -3.4e+38 -3.4e+38 -3.4e+38
-3.4e+38 -3.4e+38 -3.4e+38 -3.4e+38 -3.4e+38 -3.4e+38 -3.4e+38 -3.4e+38 -3.4e+38 -3.4e+38 -3.4e+38 -3.4e+38 -3.4e+38 -3.4e+38 -3.4e+38 -3.4e+38 -3.4e+38 -3.4e+38 -3.4e+38 -3.4e+38 -3.4e+38 -3.4e+38 -3.4e+38 -3.4e+38 -3.4e+38 -3.4e+38 -3.4e+38 -3.4e+38 -3.4e+38 -3.4e+38 -3.4e+38 -3.4e+38 -3.4e+38 -3.4e+38 -3.4e+38 -3.4e+38 -3.4e+38 -3.4e+38 -3.4e+38 -3.4e+38 -3.4e+38 -3.4e+38 -3.4e+38 -3.4e+38 -3.4e+38 -3.4e+38 -3.4e+38 -3.4e+38 -3.4e+38 -3.4e+38 -3.4e+38 -3.4e+38 -3.4e+38 -3.4e+38 -3.4e+38 -3.4e+38 -3.4e+38 -3.4e+38 -3.4e+38 -3.4e+38 -3.4e+38 -3.4e+38 -3.4e+38 -3.4e+38 -3.4e+38 -3.4e+38 -3.4e+38 -3.4e+38 -3.4e+38
-3.4e+38 -3.4e+38 -3.4e+38 -3.4e+38 -3.4e+38 -3.4e+38 -3.4e+38 -3.4e+38 -3.4e+38 -3.4e+38 -3.4e+38 -3.4e+38 -3.4e+38 -3.4e+38 -3.4e+38 -3.4e+38 -3.4e+38 -3.4e+38 -3.4e+38 -3.4e+38 -3.4e+38 -3.4e+38 -3.4e+38 -3.4e+38 -3.4e+38 -3.4e+38 -3.4e+38 -3.4e+38 -3.4e+38 -3.4e+38 -3.4e+38 -3.4e+38 -3.4e+38 -3.4e+38 -3.4e+38 -3.4e+38 -3.4e+38 -3.4e+38 -3.4e+38 -3.4e+38 -3.4e+38 -3.4e+38 -3.4e+38 -3.4e+38 -3.4e+38 -3.4e+38 -3.4e+38 -3.4e+38 -3.4e+38 -3.4e+38 -3.4e+38 -3.4e+38 -3.4e+38 -3.4e+38 -3.4e+38 -3.4e+38 -3.4e+38 -3.4e+38 -3.4e+38 -3.4e+38 -3.4e+38 -3.4e+38 -3.4e+38 -3.4e+38 -3.4e+38 -3.4e+38 -3.4e+38 -3.4e+38 -3.4e+38
-3.4e+38 -3.4e+38 -3.4e+38 -3.4e+38 -3.4e+38 -3.4e+38 -3.4e+38 -3.4e+38 -3.4e+38 -3.4e+38 -3.4e+38 -3.4e+38 -3.4e+38 -3.4e+38 -3.4e+38 -3.4e+38 -3.4e+38 -3.4e+38 -3.4e+38 -3.4e+38 -3.4e+38 -3.4e+38 -3.4e+38 -3.4e+38 -3.4e+38 -3.4e+38 -3.4e+38 -3.4e+38 -3.4e+38 -3.4e+38 -3.4e+38 -3.4e+38 -3.4e+38 -3.4e+38 -3.4e+38 -3.4e+38 -3.4e+38 -3.4e+38 -3.4e+38 -3.4e+38 -3.4e+38 -3.4e+38 -3.4e+38 -3.4e+38 -3.4e+38 -3.4e+38 -3.4e+38 -3.4e+38 -3.4e+38 -3.4e+38 -3.4e+38 -3.4e+38 -3.4e+38 -3.4e+38 -3.4e+38 -3.4e+38 -3.4e+38 -3.4e+38 -3.4e+38 -3.4e+38 -3.4e+38 -3.4e+38 -3.4e+38 -3.4e+38 -3.4e+38 -3.4e+38 -3.4e+38 -3.4e+38 -3.4e+38
-3.4e+38 -3.4e+38 -3.4e+38 -3.4e+38 -3.4e+38 -3.4e+38 -3.4e+38 -3.4e+38 -3.4e+38 -3.4e+38 -3.4e+38 -3.4e+38 -3.4e+38 -3.4e+38 -3.4e+38 -3.4e+38 -3.4e+38 -3.4e+38 -3.4e+38 -3.4e+38 -3.4e+38 -3.4e+38 -3.4e+38 -3.4e+38 -3.4e+38 -3.4e+38 -3.4e+38 -3.4e+38 -3.4e+38 -3.4e+38 -3.4e+38 -3.4e+38 -3.4e+38 -3.4e+38 -3.4e+38 -3.4e+38 -3.4e+38 -3.4e+38 -3.4e+38 -3.4e+38 -3.4e+38 -3.4e+38 -3.4e+38 -3.4e+38 -3.4e+38 -3.4e+38 -3.4e+38 -3.4e+38 -3.4e+38 -3.4e+38 -3.4e+38 -3.4e+38 -3.4e+38 -3.4e+38 -3.4e+38 -3.4e+38 -3.4e+38 -3.4e+38 -3.4e+38 -3.4e+38 -3.4e+38 -3.4e+38 -3.4e+38 -3.4e+38 -3.4e+38 -3.4e+38 -3.4e+38 497 494
-3.4e+38 -3.4e+38 -3.4e+38 -3.4e+38 -3.4e+38 -3.4e+38 -3.4e+38 -3.4e+38 -3.4e+38 -3.4e+38 -3.4e+38 -3.4e+38 -3.4e+38 -3.4e+38 -3.4e+38 -3.4e+38 -3.4e+38 -3.4e+38 -3.4e+38 -3.4e+38 -3.4e+38 -3.4e+38 -3.4e+38 -3.4e+38 -3.4e+38 -3.4e+38 -3.4e+38 -3.4e+38 -3.4e+38 -3.4e+38 -3.4e+38 -3.4e+38 -3.4e+38 -3.4e+38 -3.4e+38 -3.4e+38 -3.4e+38 -3.4e+38 -3.4e+38 -3.4e+38 -3.4e+38 -3.4e+38 -3.4e+38 -3.4e+38 -3.4e+38 -3.4e+38 -3.4e+38 -3.4e+38 -3.4e+38 -3.4e+38 -3.4e+38 -3.4e+38 -3.4e+38 -3.4e+38 -3.4e+38 -3.4e+38 -3.4e+38 -3.4e+38 -3.4e+38 -3.4e+38 -3.4e+38 -3.4e+38 -3.4e+38 -3.4e+38 -3.4e+38 -3.4e+38 501 500 494
-3.4e+38 -3.4e+38 -3.4e+38 -3.4e+38 -3.4e+38 -3.4e+38 -3.4e+38 -3.4e+38 -3.4e+38 -3.4e+38 -3.4e+38 -3.4e+38 -3.4e+38 -3.4e+38 -3.4e+38 -3.4e+38 -3.4e+38 -3.4e+38 -3.4e+38 -3.4e+38 -3.4e+38 -3.4e+38 -3.4e+38 -3.4e+38 -3.4e+38 -3.4e+38 -3.4e+38 -3.4e+38 -3.4e+38 -3.4e+38 -3.4e+38 -3.4e+38 -3.4e+38 -3.4e+38 -3.4e+38 -3.4e+38 -3.4e+38 -3.4e+38 -3.4e+38 -3.4e+38 -3.4e+38 -3.4e+38 -3.4e+38 -3.4e+38 -3.4e+38 -3.4e+38 -3.4e+38 -3.4e+38 -3.4e+38 -3.4e+38 -3.4e+38 -3.4e+38 -3.4e+38 -3.4e+38 -3.4e+38 -3.4e+38 -3.4e+38 -3.4e+38 -3.4e+38 -3.4e+38 -3.4e+38 -3.4e+38 -3.4e+38 -3.4e+38 -3.4e+38 506 503 500 496
460 459 461 462 461 464 464 465 468 468 -3.4e+38 -3.4e+38 -3.4e+38 -3.4e+38 -3.4e+38 -3.4e+38 -3.4e+38 -3.4e+38 -3.4e+38 -3.4e+38 -3.4e+38 -3.4e+38 -3.4e+38 -3.4e+38 -3.4e+38 -3.4e+38 -3.4e+38 -3.4e+38 -3.4e+38 -3.4e+38 -3.4e+38 -3.4e+38 -3.4e+38 -3.4e+38 -3.4e+38 -3.4e+38 -3.4e+38 -3.4e+38 -3.4e+38 -3.4e+38 -3.4e+38 -3.4e+38 -3.4e+38 -3.4e+38 -3.4e+38 -3.4e+38 -3.4e+38 -3.4e+38 -3.4e+38 -3.4e+38 -3.4e+38 -3.4e+38 -3.4e+38 -3.4e+38 -3.4e+38 -3.4e+38 -3.4e+38 -3.4e+38 -3.4e+38 -3.4e+38 -3.4e+38 -3.4e+38 -3.4e+38 -3.4e+38 -3.4e+38 507 504 502 496
468 469 469 470 470 470 470 474 474 473 472 473 470 469 470 468 467 465 464 462 461 460 459 458 458 457 456 456 455 456 -3.4e+38 -3.4e+38 -3.4e+38 -3.4e+38 -3.4e+38 -3.4e+38 -3.4e+38 -3.4e+38 -3.4e+38 -3.4e+38 -3.4e+38 -3.4e+38 -3.4e+38 -3.4e+38 -3.4e+38 -3.4e+38 -3.4e+38 -3.4e+38 -3.4e+38 -3.4e+38 -3.4e+38 -3.4e+38 -3.4e+38 -3.4e+38 -3.4e+38 -3.4e+38 -3.4e+38 -3.4e+38 -3.4e+38 -3.4e+38 -3.4e+38 -3.4e+38 -3.4e+38 -3.4e+38 -3.4e+38 507 506 503 497
475 476 477 477 477 478 478 481 480 480 480 480 479 478 477 475 475 471 468 468 466 466 466 465 463 464 462 462 461 459 461 461 462 463 463 465 469 469 473 476 477 481 484 486 488 491 493 -3.4e+38 -3.4e+38 -3.4e+38 -3.4e+38 -3.4e+38 -3.4e+38 -3.4e+38 -3.4e+38 -3.4e+38 -3.4e+38 -3.4e+38 -3.4e+38 -3.4e+38 -3.4e+38 -3.4e+38 -3.4e+38 -3.4e+38 -3.4e+38 -3.4e+38 506 503 499
481 483 483 485 485 485 488 490 488 489 488 489 487 486 484 482 480 478 473 473 472 472 471 471 469 469 468 466 466 465 464 464 465 467 468 470 472 476 478 481 482 484 487 491 492 495 496 498 501 503 505 508 509 511 513 515 516 518 519 520 521 -3.4e+38 -3.4e+38 -3.4e+38 -3.4e+38 -3.4e+38 507 504 500
490 491 490 492 493 494 497 498 497 497 496 498 496 492 491 488 486 485 482 482 480 478 477 476 476 475 474 474 473 472 471 470 471 473 474 476 477 480 482 484 487 488 493 494 496 498 499 502 504 506 508 510 511 514 516 518 520 522 522 523 -3.4e+38 -3.4e+38 -3.4e+38 -3.4e+38 -3.4e+38 -3.4e+38 510 505 501
496 497 498 499 500 501 504 504 506 507 507 506 503 499 497 494 492 491 489 488 488 485 484 483 482 482 482 480 479 478 477 478 480 480 481 482 482 485 486 488 490 494 495 498 499 500 502 505 507 507 510 512 515 517 519 521 522 524 525 526 526 -3.4e+38 -3.4e+38 -3.4e+38 -3.4e+38 -3.4e+38 511 507 502
503 503 503 505 506 509 511 514 515 515 513 514 510 505 503 501 500 498 498 496 496 491 491 492 490 490 489 489 488 487 486 487 486 486 487 488 488 490 491 493 494 496 498 500 501 502 505 506 508 510 513 515 518 519 521 523 525 527 528 529 529 -3.4e+38 -3.4e+38 -3.4e+38 -3.4e+38 517 513 509 503
508 508 509 511 514 516 519 521 524 523 521 518 516 513 512 507 505 507 505 503 501 499 499 498 497 497 496 497 496 495 494 494 494 494 493 493 496 495 496 496 497 499 500 500 502 505 506 508 509 512 514 516 519 521 523 526 528 530 532 531 532 -3.4e+38 -3.4e+38 -3.4e+38 -3.4e+38 519 515 511 507
512 514 516 518 520 522 524 527 529 529 527 523 521 517 515 513 511 509 509 508 507 507 505 506 506 506 506 506 505 504 502 502 501 501 501 500 500 500 501 500 501 502 503 502 503 504 506 508 511 512 515 518 520 522 525 526 528 532 534 535 534 533 531 529 524 521 518 513 509
518 520 520 523 525 526 529 531 531 531 530 528 526 523 520 518 517 515 516 514 513 512 513 513 514 514 515 514 513 513 511 510 509 509 508 508 507 506 506 504 503 504 504 505 506 506 508 509 511 514 517 520 523 525 526 529 532 535 537 538 538 538 535 533 529 524 521 516 512
523 525 526 527 529 531 532 534 535 535 533 532 530 527 526 524 523 522 521 520 519 520 520 521 522 523 523 522 522 521 520 518 517 516 516 514 512 511 510 509 507 505 505 505 508 509 511 512 514 516 519 523 525 527 530 533 535 537 539 541 540 542 539 536 532 526 523 518 513
528 528 531 531 533 535 536 537 537 537 536 536 534 533 531 529 528 527 527 526 527 527 528 529 530 531 531 532 531 530 528 527 525 524 522 520 519 517 514 513 510 508 508 508 510 512 512 514 515 518 521 525 526 530 532 535 537 539 541 541 542 542 540 538 535 529 525 521 517
534 532 534 535 536 537 539 540 540 540 541 539 538 536 536 534 533 533 533 533 533 533 534 536 537 539 540 541 541 539 537 535 532 531 530 526 525 521 520 516 513 511 508 508 510 510 512 514 516 518 522 525 529 531 534 535 538 540 542 543 543 543 542 539 537 530 527 522 517
538 537 538 539 539 540 542 542 543 542 542 542 540 540 540 539 538 539 538 538 538 540 541 542 544 546 549 550 549 547 545 541 540 538 535 532 530 527 524 520 515 512 510 510 509 512 512 513 515 519 522 525 530 533 534 538 540 542 542 544 544 544 541 539 538 532 526 522 517
540 541 540 541 542 542 544 544 545 545 545 543 544 542 542 542 541 540 542 545 543 544 546 548 551 554 555 558 556 555 552 549 547 543 541 538 536 532 528 522 517 511 508 507 507 508 511 513 516 519 522 527 531 534 536 539 541 542 543 543 544 543 542 539 538 533 527 523 516
542 542 542 543 545 545 546 546 547 -3.4e+38 -3.4e+38 -3.4e+38 -3.4e+38 -3.4e+38 -3.4e+38 -3.4e+38 -3.4e+38 -3.4e+38 -3.4e+38 547 548 549 552 554 556 559 560 563 562 560 558 554 552 548 545 542 540 536 532 522 516 509 505 503 503 505 508 511 514 519 524 529 534 535 538 539 541 543 544 545 544 542 541 540 539 535 528 523 518
543 543 543 545 546 546 547 547 548 -3.4e+38 -3.4e+38 -3.4e+38 -3.4e+38 -3.4e+38 -3.4e+38 -3.4e+38 -3.4e+38 -3.4e+38 -3.4e+38 -3.4e+38 -3.4e+38 553 555 558 560 562 565 566 566 564 562 560 557 553 550 545 541 537 529 520 511 505 501 498 498 500 504 508 513 520 525 530 534 537 540 541 543 544 543 543 544 543 541 541 539 536 529 524 520
544 543 545 546 546 547 548 -3.4e+38 -3.4e+38 548 -3.4e+38 -3.4e+38 -3.4e+38 -3.4e+38 -3.4e+38 -3.4e+38 -3.4e+38 -3.4e+38 -3.4e+38 -3.4e+38 -3.4e+38 -3.4e+38 -3.4e+38 560 564 565 567 569 569 568 566 564 561 557 552 546 540 532 522 512 504 497 491 490 490 494 499 505 512 518 525 533 536 539 542 544 544 543 544 543 544 543 542 542 538 536 531 527 522
544 544 546 546 547 548 550 549 551 551 -3.4e+38 -3.4e+38 -3.4e+38 -3.4e+38 -3.4e+38 -3.4e+38 -3.4e+38 -3.4e+38 -3.4e+38 -3.4e+38 -3.4e+38 -3.4e+38 -3.4e+38 -3.4e+38 -3.4e+38 567 568 570 571 570 568 567 564 559 553 546 537 527 515 504 494 487 483 480 483 486 493 501 511 519 528 536 540 542 543 543 542 543 544 544 544 542 541 541 539 537 530 528 522
544 545 545 547 547 -3.4e+38 -3.4e+38 -3.4e+38 -3.4e+38 -3.4e+38 -3.4e+38 -3.4e+38 -3.4e+38 -3.4e+38 -3.4e+38 -3.4e+38 -3.4e+38 -3.4e+38 -3.4e+38 -3.4e+38 -3.4e+38 -3.4e+38 -3.4e+38 -3.4e+38 -3.4e+38 -3.4e+38 570 571 572 572 571 570 566 562 555 547 534 520 506 492 480 472 469 469 472 478 487 496 508 519 529 538 542 545 546 547 543 544 544 543 543 542 541 540 538 536 531 529 523
544 544 545 -3.4e+38 -3.4e+38 -3.4e+38 -3.4e+38 -3.4e+38 -3.4e+38 -3.4e+38 -3.4e+38 -3.4e+38 -3.4e+38 -3.4e+38 -3.4e+38 -3.4e+38 -3.4e+38 -3.4e+38 -3.4e+38 -3.4e+38 -3.4e+38 -3.4e+38 -3.4e+38 -3.4e+38 -3.4e+38 -3.4e+38 -3.4e+38 572 573 573 573 572 569 564 558 546 532 513 494 477 463 456 452 453 460 469 480 492 505 519 531 542 547 548 549 546 546 545 544 543 543 541 540 538 536 534 533 530 524
543 -3.4e+38 -3.4e+38 -3.4e+38 -3.4e+38 -3.4e+38 -3.4e+38 -3.4e+38 -3.4e+38 -3.4e+38 -3.4e+38 -3.4e+38 -3.4e+38 -3.4e+38 -3.4e+38 -3.4e+38 -3.4e+38 -3.4e+38 -3.4e+38 -3.4e+38 -3.4e+38 -3.4e+38 -3.4e+38 -3.4e+38 -3.4e+38 -3.4e+38 -3.4e+38 -3.4e+38 572 574 574 574 572 569 560 548 528 505 481 458 442 433 431 436 445 457 472 488 503 517 532 543 547 548 548 547 545 544 542 541 539 539 538 536 534 533 530 526 524
-3.4e+38 -3.4e+38 -3.4e+38 -3.4e+38 -3.4e+38 -3.4e+38 -3.4e+38 -3.4e+38 -3.4e+38 -3.4e+38 -3.4e+38 -3.4e+38 -3.4e+38 -3.4e+38 -3.4e+38 -3.4e+38 -3.4e+38 -3.4e+38 -3.4e+38 -3.4e+38 -3.4e+38 -3.4e+38 -3.4e+38 -3.4e+38 -3.4e+38 -3.4e+38 -3.4e+38 -3.4e+38 571 573 573 573 573 571 565 550 526 497 465 435 414 405 406 415 429 445 463 481 498 515 529 540 546 547 548 547 545 543 541 538 538 536 537 535 533 531 529 526 523
