Demos/Rbased/CrashCourse/data/climate_processing/PresentLayers/bio18.asc
NCOLS 182 
NROWS 155 
XLLCORNER -87.625 
YLLCORNER 24.5416666666667 
CELLSIZE 0.0416666666666666 
NODATA_value -3.4e+38 
[rows 0 to 29 of 155, columns 0 to 68 of 182]
-339999999999999996123846586046231871488.000000000000000 478 476 477 478 479 479 480 478 478 481 487 487 487 487 485 484 485 483 481 479 476 477 478 477 475 476 476 478 478 479 480 480 479 476 476 474 471 468 466 464 459 456 452 449 447 444 442 439 438 435 433 431 431 428 428 426 425 425 425 422 420 419 -3.4e+38 -3.4e+38 -3.4e+38 -3.4e+38 -3.4e+38 -3.4e+38
-3.4e+38 482 482 482 483 484 485 484 482 486 492 494 492 494 493 490 488 488 487 485 484 481 481 481 480 478 481 483 483 484 485 486 487 488 486 486 484 481 479 476 472 469 463 460 457 455 452 450 448 445 443 441 439 439 437 434 433 432 431 430 428 426 425 -3.4e+38 -3.4e+38 -3.4e+38 -3.4e+38 -3.4e+38 -3.4e+38
485 486 486 487 487 487 488 487 488 496 498 499 497 499 498 495 492 490 491 489 489 485 486 486 485 483 486 489 488 490 490 493 494 495 495 496 496 495 491 485 480 477 473 470 467 462 460 457 455 452 450 449 447 445 444 442 440 439 438 437 435 433 431 429 -3.4e+38 -3.4e+38 -3.4e+38 -3.4e+38 -3.4e+38
487 488 490 490 491 489 492 489 492 500 503 505 504 503 500 499 497 495 494 494 492 489 490 490 487 489 491 490 492 493 496 499 500 502 504 505 506 503 499 496 491 485 481 478 474 472 469 467 463 460 458 456 454 453 451 448 448 446 444 443 440 439 436 435 434 -3.4e+38 -3.4e+38 -3.4e+38 -3.4e+38
-3.4e+38 490 492 492 492 492 492 490 496 503 508 511 511 505 504 504 502 497 498 496 494 494 496 492 492 495 496 495 497 498 501 503 506 510 511 515 514 511 510 504 498 493 489 486 484 480 478 475 471 467 465 463 463 460 459 457 455 453 452 449 448 446 443 441 440 -3.4e+38 -3.4e+38 -3.4e+38 -3.4e+38
-3.4e+38 -3.4e+38 493 493 493 496 494 493 496 505 509 514 515 512 507 505 505 501 500 498 496 499 498 495 495 499 497 499 500 503 506 510 513 516 519 523 523 521 516 512 505 502 498 494 491 488 486 482 479 477 474 472 471 469 467 466 464 460 460 457 455 452 451 448 445 -3.4e+38 -3.4e+38 -3.4e+38 -3.4e+38
-3.4e+38 -3.4e+38 -3.4e+38 491 493 495 497 494 496 504 510 512 515 512 511 504 506 501 502 499 500 501 498 496 498 500 499 503 505 508 512 516 519 522 526 530 532 529 524 518 512 509 504 500 499 496 493 490 487 485 485 482 480 477 475 472 470 468 465 464 461 460 457 457 455 450 -3.4e+38 -3.4e+38 -3.4e+38
-3.4e+38 -3.4e+38 -3.4e+38 -3.4e+38 -3.4e+38 492 496 495 494 501 508 509 511 512 509 505 504 503 504 502 501 498 498 498 497 499 501 503 506 510 514 518 522 523 527 532 534 532 530 526 519 514 511 508 506 504 500 497 495 493 493 492 488 486 483 480 477 474 471 470 468 467 465 462 461 458 458 458 460
-3.4e+38 -3.4e+38 -3.4e+38 -3.4e+38 -3.4e+38 -3.4e+38 493 494 493 498 504 508 509 510 505 506 507 507 504 501 500 500 500 500 503 505 505 507 510 514 515 520 524 528 530 533 535 534 530 529 524 520 519 514 512 510 508 507 504 503 502 499 499 499 494 491 488 485 478 475 475 473 472 470 467 465 466 468 468
-3.4e+38 -3.4e+38 -3.4e+38 -3.4e+38 -3.4e+38 486 490 493 492 494 499 504 507 505 503 505 506 503 502 503 503 504 504 504 505 505 505 507 511 513 516 521 526 527 530 532 537 535 533 532 529 525 523 522 519 518 517 518 516 515 512 512 510 507 505 502 496 494 486 485 483 480 477 474 473 474 476 475 476
-3.4e+38 -3.4e+38 -3.4e+38 -3.4e+38 -3.4e+38 483 485 488 491 494 494 -3.4e+38 503 502 503 501 503 504 504 506 505 504 504 504 504 503 503 507 511 513 518 521 525 528 530 534 535 537 537 536 535 531 530 530 529 527 525 523 523 523 521 521 518 516 513 508 503 498 493 491 489 485 482 479 483 484 483 483 482
-3.4e+38 -3.4e+38 -3.4e+38 -3.4e+38 478 479 478 482 489 495 497 -3.4e+38 -3.4e+38 500 -3.4e+38 502 504 505 505 506 505 504 503 504 503 502 502 504 509 511 517 521 524 527 531 534 535 536 538 539 535 534 533 534 533 533 531 530 528 528 528 527 527 525 522 517 511 506 501 497 494 491 488 488 489 491 488 488 489
-3.4e+38 -3.4e+38 -3.4e+38 -3.4e+38 -3.4e+38 472 471 477 485 492 498 -3.4e+38 -3.4e+38 498 -3.4e+38 -3.4e+38 503 503 505 505 503 502 501 502 501 501 501 -3.4e+38 509 513 517 521 -3.4e+38 526 529 532 535 537 539 538 538 537 538 539 540 539 538 536 536 536 535 536 536 533 530 525 519 513 507 502 498 495 492 495 496 496 495 495 495
-3.4e+38 -3.4e+38 -3.4e+38 -3.4e+38 -3.4e+38 -3.4e+38 -3.4e+38 473 480 487 492 -3.4e+38 -3.4e+38 -3.4e+38 -3.4e+38 -3.4e+38 500 500 502 502 501 502 501 502 500 500 -3.4e+38 -3.4e+38 -3.4e+38 -3.4e+38 -3.4e+38 -3.4e+38 -3.4e+38 -3.4e+38 -3.4e+38 533 535 537 539 539 541 542 541 543 544 545 544 542 542 541 542 543 544 542 536 532 526 520 513 508 504 500 499 501 502 501 501 501 501
-3.4e+38 -3.4e+38 -3.4e+38 -3.4e+38 -3.4e+38 469 468 470 475 -3.4e+38 -3.4e+38 -3.4e+38 -3.4e+38 496 497 499 -3.4e+38 -3.4e+38 -3.4e+38 -3.4e+38 -3.4e+38 501 501 -3.4e+38 501 -3.4e+38 -3.4e+38 506 510 513 -3.4e+38 520 525 528 -3.4e+38 -3.4e+38 536 538 540 541 542 545 547 548 548 549 548 548 548 547 547 549 548 547 544 538 532 528 520 514 509 506 505 507 508 508 506 506 507
-3.4e+38 -3.4e+38 -3.4e+38 -3.4e+38 -3.4e+38 468 468 468 472 -3.4e+38 485 -3.4e+38 -3.4e+38 -3.4e+38 496 -3.4e+38 -3.4e+38 -3.4e+38 -3.4e+38 -3.4e+38 -3.4e+38 -3.4e+38 -3.4e+38 -3.4e+38 -3.4e+38 -3.4e+38 -3.4e+38 -3.4e+38 -3.4e+38 -3.4e+38 -3.4e+38 -3.4e+38 -3.4e+38 529 532 535 537 540 542 544 545 548 548 550 551 552 551 553 551 549 551 551 550 549 546 543 539 534 529 523 519 514 513 515 514 513 513 512 512
-3.4e+38 -3.4e+38 -3.4e+38 471 -3.4e+38 -3.4e+38 468 -3.4e+38 -3.4e+38 -3.4e+38 -3.4e+38 -3.4e+38 -3.4e+38 -3.4e+38 -3.4e+38 -3.4e+38 -3.4e+38 -3.4e+38 -3.4e+38 -3.4e+38 -3.4e+38 -3.4e+38 -3.4e+38 -3.4e+38 -3.4e+38 -3.4e+38 -3.4e+38 -3.4e+38 -3.4e+38 -3.4e+38 -3.4e+38 -3.4e+38 -3.4e+38 -3.4e+38 -3.4e+38 -3.4e+38 538 540 543 544 546 548 550 551 552 554 556 555 553 552 552 552 553 553 552 550 547 542 539 532 529 525 522 522 521 521 520 520 517
-3.4e+38 -3.4e+38 -3.4e+38 -3.4e+38 -3.4e+38 -3.4e+38 -3.4e+38 -3.4e+38 -3.4e+38 -3.4e+38 -3.4e+38 -3.4e+38 -3.4e+38 -3.4e+38 -3.4e+38 -3.4e+38 -3.4e+38 -3.4e+38 -3.4e+38 -3.4e+38 -3.4e+38 -3.4e+38 -3.4e+38 -3.4e+38 -3.4e+38 -3.4e+38 -3.4e+38 -3.4e+38 -3.4e+38 -3.4e+38 -3.4e+38 -3.4e+38 -3.4e+38 -3.4e+38 -3.4e+38 -3.4e+38 -3.4e+38 -3.4e+38 -3.4e+38 544 548 548 550 -3.4e+38 -3.4e+38 557 559 557 555 554 553 554 554 555 556 556 555 552 549 543 538 535 532 529 528 526 526 525 524
-3.4e+38 -3.4e+38 -3.4e+38 -3.4e+38 -3.4e+38 -3.4e+38 -3.4e+38 -3.4e+38 -3.4e+38 -3.4e+38 -3.4e+38 -3.4e+38 -3.4e+38 -3.4e+38 -3.4e+38 -3.4e+38 -3.4e+38 -3.4e+38 -3.4e+38 -3.4e+38 -3.4e+38 -3.4e+38 -3.4e+38 -3.4e+38 -3.4e+38 -3.4e+38 -3.4e+38 -3.4e+38 -3.4e+38 -3.4e+38 -3.4e+38 -3.4e+38 -3.4e+38 -3.4e+38 -3.4e+38 -3.4e+38 -3.4e+38 -3.4e+38 -3.4e+38 -3.4e+38 -3.4e+38 550 551 553 555 -3.4e+38 -3.4e+38 558 556 553 552 553 554 557 560 561 562 561 558 555 549 544 540 537 535 532 531 530 529
-3.4e+38 -3.4e+38 -3.4e+38 -3.4e+38 -3.4e+38 -3.4e+38 -3.4e+38 -3.4e+38 -3.4e+38 -3.4e+38 -3.4e+38 -3.4e+38 -3.4e+38 -3.4e+38 -3.4e+38 -3.4e+38 -3.4e+38 -3.4e+38 -3.4e+38 -3.4e+38 -3.4e+38 -3.4e+38 -3.4e+38 -3.4e+38 -3.4e+38 -3.4e+38 -3.4e+38 -3.4e+38 -3.4e+38 -3.4e+38 -3.4e+38 -3.4e+38 -3.4e+38 -3.4e+38 -3.4e+38 -3.4e+38 -3.4e+38 -3.4e+38 -3.4e+38 -3.4e+38 -3.4e+38 -3.4e+38 -3.4e+38 553 554 -3.4e+38 559 555 551 548 548 551 553 557 562 565 569 571 569 566 559 553 548 543 541 538 536 535 534
-3.4e+38 -3.4e+38 -3.4e+38 -3.4e+38 -3.4e+38 -3.4e+38 -3.4e+38 -3.4e+38 -3.4e+38 -3.4e+38 -3.4e+38 -3.4e+38 -3.4e+38 -3.4e+38 -3.4e+38 -3.4e+38 -3.4e+38 -3.4e+38 -3.4e+38 -3.4e+38 -3.4e+38 -3.4e+38 -3.4e+38 -3.4e+38 -3.4e+38 -3.4e+38 -3.4e+38 -3.4e+38 -3.4e+38 -3.4e+38 -3.4e+38 -3.4e+38 -3.4e+38 -3.4e+38 -3.4e+38 -3.4e+38 -3.4e+38 -3.4e+38 -3.4e+38 -3.4e+38 -3.4e+38 -3.4e+38 -3.4e+38 -3.4e+38 -3.4e+38 551 -3.4e+38 547 541 539 542 545 551 557 564 570 576 580 580 574 566 560 554 549 545 543 540 538 538
-3.4e+38 -3.4e+38 -3.4e+38 -3.4e+38 -3.4e+38 -3.4e+38 -3.4e+38 -3.4e+38 -3.4e+38 -3.4e+38 -3.4e+38 -3.4e+38 -3.4e+38 -3.4e+38 -3.4e+38 -3.4e+38 -3.4e+38 -3.4e+38 -3.4e+38 -3.4e+38 -3.4e+38 -3.4e+38 -3.4e+38 -3.4e+38 -3.4e+38 -3.4e+38 -3.4e+38 -3.4e+38 -3.4e+38 -3.4e+38 -3.4e+38 -3.4e+38 -3.4e+38 -3.4e+38 -3.4e+38 -3.4e+38 -3.4e+38 -3.4e+38 -3.4e+38 -3.4e+38 -3.4e+38 -3.4e+38 -3.4e+38 -3.4e+38 -3.4e+38 -3.4e+38 -3.4e+38 536 -3.4e+38 -3.4e+38 535 540 547 555 563 570 578 585 589 580 572 564 557 552 548 546 544 542 541
-3.4e+38 -3.4e+38 -3.4e+38 -3.4e+38 -3.4e+38 -3.4e+38 -3.4e+38 -3.4e+38 -3.4e+38 -3.4e+38 -3.4e+38 -3.4e+38 -3.4e+38 -3.4e+38 -3.4e+38 -3.4e+38 -3.4e+38 -3.4e+38 -3.4e+38 -3.4e+38 -3.4e+38 -3.4e+38 -3.4e+38 -3.4e+38 -3.4e+38 -3.4e+38 -3.4e+38 -3.4e+38 -3.4e+38 -3.4e+38 -3.4e+38 -3.4e+38 -3.4e+38 -3.4e+38 -3.4e+38 -3.4e+38 -3.4e+38 -3.4e+38 -3.4e+38 -3.4e+38 -3.4e+38 -3.4e+38 -3.4e+38 -3.4e+38 -3.4e+38 -3.4e+38 -3.4e+38 -3.4e+38 519 519 -3.4e+38 537 -3.4e+38 553 561 568 577 583 585 580 572 566 559 555 550 547 545 544 542
-3.4e+38 -3.4e+38 -3.4e+38 -3.4e+38 -3.4e+38 -3.4e+38 -3.4e+38 -3.4e+38 -3.4e+38 -3.4e+38 -3.4e+38 -3.4e+38 -3.4e+38 -3.4e+38 -3.4e+38 -3.4e+38 -3.4e+38 -3.4e+38 -3.4e+38 -3.4e+38 -3.4e+38 -3.4e+38 -3.4e+38 -3.4e+38 -3.4e+38 -3.4e+38 -3.4e+38 -3.4e+38 -3.4e+38 -3.4e+38 -3.4e+38 -3.4e+38 -3.4e+38 -3.4e+38 -3.4e+38 -3.4e+38 -3.4e+38 -3.4e+38 -3.4e+38 -3.4e+38 -3.4e+38 -3.4e+38 -3.4e+38 -3.4e+38 -3.4e+38 -3.4e+38 -3.4e+38 -3.4e+38 -3.4e+38 -3.4e+38 526 533 -3.4e+38 550 557 565 572 577 577 575 570 564 559 555 551 548 545 544 545
-3.4e+38 -3.4e+38 -3.4e+38 -3.4e+38 -3.4e+38 -3.4e+38 -3.4e+38 -3.4e+38 -3.4e+38 -3.4e+38 -3.4e+38 -3.4e+38 -3.4e+38 -3.4e+38 -3.4e+38 -3.4e+38 -3.4e+38 -3.4e+38 -3.4e+38 -3.4e+38 -3.4e+38 -3.4e+38 -3.4e+38 -3.4e+38 -3.4e+38 -3.4e+38 -3.4e+38 -3.4e+38 -3.4e+38 -3.4e+38 -3.4e+38 -3.4e+38 -3.4e+38 -3.4e+38 -3.4e+38 -3.4e+38 -3.4e+38 -3.4e+38 -3.4e+38 -3.4e+38 -3.4e+38 -3.4e+38 -3.4e+38 -3.4e+38 -3.4e+38 -3.4e+38 -3.4e+38 -3.4e+38 -3.4e+38 -3.4e+38 -3.4e+38 532 539 546 554 560 566 569 570 569 566 561 557 553 551 549 546 546 545
-3.4e+38 -3.4e+38 -3.4e+38 -3.4e+38 -3.4e+38 -3.4e+38 -3.4e+38 -3.4e+38 -3.4e+38 -3.4e+38 -3.4e+38 -3.4e+38 -3.4e+38 -3.4e+38 -3.4e+38 -3.4e+38 -3.4e+38 -3.4e+38 -3.4e+38 -3.4e+38 -3.4e+38 -3.4e+38 -3.4e+38 -3.4e+38 -3.4e+38 -3.4e+38 -3.4e+38 -3.4e+38 -3.4e+38 -3.4e+38 -3.4e+38 -3.4e+38 -3.4e+38 -3.4e+38 -3.4e+38 -3.4e+38 -3.4e+38 -3.4e+38 -3.4e+38 -3.4e+38 -3.4e+38 -3.4e+38 -3.4e+38 -3.4e+38 -3.4e+38 -3.4e+38 -3.4e+38 -3.4e+38 -3.4e+38 -3.4e+38 -3.4e+38 -3.4e+38 -3.4e+38 544 549 555 559 562 562 562 559 556 554 551 549 547 546 545 545
-3.4e+38 -3.4e+38 -3.4e+38 -3.4e+38 -3.4e+38 -3.4e+38 -3.4e+38 -3.4e+38 -3.4e+38 -3.4e+38 -3.4e+38 -3.4e+38 -3.4e+38 -3.4e+38 -3.4e+38 -3.4e+38 -3.4e+38 -3.4e+38 -3.4e+38 -3.4e+38 -3.4e+38 -3.4e+38 -3.4e+38 -3.4e+38 -3.4e+38 -3.4e+38 -3.4e+38 -3.4e+38 -3.4e+38 -3.4e+38 -3.4e+38 -3.4e+38 -3.4e+38 -3.4e+38 -3.4e+38 -3.4e+38 -3.4e+38 -3.4e+38 -3.4e+38 -3.4e+38 -3.4e+38 -3.4e+38 -3.4e+38 -3.4e+38 -3.4e+38 -3.4e+38 -3.4e+38 -3.4e+38 -3.4e+38 -3.4e+38 -3.4e+38 -3.4e+38 -3.4e+38 -3.4e+38 547 550 553 555 554 554 553 550 549 547 546 544 544 545 544
-3.4e+38 -3.4e+38 -3.4e+38 -3.4e+38 -3.4e+38 -3.4e+38 -3.4e+38 -3.4e+38 -3.4e+38 -3.4e+38 -3.4e+38 -3.4e+38 -3.4e+38 -3.4e+38 -3.4e+38 -3.4e+38 -3.4e+38 -3.4e+38 -3.4e+38 -3.4e+38 -3.4e+38 -3.4e+38 -3.4e+38 -3.4e+38 -3.4e+38 -3.4e+38 -3.4e+38 -3.4e+38 -3.4e+38 -3.4e+38 -3.4e+38 -3.4e+38 -3.4e+38 -3.4e+38 -3.4e+38 -3.4e+38 -3.4e+38 -3.4e+38 -3.4e+38 -3.4e+38 -3.4e+38 -3.4e+38 -3.4e+38 -3.4e+38 -3.4e+38 -3.4e+38 -3.4e+38 -3.4e+38 -3.4e+38 -3.4e+38 -3.4e+38 -3.4e+38 -3.4e+38 -3.4e+38 -3.4e+38 545 546 548 548 547 546 545 544 542 541 542 542 543 543
-3.4e+38 -3.4e+38 -3.4e+38 -3.4e+38 -3.4e+38 -3.4e+38 -3.4e+38 -3.4e+38 -3.4e+38 -3.4e+38 -3.4e+38 -3.4e+38 -3.4e+38 -3.4e+38 -3.4e+38 -3.4e+38 -3.4e+38 -3.4e+38 -3.4e+38 -3.4e+38 -3.4e+38 -3.4e+38 -3.4e+38 -3.4e+38 -3.4e+38 -3.4e+38 -3.4e+38 -3.4e+38 -3.4e+38 -3.4e+38 -3.4e+38 -3.4e+38 -3.4e+38 -3.4e+38 -3.4e+38 -3.4e+38 -3.4e+38 -3.4e+38 -3.4e+38 -3.4e+38 -3.4e+38 -3.4e+38 -3.4e+38 -3.4e+38 -3.4e+38 -3.4e+38 -3.4e+38 -3.4e+38 -3.4e+38 -3.4e+38 -3.4e+38 -3.4e+38 -3.4e+38 -3.4e+38 -3.4e+38 -3.4e+38 542 543 542 541 539 538 538 537 537 538 -3.4e+38 541 542
-3.4e+38 -3.4e+38 -3.4e+38 -3.4e+38 -3.4e+38 -3.4e+38 -3.4e+38 -3.4e+38 -3.4e+38 -3.4e+38 -3.4e+38 -3.4e+38 -3.4e+38 -3.4e+38 -3.4e+38 -3.4e+38 -3.4e+38 -3.4e+38 -3.4e+38 -3.4e+38 -3.4e+38 -3.4e+38 -3.4e+38 -3.4e+38 -3.4e+38 -3.4e+38 -3.4e+38 -3.4e+38 -3.4e+38 -3.4e+38 -3.4e+38 -3.4e+38 -3.4e+38 -3.4e+38 -3.4e+38 -3.4e+38 -3.4e+38 -3.4e+38 -3.4e+38 -3.4e+38 -3.4e+38 -3.4e+38 -3.4e+38 -3.4e+38 -3.4e+38 -3.4e+38 -3.4e+38 -3.4e+38 -3.4e+38 -3.4e+38 -3.4e+38 -3.4e+38 -3.4e+38 -3.4e+38 -3.4e+38 -3.4e+38 537 537 536 535 533 530 530 531 533 -3.4e+38 538 539 -3.4e+38
