Demos/Rbased/CrashCourse/data/climate_processing/PresentLayers/bio16.asc
NCOLS 182 
NROWS 155 
XLLCORNER -87.625 
YLLCORNER 24.5416666666667 
CELLSIZE 0.0416666666666666 
NODATA_value -3.4e+38 
[rows 0 to 29 of 155, columns 0 to 68 of 182]
-339999999999999996123846586046231871488.000000000000000 478 476 477 478 479 479 480 478 478 481 487 487 487 487 485 484 485 483 481 479 476 477 478 477 475 476 476 478 478 479 480 480 479 476 476 474 471 468 466 464 459 456 452 449 447 444 442 439 438 435 433 431 431 428 428 426 425 425 425 422 420 419 -3.4e+38 -3.4e+38 -3.4e+38 -3.4e+38 -3.4e+38 -3.4e+38
-3.4e+38 482 482 482 483 484 485 484 482 486 492 494 492 494 493 490 488 488 487 485 484 481 481 481 480 478 481 483 483 484 485 486 487 488 486 486 484 481 479 476 472 469 463 460 457 455 452 450 448 445 443 441 439 439 437 434 433 432 431 430 428 426 425 -3.4e+38 -3.4e+38 -3.4e+38 -3.4e+38 -3.4e+38 -3.4e+38
485 486 486 487 487 487 488 487 488 496 498 499 497 499 498 495 492 490 491 489 489 485 486 486 485 483 486 489 488 490 490 493 494 495 495 496 496 495 491 485 480 477 473 470 467 462 460 457 455 452 450 449 447 445 444 442 440 439 438 437 435 433 431 429 -3.4e+38 -3.4e+38 -3.4e+38 -3.4e+38 -3.4e+38
487 488 490 490 491 489 492 489 492 500 503 505 504 503 500 499 497 495 494 494 492 489 490 490 487 489 491 490 492 493 496 499 500 502 504 505 506 503 499 496 491 485 481 478 474 472 469 467 463 460 458 456 454 453 451 448 448 446 444 443 440 439 436 435 434 -3.4e+38 -3.4e+38 -3.4e+38 -3.4e+38
-3.4e+38 490 492 492 492 492 492 490 496 503 508 511 511 505 504 504 502 497 498 496 494 494 496 492 492 495 496 495 497 498 501 503 506 510 511 515 514 511 510 504 498 493 489 486 484 480 478 475 471 467 465 463 463 460 459 457 455 453 452 449 448 446 443 441 440 -3.4e+38 -3.4e+38 -3.4e+38 -3.4e+38
-3.4e+38 -3.4e+38 493 493 493 496 494 493 496 505 509 514 515 512 507 505 505 501 500 498 496 499 498 495 495 499 497 499 500 503 506 510 513 516 519 523 523 521 516 512 505 502 498 494 491 488 486 482 479 477 474 472 471 469 467 466 464 460 460 457 455 452 451 448 445 -3.4e+38 -3.4e+38 -3.4e+38 -3.4e+38
-3.4e+38 -3.4e+38 -3.4e+38 491 493 495 497 494 496 504 510 512 515 512 511 504 506 501 502 499 500 501 498 496 498 500 499 503 505 508 512 516 519 522 526 530 532 529 524 518 512 509 504 500 499 496 493 490 487 485 485 482 480 477 475 472 470 468 465 464 461 460 457 457 455 450 -3.4e+38 -3.4e+38 -3.4e+38
-3.4e+38 -3.4e+38 -3.4e+38 -3.4e+38 -3.4e+38 492 496 495 494 501 508 509 511 512 509 505 504 503 504 502 501 499 499 500 500 502 504 506 509 511 514 518 522 523 527 532 534 532 530 526 519 514 511 508 506 504 500 497 495 493 493 492 488 486 483 480 477 474 471 470 468 467 465 462 461 458 458 458 460
-3.4e+38 -3.4e+38 -3.4e+38 -3.4e+38 -3.4e+38 -3.4e+38 493 494 493 498 504 508 509 510 505 506 507 507 504 502 502 504 505 506 509 511 512 513 516 518 518 522 524 528 530 533 535 534 530 529 524 520 519 514 512 510 508 507 504 503 502 499 499 499 494 491 488 485 478 475 475 473 472 470 467 465 466 468 468
-3.4e+38 -3.4e+38 -3.4e+38 -3.4e+38 -3.4e+38 491 494 495 494 494 499 504 507 505 503 505 506 505 505 507 509 511 512 513 515 515 515 517 519 520 522 526 529 528 530 532 537 535 533 532 529 525 523 522 519 518 517 518 516 515 512 512 510 507 505 502 496 494 486 485 483 480 477 474 473 474 476 475 476
-3.4e+38 -3.4e+38 -3.4e+38 -3.4e+38 -3.4e+38 492 494 495 497 498 498 -3.4e+38 505 504 505 504 507 509 511 514 514 514 516 517 517 517 517 520 523 523 527 528 530 532 532 534 535 537 537 536 535 531 530 530 529 527 525 523 523 523 521 521 518 516 513 508 503 498 493 491 489 485 482 479 483 484 483 483 482
-3.4e+38 -3.4e+38 -3.4e+38 -3.4e+38 492 493 492 495 500 504 505 -3.4e+38 -3.4e+38 506 -3.4e+38 509 512 514 515 517 518 518 518 520 521 520 520 521 524 525 528 530 532 533 535 536 535 536 538 539 535 534 533 534 533 533 531 530 528 528 528 527 527 525 522 517 511 506 501 497 494 491 488 488 489 491 488 488 489
-3.4e+38 -3.4e+38 -3.4e+38 -3.4e+38 -3.4e+38 492 491 495 501 505 510 -3.4e+38 -3.4e+38 509 -3.4e+38 -3.4e+38 515 517 519 520 519 520 520 522 522 523 523 -3.4e+38 526 529 531 533 -3.4e+38 534 535 536 537 537 539 538 538 537 538 539 540 539 538 536 536 536 535 536 536 533 530 525 519 513 507 502 498 495 492 495 496 496 495 495 495
-3.4e+38 -3.4e+38 -3.4e+38 -3.4e+38 -3.4e+38 -3.4e+38 -3.4e+38 496 501 506 509 -3.4e+38 -3.4e+38 -3.4e+38 -3.4e+38 -3.4e+38 517 517 520 521 521 523 524 525 524 524 -3.4e+38 -3.4e+38 -3.4e+38 -3.4e+38 -3.4e+38 -3.4e+38 -3.4e+38 -3.4e+38 -3.4e+38 538 539 539 539 539 541 542 541 543 544 545 544 542 542 541 542 543 544 542 536 532 526 520 513 508 504 500 499 501 502 501 501 501 501
-3.4e+38 -3.4e+38 -3.4e+38 -3.4e+38 -3.4e+38 498 497 499 502 -3.4e+38 -3.4e+38 -3.4e+38 -3.4e+38 516 517 518 -3.4e+38 -3.4e+38 -3.4e+38 -3.4e+38 -3.4e+38 525 526 -3.4e+38 527 -3.4e+38 -3.4e+38 530 532 533 -3.4e+38 537 540 540 -3.4e+38 -3.4e+38 541 541 541 541 542 545 547 548 548 549 548 548 548 547 547 549 548 547 544 538 532 528 520 514 509 506 505 507 508 508 506 506 507
-3.4e+38 -3.4e+38 -3.4e+38 -3.4e+38 -3.4e+38 500 501 502 503 -3.4e+38 511 -3.4e+38 -3.4e+38 -3.4e+38 518 -3.4e+38 -3.4e+38 -3.4e+38 -3.4e+38 -3.4e+38 -3.4e+38 -3.4e+38 -3.4e+38 -3.4e+38 -3.4e+38 -3.4e+38 -3.4e+38 -3.4e+38 -3.4e+38 -3.4e+38 -3.4e+38 -3.4e+38 -3.4e+38 543 544 544 544 545 545 545 545 548 548 550 551 552 551 553 551 549 551 551 550 549 546 543 539 534 529 523 519 514 513 515 514 513 513 512 512
-3.4e+38 -3.4e+38 -3.4e+38 504 -3.4e+38 -3.4e+38 503 -3.4e+38 -3.4e+38 -3.4e+38 -3.4e+38 -3.4e+38 -3.4e+38 -3.4e+38 -3.4e+38 -3.4e+38 -3.4e+38 -3.4e+38 -3.4e+38 -3.4e+38 -3.4e+38 -3.4e+38 -3.4e+38 -3.4e+38 -3.4e+38 -3.4e+38 -3.4e+38 -3.4e+38 -3.4e+38 -3.4e+38 -3.4e+38 -3.4e+38 -3.4e+38 -3.4e+38 -3.4e+38 -3.4e+38 547 547 547 547 546 548 550 551 552 554 556 555 553 552 552 552 553 553 552 550 547 542 539 532 529 525 522 522 521 521 520 520 517
-3.4e+38 -3.4e+38 -3.4e+38 -3.4e+38 -3.4e+38 -3.4e+38 -3.4e+38 -3.4e+38 -3.4e+38 -3.4e+38 -3.4e+38 -3.4e+38 -3.4e+38 -3.4e+38 -3.4e+38 -3.4e+38 -3.4e+38 -3.4e+38 -3.4e+38 -3.4e+38 -3.4e+38 -3.4e+38 -3.4e+38 -3.4e+38 -3.4e+38 -3.4e+38 -3.4e+38 -3.4e+38 -3.4e+38 -3.4e+38 -3.4e+38 -3.4e+38 -3.4e+38 -3.4e+38 -3.4e+38 -3.4e+38 -3.4e+38 -3.4e+38 -3.4e+38 548 550 548 550 -3.4e+38 -3.4e+38 557 559 557 555 554 553 554 554 555 556 556 555 552 549 543 538 535 532 530 528 526 526 525 524
-3.4e+38 -3.4e+38 -3.4e+38 -3.4e+38 -3.4e+38 -3.4e+38 -3.4e+38 -3.4e+38 -3.4e+38 -3.4e+38 -3.4e+38 -3.4e+38 -3.4e+38 -3.4e+38 -3.4e+38 -3.4e+38 -3.4e+38 -3.4e+38 -3.4e+38 -3.4e+38 -3.4e+38 -3.4e+38 -3.4e+38 -3.4e+38 -3.4e+38 -3.4e+38 -3.4e+38 -3.4e+38 -3.4e+38 -3.4e+38 -3.4e+38 -3.4e+38 -3.4e+38 -3.4e+38 -3.4e+38 -3.4e+38 -3.4e+38 -3.4e+38 -3.4e+38 -3.4e+38 -3.4e+38 551 551 553 555 -3.4e+38 -3.4e+38 558 556 553 552 553 554 557 560 561 562 561 558 555 550 546 542 540 537 534 532 531 529
-3.4e+38 -3.4e+38 -3.4e+38 -3.4e+38 -3.4e+38 -3.4e+38 -3.4e+38 -3.4e+38 -3.4e+38 -3.4e+38 -3.4e+38 -3.4e+38 -3.4e+38 -3.4e+38 -3.4e+38 -3.4e+38 -3.4e+38 -3.4e+38 -3.4e+38 -3.4e+38 -3.4e+38 -3.4e+38 -3.4e+38 -3.4e+38 -3.4e+38 -3.4e+38 -3.4e+38 -3.4e+38 -3.4e+38 -3.4e+38 -3.4e+38 -3.4e+38 -3.4e+38 -3.4e+38 -3.4e+38 -3.4e+38 -3.4e+38 -3.4e+38 -3.4e+38 -3.4e+38 -3.4e+38 -3.4e+38 -3.4e+38 553 554 -3.4e+38 559 555 551 548 548 551 554 557 562 565 569 571 569 568 562 558 554 549 546 543 541 539 537
-3.4e+38 -3.4e+38 -3.4e+38 -3.4e+38 -3.4e+38 -3.4e+38 -3.4e+38 -3.4e+38 -3.4e+38 -3.4e+38 -3.4e+38 -3.4e+38 -3.4e+38 -3.4e+38 -3.4e+38 -3.4e+38 -3.4e+38 -3.4e+38 -3.4e+38 -3.4e+38 -3.4e+38 -3.4e+38 -3.4e+38 -3.4e+38 -3.4e+38 -3.4e+38 -3.4e+38 -3.4e+38 -3.4e+38 -3.4e+38 -3.4e+38 -3.4e+38 -3.4e+38 -3.4e+38 -3.4e+38 -3.4e+38 -3.4e+38 -3.4e+38 -3.4e+38 -3.4e+38 -3.4e+38 -3.4e+38 -3.4e+38 -3.4e+38 -3.4e+38 552 -3.4e+38 548 545 545 548 551 557 562 568 574 579 582 582 579 572 567 563 558 554 551 549 546 544
-3.4e+38 -3.4e+38 -3.4e+38 -3.4e+38 -3.4e+38 -3.4e+38 -3.4e+38 -3.4e+38 -3.4e+38 -3.4e+38 -3.4e+38 -3.4e+38 -3.4e+38 -3.4e+38 -3.4e+38 -3.4e+38 -3.4e+38 -3.4e+38 -3.4e+38 -3.4e+38 -3.4e+38 -3.4e+38 -3.4e+38 -3.4e+38 -3.4e+38 -3.4e+38 -3.4e+38 -3.4e+38 -3.4e+38 -3.4e+38 -3.4e+38 -3.4e+38 -3.4e+38 -3.4e+38 -3.4e+38 -3.4e+38 -3.4e+38 -3.4e+38 -3.4e+38 -3.4e+38 -3.4e+38 -3.4e+38 -3.4e+38 -3.4e+38 -3.4e+38 -3.4e+38 -3.4e+38 544 -3.4e+38 -3.4e+38 546 551 558 565 571 578 585 591 595 588 581 575 569 565 561 558 556 553 551
-3.4e+38 -3.4e+38 -3.4e+38 -3.4e+38 -3.4e+38 -3.4e+38 -3.4e+38 -3.4e+38 -3.4e+38 -3.4e+38 -3.4e+38 -3.4e+38 -3.4e+38 -3.4e+38 -3.4e+38 -3.4e+38 -3.4e+38 -3.4e+38 -3.4e+38 -3.4e+38 -3.4e+38 -3.4e+38 -3.4e+38 -3.4e+38 -3.4e+38 -3.4e+38 -3.4e+38 -3.4e+38 -3.4e+38 -3.4e+38 -3.4e+38 -3.4e+38 -3.4e+38 -3.4e+38 -3.4e+38 -3.4e+38 -3.4e+38 -3.4e+38 -3.4e+38 -3.4e+38 -3.4e+38 -3.4e+38 -3.4e+38 -3.4e+38 -3.4e+38 -3.4e+38 -3.4e+38 -3.4e+38 537 538 -3.4e+38 554 -3.4e+38 567 574 580 589 594 596 592 586 581 576 572 567 564 561 559 556
-3.4e+38 -3.4e+38 -3.4e+38 -3.4e+38 -3.4e+38 -3.4e+38 -3.4e+38 -3.4e+38 -3.4e+38 -3.4e+38 -3.4e+38 -3.4e+38 -3.4e+38 -3.4e+38 -3.4e+38 -3.4e+38 -3.4e+38 -3.4e+38 -3.4e+38 -3.4e+38 -3.4e+38 -3.4e+38 -3.4e+38 -3.4e+38 -3.4e+38 -3.4e+38 -3.4e+38 -3.4e+38 -3.4e+38 -3.4e+38 -3.4e+38 -3.4e+38 -3.4e+38 -3.4e+38 -3.4e+38 -3.4e+38 -3.4e+38 -3.4e+38 -3.4e+38 -3.4e+38 -3.4e+38 -3.4e+38 -3.4e+38 -3.4e+38 -3.4e+38 -3.4e+38 -3.4e+38 -3.4e+38 -3.4e+38 -3.4e+38 548 554 -3.4e+38 570 576 583 589 594 595 593 589 585 581 577 572 570 566 564 563
-3.4e+38 -3.4e+38 -3.4e+38 -3.4e+38 -3.4e+38 -3.4e+38 -3.4e+38 -3.4e+38 -3.4e+38 -3.4e+38 -3.4e+38 -3.4e+38 -3.4e+38 -3.4e+38 -3.4e+38 -3.4e+38 -3.4e+38 -3.4e+38 -3.4e+38 -3.4e+38 -3.4e+38 -3.4e+38 -3.4e+38 -3.4e+38 -3.4e+38 -3.4e+38 -3.4e+38 -3.4e+38 -3.4e+38 -3.4e+38 -3.4e+38 -3.4e+38 -3.4e+38 -3.4e+38 -3.4e+38 -3.4e+38 -3.4e+38 -3.4e+38 -3.4e+38 -3.4e+38 -3.4e+38 -3.4e+38 -3.4e+38 -3.4e+38 -3.4e+38 -3.4e+38 -3.4e+38 -3.4e+38 -3.4e+38 -3.4e+38 -3.4e+38 557 564 570 577 583 589 593 593 594 591 588 584 580 578 575 571 570 567
-3.4e+38 -3.4e+38 -3.4e+38 -3.4e+38 -3.4e+38 -3.4e+38 -3.4e+38 -3.4e+38 -3.4e+38 -3.4e+38 -3.4e+38 -3.4e+38 -3.4e+38 -3.4e+38 -3.4e+38 -3.4e+38 -3.4e+38 -3.4e+38 -3.4e+38 -3.4e+38 -3.4e+38 -3.4e+38 -3.4e+38 -3.4e+38 -3.4e+38 -3.4e+38 -3.4e+38 -3.4e+38 -3.4e+38 -3.4e+38 -3.4e+38 -3.4e+38 -3.4e+38 -3.4e+38 -3.4e+38 -3.4e+38 -3.4e+38 -3.4e+38 -3.4e+38 -3.4e+38 -3.4e+38 -3.4e+38 -3.4e+38 -3.4e+38 -3.4e+38 -3.4e+38 -3.4e+38 -3.4e+38 -3.4e+38 -3.4e+38 -3.4e+38 -3.4e+38 -3.4e+38 572 578 584 588 591 592 593 591 589 587 584 581 578 576 573 571
-3.4e+38 -3.4e+38 -3.4e+38 -3.4e+38 -3.4e+38 -3.4e+38 -3.4e+38 -3.4e+38 -3.4e+38 -3.4e+38 -3.4e+38 -3.4e+38 -3.4e+38 -3.4e+38 -3.4e+38 -3.4e+38 -3.4e+38 -3.4e+38 -3.4e+38 -3.4e+38 -3.4e+38 -3.4e+38 -3.4e+38 -3.4e+38 -3.4e+38 -3.4e+38 -3.4e+38 -3.4e+38 -3.4e+38 -3.4e+38 -3.4e+38 -3.4e+38 -3.4e+38 -3.4e+38 -3.4e+38 -3.4e+38 -3.4e+38 -3.4e+38 -3.4e+38 -3.4e+38 -3.4e+38 -3.4e+38 -3.4e+38 -3.4e+38 -3.4e+38 -3.4e+38 -3.4e+38 -3.4e+38 -3.4e+38 -3.4e+38 -3.4e+38 -3.4e+38 -3.4e+38 -3.4e+38 580 584 588 590 591 592 591 590 588 586 584 581 578 577 575
-3.4e+38 -3.4e+38 -3.4e+38 -3.4e+38 -3.4e+38 -3.4e+38 -3.4e+38 -3.4e+38 -3.4e+38 -3.4e+38 -3.4e+38 -3.4e+38 -3.4e+38 -3.4e+38 -3.4e+38 -3.4e+38 -3.4e+38 -3.4e+38 -3.4e+38 -3.4e+38 -3.4e+38 -3.4e+38 -3.4e+38 -3.4e+38 -3.4e+38 -3.4e+38 -3.4e+38 -3.4e+38 -3.4e+38 -3.4e+38 -3.4e+38 -3.4e+38 -3.4e+38 -3.4e+38 -3.4e+38 -3.4e+38 -3.4e+38 -3.4e+38 -3.4e+38 -3.4e+38 -3.4e+38 -3.4e+38 -3.4e+38 -3.4e+38 -3.4e+38 -3.4e+38 -3.4e+38 -3.4e+38 -3.4e+38 -3.4e+38 -3.4e+38 -3.4e+38 -3.4e+38 -3.4e+38 -3.4e+38 584 586 590 591 591 591 591 590 587 585 584 581 580 577
-3.4e+38 -3.4e+38 -3.4e+38 -3.4e+38 -3.4e+38 -3.4e+38 -3.4e+38 -3.4e+38 -3.4e+38 -3.4e+38 -3.4e+38 -3.4e+38 -3.4e+38 -3.4e+38 -3.4e+38 -3.4e+38 -3.4e+38 -3.4e+38 -3.4e+38 -3.4e+38 -3.4e+38 -3.4e+38 -3.4e+38 -3.4e+38 -3.4e+38 -3.4e+38 -3.4e+38 -3.4e+38 -3.4e+38 -3.4e+38 -3.4e+38 -3.4e+38 -3.4e+38 -3.4e+38 -3.4e+38 -3.4e+38 -3.4e+38 -3.4e+38 -3.4e+38 -3.4e+38 -3.4e+38 -3.4e+38 -3.4e+38 -3.4e+38 -3.4e+38 -3.4e+38 -3.4e+38 -3.4e+38 -3.4e+38 -3.4e+38 -3.4e+38 -3.4e+38 -3.4e+38 -3.4e+38 -3.4e+38 -3.4e+38 587 589 590 591 591 590 590 588 586 584 -3.4e+38 582 581
-3.4e+38 -3.4e+38 -3.4e+38 -3.4e+38 -3.4e+38 -3.4e+38 -3.4e+38 -3.4e+38 -3.4e+38 -3.4e+38 -3.4e+38 -3.4e+38 -3.4e+38 -3.4e+38 -3.4e+38 -3.4e+38 -3.4e+38 -3.4e+38 -3.4e+38 -3.4e+38 -3.4e+38 -3.4e+38 -3.4e+38 -3.4e+38 -3.4e+38 -3.4e+38 -3.4e+38 -3.4e+38 -3.4e+38 -3.4e+38 -3.4e+38 -3.4e+38 -3.4e+38 -3.4e+38 -3.4e+38 -3.4e+38 -3.4e+38 -3.4e+38 -3.4e+38 -3.4e+38 -3.4e+38 -3.4e+38 -3.4e+38 -3.4e+38 -3.4e+38 -3.4e+38 -3.4e+38 -3.4e+38 -3.4e+38 -3.4e+38 -3.4e+38 -3.4e+38 -3.4e+38 -3.4e+38 -3.4e+38 -3.4e+38 587 588 590 590 590 590 590 588 587 -3.4e+38 586 584 -3.4e+38
