Demos/Rbased/CrashCourse/data/climate_processing/PresentLayers/bio13.asc
NCOLS 182 
NROWS 155 
XLLCORNER -87.625 
YLLCORNER 24.5416666666667 
CELLSIZE 0.0416666666666666 
NODATA_value -3.4e+38 
[rows 0 to 29 of 155, columns 69 to 137 of 182]
-3.4e+38 -3.4e+38 -3.4e+38 -3.4e+38 -3.4e+38 -3.4e+38 -3.4e+38 -3.4e+38 -3.4e+38 -3.4e+38 -3.4e+38 -3.4e+38 -3.4e+38 -3.4e+38 -3.4e+38 -3.4e+38 -3.4e+38 -3.4e+38 -3.4e+38 -3.4e+38 -3.4e+38 -3.4e+38 -3.4e+38 -3.4e+38 -3.4e+38 -3.4e+38 -3.4e+38 -3.4e+38 -3.4e+38 -3.4e+38 -3.4e+38 -3.4e+38 -3.4e+38 -3.4e+38 -3.4e+38 -3.4e+38 -3.4e+38 -3.4e+38 -3.4e+38 -3.4e+38 -3.4e+38 -3.4e+38 -3.4e+38 -3.4e+38 -3.4e+38 -3.4e+38 -3.4e+38 -3.4e+38 -3.4e+38 -3.4e+38 -3.4e+38 -3.4e+38 -3.4e+38 -3.4e+38 -3.4e+38 -3.4e+38 -3.4e+38 -3.4e+38 -3.4e+38 -3.4e+38 -3.4e+38 -3.4e+38 -3.4e+38 -3.4e+38 -3.4e+38 -3.4e+38 -3.4e+38 -3.4e+38 -3.4e+38
-3.4e+38 -3.4e+38 -3.4e+38 -3.4e+38 -3.4e+38 -3.4e+38 -3.4e+38 -3.4e+38 -3.4e+38 -3.4e+38 -3.4e+38 -3.4e+38 -3.4e+38 -3.4e+38 -3.4e+38 -3.4e+38 -3.4e+38 -3.4e+38 -3.4e+38 -3.4e+38 -3.4e+38 -3.4e+38 -3.4e+38 -3.4e+38 -3.4e+38 -3.4e+38 -3.4e+38 -3.4e+38 -3.4e+38 -3.4e+38 -3.4e+38 -3.4e+38 -3.4e+38 -3.4e+38 -3.4e+38 -3.4e+38 -3.4e+38 -3.4e+38 -3.4e+38 -3.4e+38 -3.4e+38 -3.4e+38 -3.4e+38 -3.4e+38 -3.4e+38 -3.4e+38 -3.4e+38 -3.4e+38 -3.4e+38 -3.4e+38 -3.4e+38 -3.4e+38 -3.4e+38 -3.4e+38 -3.4e+38 -3.4e+38 -3.4e+38 -3.4e+38 -3.4e+38 -3.4e+38 -3.4e+38 -3.4e+38 -3.4e+38 -3.4e+38 -3.4e+38 -3.4e+38 -3.4e+38 -3.4e+38 -3.4e+38
-3.4e+38 -3.4e+38 -3.4e+38 -3.4e+38 -3.4e+38 -3.4e+38 -3.4e+38 -3.4e+38 -3.4e+38 -3.4e+38 -3.4e+38 -3.4e+38 -3.4e+38 -3.4e+38 -3.4e+38 -3.4e+38 -3.4e+38 -3.4e+38 -3.4e+38 -3.4e+38 -3.4e+38 -3.4e+38 -3.4e+38 -3.4e+38 -3.4e+38 -3.4e+38 -3.4e+38 -3.4e+38 -3.4e+38 -3.4e+38 -3.4e+38 -3.4e+38 -3.4e+38 -3.4e+38 -3.4e+38 -3.4e+38 -3.4e+38 -3.4e+38 -3.4e+38 -3.4e+38 -3.4e+38 -3.4e+38 -3.4e+38 -3.4e+38 -3.4e+38 -3.4e+38 -3.4e+38 -3.4e+38 -3.4e+38 -3.4e+38 -3.4e+38 -3.4e+38 -3.4e+38 -3.4e+38 -3.4e+38 -3.4e+38 -3.4e+38 -3.4e+38 -3.4e+38 -3.4e+38 -3.4e+38 -3.4e+38 -3.4e+38 -3.4e+38 -3.4e+38 -3.4e+38 -3.4e+38 -3.4e+38 -3.4e+38
-3.4e+38 -3.4e+38 -3.4e+38 -3.4e+38 -3.4e+38 -3.4e+38 -3.4e+38 -3.4e+38 -3.4e+38 -3.4e+38 -3.4e+38 -3.4e+38 -3.4e+38 -3.4e+38 -3.4e+38 -3.4e+38 -3.4e+38 -3.4e+38 -3.4e+38 -3.4e+38 -3.4e+38 -3.4e+38 -3.4e+38 -3.4e+38 -3.4e+38 -3.4e+38 -3.4e+38 -3.4e+38 -3.4e+38 -3.4e+38 -3.4e+38 -3.4e+38 -3.4e+38 -3.4e+38 -3.4e+38 -3.4e+38 -3.4e+38 -3.4e+38 -3.4e+38 -3.4e+38 -3.4e+38 -3.4e+38 -3.4e+38 -3.4e+38 -3.4e+38 -3.4e+38 -3.4e+38 -3.4e+38 -3.4e+38 -3.4e+38 -3.4e+38 -3.4e+38 -3.4e+38 -3.4e+38 -3.4e+38 -3.4e+38 -3.4e+38 -3.4e+38 -3.4e+38 -3.4e+38 -3.4e+38 -3.4e+38 -3.4e+38 -3.4e+38 -3.4e+38 -3.4e+38 -3.4e+38 -3.4e+38 -3.4e+38
-3.4e+38 -3.4e+38 -3.4e+38 -3.4e+38 -3.4e+38 -3.4e+38 -3.4e+38 -3.4e+38 -3.4e+38 -3.4e+38 -3.4e+38 -3.4e+38 -3.4e+38 -3.4e+38 -3.4e+38 -3.4e+38 -3.4e+38 -3.4e+38 -3.4e+38 -3.4e+38 -3.4e+38 -3.4e+38 -3.4e+38 -3.4e+38 -3.4e+38 -3.4e+38 -3.4e+38 -3.4e+38 -3.4e+38 -3.4e+38 -3.4e+38 -3.4e+38 -3.4e+38 -3.4e+38 -3.4e+38 -3.4e+38 -3.4e+38 -3.4e+38 -3.4e+38 -3.4e+38 -3.4e+38 -3.4e+38 -3.4e+38 -3.4e+38 -3.4e+38 -3.4e+38 -3.4e+38 -3.4e+38 -3.4e+38 -3.4e+38 -3.4e+38 -3.4e+38 -3.4e+38 -3.4e+38 -3.4e+38 -3.4e+38 -3.4e+38 -3.4e+38 -3.4e+38 -3.4e+38 -3.4e+38 -3.4e+38 -3.4e+38 -3.4e+38 -3.4e+38 -3.4e+38 -3.4e+38 179 178
-3.4e+38 -3.4e+38 -3.4e+38 -3.4e+38 -3.4e+38 -3.4e+38 -3.4e+38 -3.4e+38 -3.4e+38 -3.4e+38 -3.4e+38 -3.4e+38 -3.4e+38 -3.4e+38 -3.4e+38 -3.4e+38 -3.4e+38 -3.4e+38 -3.4e+38 -3.4e+38 -3.4e+38 -3.4e+38 -3.4e+38 -3.4e+38 -3.4e+38 -3.4e+38 -3.4e+38 -3.4e+38 -3.4e+38 -3.4e+38 -3.4e+38 -3.4e+38 -3.4e+38 -3.4e+38 -3.4e+38 -3.4e+38 -3.4e+38 -3.4e+38 -3.4e+38 -3.4e+38 -3.4e+38 -3.4e+38 -3.4e+38 -3.4e+38 -3.4e+38 -3.4e+38 -3.4e+38 -3.4e+38 -3.4e+38 -3.4e+38 -3.4e+38 -3.4e+38 -3.4e+38 -3.4e+38 -3.4e+38 -3.4e+38 -3.4e+38 -3.4e+38 -3.4e+38 -3.4e+38 -3.4e+38 -3.4e+38 -3.4e+38 -3.4e+38 -3.4e+38 -3.4e+38 180 180 178
-3.4e+38 -3.4e+38 -3.4e+38 -3.4e+38 -3.4e+38 -3.4e+38 -3.4e+38 -3.4e+38 -3.4e+38 -3.4e+38 -3.4e+38 -3.4e+38 -3.4e+38 -3.4e+38 -3.4e+38 -3.4e+38 -3.4e+38 -3.4e+38 -3.4e+38 -3.4e+38 -3.4e+38 -3.4e+38 -3.4e+38 -3.4e+38 -3.4e+38 -3.4e+38 -3.4e+38 -3.4e+38 -3.4e+38 -3.4e+38 -3.4e+38 -3.4e+38 -3.4e+38 -3.4e+38 -3.4e+38 -3.4e+38 -3.4e+38 -3.4e+38 -3.4e+38 -3.4e+38 -3.4e+38 -3.4e+38 -3.4e+38 -3.4e+38 -3.4e+38 -3.4e+38 -3.4e+38 -3.4e+38 -3.4e+38 -3.4e+38 -3.4e+38 -3.4e+38 -3.4e+38 -3.4e+38 -3.4e+38 -3.4e+38 -3.4e+38 -3.4e+38 -3.4e+38 -3.4e+38 -3.4e+38 -3.4e+38 -3.4e+38 -3.4e+38 -3.4e+38 182 181 180 179
175 175 176 176 176 177 177 176 177 177 -3.4e+38 -3.4e+38 -3.4e+38 -3.4e+38 -3.4e+38 -3.4e+38 -3.4e+38 -3.4e+38 -3.4e+38 -3.4e+38 -3.4e+38 -3.4e+38 -3.4e+38 -3.4e+38 -3.4e+38 -3.4e+38 -3.4e+38 -3.4e+38 -3.4e+38 -3.4e+38 -3.4e+38 -3.4e+38 -3.4e+38 -3.4e+38 -3.4e+38 -3.4e+38 -3.4e+38 -3.4e+38 -3.4e+38 -3.4e+38 -3.4e+38 -3.4e+38 -3.4e+38 -3.4e+38 -3.4e+38 -3.4e+38 -3.4e+38 -3.4e+38 -3.4e+38 -3.4e+38 -3.4e+38 -3.4e+38 -3.4e+38 -3.4e+38 -3.4e+38 -3.4e+38 -3.4e+38 -3.4e+38 -3.4e+38 -3.4e+38 -3.4e+38 -3.4e+38 -3.4e+38 -3.4e+38 -3.4e+38 183 182 181 179
178 179 179 179 179 179 179 180 180 179 178 178 177 176 176 175 174 173 172 171 171 170 170 169 169 169 168 168 167 167 -3.4e+38 -3.4e+38 -3.4e+38 -3.4e+38 -3.4e+38 -3.4e+38 -3.4e+38 -3.4e+38 -3.4e+38 -3.4e+38 -3.4e+38 -3.4e+38 -3.4e+38 -3.4e+38 -3.4e+38 -3.4e+38 -3.4e+38 -3.4e+38 -3.4e+38 -3.4e+38 -3.4e+38 -3.4e+38 -3.4e+38 -3.4e+38 -3.4e+38 -3.4e+38 -3.4e+38 -3.4e+38 -3.4e+38 -3.4e+38 -3.4e+38 -3.4e+38 -3.4e+38 -3.4e+38 -3.4e+38 183 183 182 180
181 181 182 182 182 182 182 183 182 182 181 181 180 179 178 177 177 175 174 173 172 172 172 172 171 171 170 170 169 168 168 167 167 166 166 165 166 165 165 167 168 170 172 173 174 175 176 -3.4e+38 -3.4e+38 -3.4e+38 -3.4e+38 -3.4e+38 -3.4e+38 -3.4e+38 -3.4e+38 -3.4e+38 -3.4e+38 -3.4e+38 -3.4e+38 -3.4e+38 -3.4e+38 -3.4e+38 -3.4e+38 -3.4e+38 -3.4e+38 -3.4e+38 183 182 181
183 184 184 185 185 185 186 186 185 185 184 184 183 182 181 180 179 177 175 175 174 174 174 174 173 173 172 171 171 170 169 168 168 168 167 167 167 167 167 169 170 171 173 175 175 176 177 178 179 180 181 182 182 183 184 185 186 187 187 188 188 -3.4e+38 -3.4e+38 -3.4e+38 -3.4e+38 -3.4e+38 184 183 181
186 187 187 187 188 188 189 189 188 188 187 187 186 184 184 182 181 180 178 178 177 176 176 175 175 175 174 174 173 172 171 170 170 170 169 169 168 168 169 170 172 173 175 176 177 178 178 179 180 181 181 182 183 184 185 186 187 188 188 189 -3.4e+38 -3.4e+38 -3.4e+38 -3.4e+38 -3.4e+38 -3.4e+38 185 184 182
188 189 189 190 190 190 191 191 191 191 191 190 189 187 186 184 183 182 181 180 180 179 178 178 177 177 177 176 175 174 173 173 173 172 171 171 170 170 170 172 173 175 176 177 178 178 179 180 181 181 182 183 184 185 186 187 188 189 189 190 190 -3.4e+38 -3.4e+38 -3.4e+38 -3.4e+38 -3.4e+38 186 184 183
191 191 191 192 192 193 194 194 195 194 193 193 191 189 188 187 186 185 184 183 183 181 181 181 180 180 179 179 178 177 176 176 175 174 174 173 172 172 172 174 175 176 177 178 178 179 180 180 181 182 183 184 185 186 187 188 189 190 191 191 192 -3.4e+38 -3.4e+38 -3.4e+38 -3.4e+38 188 187 185 183
193 193 193 194 195 196 196 197 198 197 196 195 193 192 191 189 188 188 187 186 185 184 184 183 183 183 182 182 181 180 179 179 178 177 176 175 175 174 174 175 176 177 178 178 179 180 180 181 181 182 183 184 185 186 187 189 190 191 192 192 193 -3.4e+38 -3.4e+38 -3.4e+38 -3.4e+38 189 188 186 185
194 195 196 196 197 198 198 199 199 199 198 196 195 193 192 191 190 189 189 188 187 187 186 186 186 186 185 185 184 183 182 182 181 180 179 178 177 176 177 177 178 178 179 179 179 180 180 181 182 182 183 184 185 186 188 189 190 192 193 194 194 194 193 193 191 190 188 187 185
196 197 197 198 199 199 200 200 200 200 199 198 197 196 194 193 192 191 191 190 190 189 189 189 189 189 189 188 187 187 186 185 184 183 182 181 180 179 179 179 179 179 180 180 180 180 181 181 182 182 183 185 186 187 188 190 191 193 194 195 196 196 195 195 193 191 190 188 186
198 199 199 200 200 201 201 201 201 201 200 199 198 197 196 195 195 194 193 192 192 192 192 192 192 192 192 191 191 190 189 188 187 186 185 184 182 181 181 181 181 180 180 180 181 181 182 182 182 183 184 185 186 187 189 191 193 194 195 197 197 198 197 196 194 192 190 188 186
200 200 201 201 201 202 202 202 202 202 201 201 200 199 198 197 196 196 195 195 195 195 195 195 195 195 195 195 194 193 192 191 190 189 188 186 185 184 183 183 182 182 182 181 182 182 182 182 183 183 184 185 186 188 190 192 193 195 196 197 198 199 198 197 196 193 191 189 187
202 201 202 202 202 203 203 203 203 203 203 202 201 200 200 199 198 198 198 197 197 197 197 198 198 198 198 198 198 197 196 194 193 192 191 189 188 186 186 185 184 183 182 182 182 182 182 183 183 183 184 185 187 189 191 192 194 196 197 198 199 199 199 198 197 194 192 190 187
203 203 203 203 203 203 204 204 204 203 203 203 202 202 201 201 200 200 200 199 199 200 200 200 200 201 202 202 201 200 199 197 196 195 193 192 190 189 188 187 185 184 183 183 182 183 183 183 183 184 185 186 188 190 191 193 195 197 198 199 199 200 199 198 197 195 192 190 188
204 204 204 204 204 204 204 204 204 204 204 203 203 202 202 202 201 201 201 202 201 201 202 202 203 204 204 205 204 203 202 200 199 197 196 194 193 192 191 189 186 184 183 182 182 182 183 183 184 185 186 187 189 191 193 194 196 197 198 199 200 200 200 199 198 196 193 191 188
204 204 204 204 205 205 205 205 205 -3.4e+38 -3.4e+38 -3.4e+38 -3.4e+38 -3.4e+38 -3.4e+38 -3.4e+38 -3.4e+38 -3.4e+38 -3.4e+38 203 203 203 204 204 205 206 206 207 206 205 204 202 201 199 198 196 195 194 193 189 187 184 182 181 181 181 182 183 184 186 187 189 191 192 194 195 197 198 199 200 200 200 200 200 199 197 194 192 189
204 204 204 205 205 205 205 205 205 -3.4e+38 -3.4e+38 -3.4e+38 -3.4e+38 -3.4e+38 -3.4e+38 -3.4e+38 -3.4e+38 -3.4e+38 -3.4e+38 -3.4e+38 -3.4e+38 205 205 206 207 207 208 208 208 207 206 204 203 201 200 198 196 195 192 189 185 183 181 180 180 180 181 183 184 187 189 191 192 194 196 197 198 199 200 200 201 201 201 201 200 198 195 192 190
204 204 205 205 205 205 205 -3.4e+38 -3.4e+38 205 -3.4e+38 -3.4e+38 -3.4e+38 -3.4e+38 -3.4e+38 -3.4e+38 -3.4e+38 -3.4e+38 -3.4e+38 -3.4e+38 -3.4e+38 -3.4e+38 -3.4e+38 207 208 208 209 209 209 208 207 206 205 203 201 199 196 193 190 186 183 180 178 177 177 178 180 182 185 187 190 193 194 196 197 198 199 199 200 201 202 202 202 202 200 199 196 194 191
204 204 205 205 205 205 206 206 206 206 -3.4e+38 -3.4e+38 -3.4e+38 -3.4e+38 -3.4e+38 -3.4e+38 -3.4e+38 -3.4e+38 -3.4e+38 -3.4e+38 -3.4e+38 -3.4e+38 -3.4e+38 -3.4e+38 -3.4e+38 209 209 210 209 209 208 207 206 204 202 199 196 192 187 183 179 177 175 174 175 176 179 181 185 188 192 195 197 198 199 199 199 200 201 201 202 202 202 203 201 199 196 194 191
204 204 204 205 205 -3.4e+38 -3.4e+38 -3.4e+38 -3.4e+38 -3.4e+38 -3.4e+38 -3.4e+38 -3.4e+38 -3.4e+38 -3.4e+38 -3.4e+38 -3.4e+38 -3.4e+38 -3.4e+38 -3.4e+38 -3.4e+38 -3.4e+38 -3.4e+38 -3.4e+38 -3.4e+38 -3.4e+38 210 210 210 210 209 209 207 205 203 200 195 190 185 179 175 171 170 170 171 173 177 180 185 189 193 197 199 200 200 201 200 201 201 201 201 202 202 202 200 199 196 194 191
204 204 204 -3.4e+38 -3.4e+38 -3.4e+38 -3.4e+38 -3.4e+38 -3.4e+38 -3.4e+38 -3.4e+38 -3.4e+38 -3.4e+38 -3.4e+38 -3.4e+38 -3.4e+38 -3.4e+38 -3.4e+38 -3.4e+38 -3.4e+38 -3.4e+38 -3.4e+38 -3.4e+38 -3.4e+38 -3.4e+38 -3.4e+38 -3.4e+38 210 210 210 210 209 208 206 204 200 195 188 181 175 169 166 164 164 167 170 174 179 184 190 195 199 201 202 202 201 201 201 201 201 201 201 201 200 199 197 196 194 191
203 -3.4e+38 -3.4e+38 -3.4e+38 -3.4e+38 -3.4e+38 -3.4e+38 -3.4e+38 -3.4e+38 -3.4e+38 -3.4e+38 -3.4e+38 -3.4e+38 -3.4e+38 -3.4e+38 -3.4e+38 -3.4e+38 -3.4e+38 -3.4e+38 -3.4e+38 -3.4e+38 -3.4e+38 -3.4e+38 -3.4e+38 -3.4e+38 -3.4e+38 -3.4e+38 -3.4e+38 210 210 210 210 209 208 205 201 194 186 178 169 163 159 157 158 161 166 172 178 184 190 196 200 202 202 202 202 201 201 200 200 199 199 199 198 197 196 194 192 190
-3.4e+38 -3.4e+38 -3.4e+38 -3.4e+38 -3.4e+38 -3.4e+38 -3.4e+38 -3.4e+38 -3.4e+38 -3.4e+38 -3.4e+38 -3.4e+38 -3.4e+38 -3.4e+38 -3.4e+38 -3.4e+38 -3.4e+38 -3.4e+38 -3.4e+38 -3.4e+38 -3.4e+38 -3.4e+38 -3.4e+38 -3.4e+38 -3.4e+38 -3.4e+38 -3.4e+38 -3.4e+38 210 210 210 210 210 209 207 202 194 185 173 162 154 150 149 151 155 162 169 176 182 189 195 199 202 202 202 202 201 200 199 198 198 197 197 196 195 194 193 191 189
