Demos/Rbased/CrashCourse/data/climate_processing/PresentLayers/bio13.asc
NCOLS 182 
NROWS 155 
XLLCORNER -87.625 
YLLCORNER 24.5416666666667 
CELLSIZE 0.0416666666666666 
NODATA_value -3.4e+38 
[rows 0 to 29 of 155, columns 0 to 68 of 182]
-339999999999999996123846586046231871488.000000000000000 180 179 179 179 179 179 179 178 178 179 181 181 181 181 180 179 179 178 177 176 175 175 175 175 174 175 175 176 176 177 177 178 178 177 178 177 176 175 175 174 172 171 170 169 168 167 167 166 166 165 164 163 163 162 162 161 160 160 159 158 157 156 -3.4e+38 -3.4e+38 -3.4e+38 -3.4e+38 -3.4e+38 -3.4e+38
-3.4e+38 181 180 180 180 180 180 180 179 180 182 182 182 182 182 181 180 180 179 178 177 176 176 176 176 175 176 177 177 178 179 179 180 181 181 181 181 180 179 178 177 176 174 173 172 171 170 170 169 168 167 167 166 166 165 164 163 163 162 161 160 159 158 -3.4e+38 -3.4e+38 -3.4e+38 -3.4e+38 -3.4e+38 -3.4e+38
182 182 181 181 181 180 180 180 180 182 183 183 183 183 183 182 181 180 180 179 179 177 177 177 177 176 178 179 179 180 180 182 183 184 184 185 185 185 184 182 180 179 178 177 176 174 173 173 172 171 170 170 169 168 168 167 166 165 165 164 163 162 161 160 -3.4e+38 -3.4e+38 -3.4e+38 -3.4e+38 -3.4e+38
182 182 182 181 181 180 181 179 180 183 184 184 184 184 183 183 182 181 180 180 179 178 178 178 177 178 179 179 180 181 182 184 185 186 187 188 189 188 187 186 184 182 181 180 179 178 177 176 175 174 173 172 172 171 170 169 169 168 167 166 165 164 163 163 162 -3.4e+38 -3.4e+38 -3.4e+38 -3.4e+38
-3.4e+38 182 182 181 181 180 180 179 181 183 184 185 185 184 184 184 183 181 181 180 179 179 180 178 178 180 180 180 181 182 184 185 187 189 190 192 192 191 191 189 187 185 184 183 182 181 180 179 178 177 176 175 175 174 173 172 172 170 170 169 168 167 166 165 165 -3.4e+38 -3.4e+38 -3.4e+38 -3.4e+38
-3.4e+38 -3.4e+38 181 181 180 181 180 179 180 183 184 186 186 186 185 184 184 182 181 180 179 180 180 179 179 180 180 181 182 184 185 187 189 191 193 195 196 195 193 192 190 188 187 186 185 184 183 182 181 180 179 179 178 177 176 176 175 173 173 172 171 170 169 168 167 -3.4e+38 -3.4e+38 -3.4e+38 -3.4e+38
-3.4e+38 -3.4e+38 -3.4e+38 179 179 180 180 179 179 182 184 185 186 186 186 183 183 181 181 180 180 180 179 178 179 180 180 182 183 185 187 189 191 193 196 198 199 198 196 194 192 191 189 188 188 187 186 185 184 183 183 182 181 180 179 178 177 176 175 174 173 173 172 172 171 170 -3.4e+38 -3.4e+38 -3.4e+38
-3.4e+38 -3.4e+38 -3.4e+38 -3.4e+38 -3.4e+38 178 179 178 178 180 183 183 184 185 184 183 182 181 181 180 179 178 178 178 178 179 180 181 183 185 187 190 192 193 195 198 199 199 198 197 195 193 192 191 190 190 188 188 187 186 186 186 184 183 182 181 180 179 177 177 176 176 175 174 174 173 173 174 175
-3.4e+38 -3.4e+38 -3.4e+38 -3.4e+38 -3.4e+38 -3.4e+38 177 177 177 179 181 183 183 184 182 182 182 182 180 179 178 178 178 178 179 180 181 182 184 186 187 190 192 194 196 198 199 199 198 198 196 195 195 193 193 192 191 191 190 190 189 188 188 188 186 185 184 183 180 179 179 178 178 177 176 176 176 177 178
-3.4e+38 -3.4e+38 -3.4e+38 -3.4e+38 -3.4e+38 174 175 176 176 177 179 181 182 182 181 181 181 180 179 179 178 178 178 178 179 179 180 181 183 185 187 190 192 193 196 197 199 199 199 199 198 197 196 196 195 195 195 195 194 194 193 193 192 191 190 189 187 186 183 183 182 181 180 179 179 179 180 180 181
-3.4e+38 -3.4e+38 -3.4e+38 -3.4e+38 -3.4e+38 172 172 173 175 177 177 -3.4e+38 181 180 180 179 179 179 179 179 178 177 177 177 177 178 178 180 183 184 187 189 191 194 195 197 198 200 200 200 200 199 199 199 199 198 198 197 197 197 196 196 195 194 193 191 189 188 186 185 184 183 182 181 183 183 183 183 183
-3.4e+38 -3.4e+38 -3.4e+38 -3.4e+38 170 169 169 171 174 177 178 -3.4e+38 -3.4e+38 179 -3.4e+38 179 179 179 178 178 177 176 177 178 179 179 179 180 181 183 186 188 191 193 195 197 198 199 200 201 200 200 200 201 201 201 200 200 199 199 199 198 198 197 196 194 192 190 189 187 186 185 184 184 185 186 185 185 186
-3.4e+38 -3.4e+38 -3.4e+38 -3.4e+38 -3.4e+38 167 166 169 173 176 179 -3.4e+38 -3.4e+38 178 -3.4e+38 -3.4e+38 178 178 178 177 176 177 178 179 180 181 181 -3.4e+38 182 183 186 188 -3.4e+38 192 194 196 198 199 200 200 201 201 202 202 203 203 203 202 202 202 201 201 201 200 199 197 195 193 191 189 188 187 186 187 188 188 188 188 188
-3.4e+38 -3.4e+38 -3.4e+38 -3.4e+38 -3.4e+38 -3.4e+38 -3.4e+38 168 172 175 177 -3.4e+38 -3.4e+38 -3.4e+38 -3.4e+38 -3.4e+38 177 176 176 176 177 179 180 181 181 181 -3.4e+38 -3.4e+38 -3.4e+38 -3.4e+38 -3.4e+38 -3.4e+38 -3.4e+38 -3.4e+38 -3.4e+38 196 197 199 200 201 202 203 203 204 205 205 205 204 204 204 204 204 204 203 201 200 198 196 193 192 190 189 189 189 190 190 190 190 190
-3.4e+38 -3.4e+38 -3.4e+38 -3.4e+38 -3.4e+38 168 168 169 171 -3.4e+38 -3.4e+38 -3.4e+38 -3.4e+38 177 177 177 -3.4e+38 -3.4e+38 -3.4e+38 -3.4e+38 -3.4e+38 180 181 -3.4e+38 182 -3.4e+38 -3.4e+38 184 185 185 -3.4e+38 187 190 192 -3.4e+38 -3.4e+38 197 199 200 201 202 204 205 206 206 207 207 207 207 206 206 206 206 205 204 202 200 199 196 194 192 191 191 192 192 192 192 192 192
-3.4e+38 -3.4e+38 -3.4e+38 -3.4e+38 -3.4e+38 168 169 170 171 -3.4e+38 175 -3.4e+38 -3.4e+38 -3.4e+38 176 -3.4e+38 -3.4e+38 -3.4e+38 -3.4e+38 -3.4e+38 -3.4e+38 -3.4e+38 -3.4e+38 -3.4e+38 -3.4e+38 -3.4e+38 -3.4e+38 -3.4e+38 -3.4e+38 -3.4e+38 -3.4e+38 -3.4e+38 -3.4e+38 192 194 196 197 199 201 202 203 205 206 207 208 208 208 209 208 207 208 207 207 206 205 204 203 201 199 197 196 194 194 195 195 194 194 194 194
-3.4e+38 -3.4e+38 -3.4e+38 169 -3.4e+38 -3.4e+38 170 -3.4e+38 -3.4e+38 -3.4e+38 -3.4e+38 -3.4e+38 -3.4e+38 -3.4e+38 -3.4e+38 -3.4e+38 -3.4e+38 -3.4e+38 -3.4e+38 -3.4e+38 -3.4e+38 -3.4e+38 -3.4e+38 -3.4e+38 -3.4e+38 -3.4e+38 -3.4e+38 -3.4e+38 -3.4e+38 -3.4e+38 -3.4e+38 -3.4e+38 -3.4e+38 -3.4e+38 -3.4e+38 -3.4e+38 198 199 201 202 204 205 206 207 208 209 210 210 209 209 208 208 208 208 208 207 206 204 203 201 200 198 197 197 197 197 197 197 196
-3.4e+38 -3.4e+38 -3.4e+38 -3.4e+38 -3.4e+38 -3.4e+38 -3.4e+38 -3.4e+38 -3.4e+38 -3.4e+38 -3.4e+38 -3.4e+38 -3.4e+38 -3.4e+38 -3.4e+38 -3.4e+38 -3.4e+38 -3.4e+38 -3.4e+38 -3.4e+38 -3.4e+38 -3.4e+38 -3.4e+38 -3.4e+38 -3.4e+38 -3.4e+38 -3.4e+38 -3.4e+38 -3.4e+38 -3.4e+38 -3.4e+38 -3.4e+38 -3.4e+38 -3.4e+38 -3.4e+38 -3.4e+38 -3.4e+38 -3.4e+38 -3.4e+38 202 204 205 206 -3.4e+38 -3.4e+38 211 212 211 210 210 209 209 209 209 209 209 209 208 207 205 203 202 201 200 200 199 199 199 198
-3.4e+38 -3.4e+38 -3.4e+38 -3.4e+38 -3.4e+38 -3.4e+38 -3.4e+38 -3.4e+38 -3.4e+38 -3.4e+38 -3.4e+38 -3.4e+38 -3.4e+38 -3.4e+38 -3.4e+38 -3.4e+38 -3.4e+38 -3.4e+38 -3.4e+38 -3.4e+38 -3.4e+38 -3.4e+38 -3.4e+38 -3.4e+38 -3.4e+38 -3.4e+38 -3.4e+38 -3.4e+38 -3.4e+38 -3.4e+38 -3.4e+38 -3.4e+38 -3.4e+38 -3.4e+38 -3.4e+38 -3.4e+38 -3.4e+38 -3.4e+38 -3.4e+38 -3.4e+38 -3.4e+38 206 207 208 210 -3.4e+38 -3.4e+38 212 211 210 209 209 209 210 211 211 212 211 210 209 207 205 204 203 202 201 201 200 200
-3.4e+38 -3.4e+38 -3.4e+38 -3.4e+38 -3.4e+38 -3.4e+38 -3.4e+38 -3.4e+38 -3.4e+38 -3.4e+38 -3.4e+38 -3.4e+38 -3.4e+38 -3.4e+38 -3.4e+38 -3.4e+38 -3.4e+38 -3.4e+38 -3.4e+38 -3.4e+38 -3.4e+38 -3.4e+38 -3.4e+38 -3.4e+38 -3.4e+38 -3.4e+38 -3.4e+38 -3.4e+38 -3.4e+38 -3.4e+38 -3.4e+38 -3.4e+38 -3.4e+38 -3.4e+38 -3.4e+38 -3.4e+38 -3.4e+38 -3.4e+38 -3.4e+38 -3.4e+38 -3.4e+38 -3.4e+38 -3.4e+38 208 209 -3.4e+38 212 211 209 208 208 209 209 210 212 213 214 215 214 213 211 209 207 205 204 203 202 202 202
-3.4e+38 -3.4e+38 -3.4e+38 -3.4e+38 -3.4e+38 -3.4e+38 -3.4e+38 -3.4e+38 -3.4e+38 -3.4e+38 -3.4e+38 -3.4e+38 -3.4e+38 -3.4e+38 -3.4e+38 -3.4e+38 -3.4e+38 -3.4e+38 -3.4e+38 -3.4e+38 -3.4e+38 -3.4e+38 -3.4e+38 -3.4e+38 -3.4e+38 -3.4e+38 -3.4e+38 -3.4e+38 -3.4e+38 -3.4e+38 -3.4e+38 -3.4e+38 -3.4e+38 -3.4e+38 -3.4e+38 -3.4e+38 -3.4e+38 -3.4e+38 -3.4e+38 -3.4e+38 -3.4e+38 -3.4e+38 -3.4e+38 -3.4e+38 -3.4e+38 209 -3.4e+38 208 206 205 206 207 209 210 213 215 217 218 218 216 213 211 209 207 206 205 204 203 203
-3.4e+38 -3.4e+38 -3.4e+38 -3.4e+38 -3.4e+38 -3.4e+38 -3.4e+38 -3.4e+38 -3.4e+38 -3.4e+38 -3.4e+38 -3.4e+38 -3.4e+38 -3.4e+38 -3.4e+38 -3.4e+38 -3.4e+38 -3.4e+38 -3.4e+38 -3.4e+38 -3.4e+38 -3.4e+38 -3.4e+38 -3.4e+38 -3.4e+38 -3.4e+38 -3.4e+38 -3.4e+38 -3.4e+38 -3.4e+38 -3.4e+38 -3.4e+38 -3.4e+38 -3.4e+38 -3.4e+38 -3.4e+38 -3.4e+38 -3.4e+38 -3.4e+38 -3.4e+38 -3.4e+38 -3.4e+38 -3.4e+38 -3.4e+38 -3.4e+38 -3.4e+38 -3.4e+38 204 -3.4e+38 -3.4e+38 203 205 207 210 212 215 218 220 221 218 215 212 210 208 207 206 205 204 204
-3.4e+38 -3.4e+38 -3.4e+38 -3.4e+38 -3.4e+38 -3.4e+38 -3.4e+38 -3.4e+38 -3.4e+38 -3.4e+38 -3.4e+38 -3.4e+38 -3.4e+38 -3.4e+38 -3.4e+38 -3.4e+38 -3.4e+38 -3.4e+38 -3.4e+38 -3.4e+38 -3.4e+38 -3.4e+38 -3.4e+38 -3.4e+38 -3.4e+38 -3.4e+38 -3.4e+38 -3.4e+38 -3.4e+38 -3.4e+38 -3.4e+38 -3.4e+38 -3.4e+38 -3.4e+38 -3.4e+38 -3.4e+38 -3.4e+38 -3.4e+38 -3.4e+38 -3.4e+38 -3.4e+38 -3.4e+38 -3.4e+38 -3.4e+38 -3.4e+38 -3.4e+38 -3.4e+38 -3.4e+38 198 198 -3.4e+38 204 -3.4e+38 209 212 214 217 219 220 218 215 213 210 209 207 206 205 205 204
-3.4e+38 -3.4e+38 -3.4e+38 -3.4e+38 -3.4e+38 -3.4e+38 -3.4e+38 -3.4e+38 -3.4e+38 -3.4e+38 -3.4e+38 -3.4e+38 -3.4e+38 -3.4e+38 -3.4e+38 -3.4e+38 -3.4e+38 -3.4e+38 -3.4e+38 -3.4e+38 -3.4e+38 -3.4e+38 -3.4e+38 -3.4e+38 -3.4e+38 -3.4e+38 -3.4e+38 -3.4e+38 -3.4e+38 -3.4e+38 -3.4e+38 -3.4e+38 -3.4e+38 -3.4e+38 -3.4e+38 -3.4e+38 -3.4e+38 -3.4e+38 -3.4e+38 -3.4e+38 -3.4e+38 -3.4e+38 -3.4e+38 -3.4e+38 -3.4e+38 -3.4e+38 -3.4e+38 -3.4e+38 -3.4e+38 -3.4e+38 200 202 -3.4e+38 208 210 213 215 217 217 216 214 212 210 209 207 206 205 205 205
-3.4e+38 -3.4e+38 -3.4e+38 -3.4e+38 -3.4e+38 -3.4e+38 -3.4e+38 -3.4e+38 -3.4e+38 -3.4e+38 -3.4e+38 -3.4e+38 -3.4e+38 -3.4e+38 -3.4e+38 -3.4e+38 -3.4e+38 -3.4e+38 -3.4e+38 -3.4e+38 -3.4e+38 -3.4e+38 -3.4e+38 -3.4e+38 -3.4e+38 -3.4e+38 -3.4e+38 -3.4e+38 -3.4e+38 -3.4e+38 -3.4e+38 -3.4e+38 -3.4e+38 -3.4e+38 -3.4e+38 -3.4e+38 -3.4e+38 -3.4e+38 -3.4e+38 -3.4e+38 -3.4e+38 -3.4e+38 -3.4e+38 -3.4e+38 -3.4e+38 -3.4e+38 -3.4e+38 -3.4e+38 -3.4e+38 -3.4e+38 -3.4e+38 202 204 206 209 211 213 214 214 214 212 211 209 208 207 206 205 205 205
-3.4e+38 -3.4e+38 -3.4e+38 -3.4e+38 -3.4e+38 -3.4e+38 -3.4e+38 -3.4e+38 -3.4e+38 -3.4e+38 -3.4e+38 -3.4e+38 -3.4e+38 -3.4e+38 -3.4e+38 -3.4e+38 -3.4e+38 -3.4e+38 -3.4e+38 -3.4e+38 -3.4e+38 -3.4e+38 -3.4e+38 -3.4e+38 -3.4e+38 -3.4e+38 -3.4e+38 -3.4e+38 -3.4e+38 -3.4e+38 -3.4e+38 -3.4e+38 -3.4e+38 -3.4e+38 -3.4e+38 -3.4e+38 -3.4e+38 -3.4e+38 -3.4e+38 -3.4e+38 -3.4e+38 -3.4e+38 -3.4e+38 -3.4e+38 -3.4e+38 -3.4e+38 -3.4e+38 -3.4e+38 -3.4e+38 -3.4e+38 -3.4e+38 -3.4e+38 -3.4e+38 205 207 209 210 211 211 211 210 209 208 207 206 205 205 205 205
-3.4e+38 -3.4e+38 -3.4e+38 -3.4e+38 -3.4e+38 -3.4e+38 -3.4e+38 -3.4e+38 -3.4e+38 -3.4e+38 -3.4e+38 -3.4e+38 -3.4e+38 -3.4e+38 -3.4e+38 -3.4e+38 -3.4e+38 -3.4e+38 -3.4e+38 -3.4e+38 -3.4e+38 -3.4e+38 -3.4e+38 -3.4e+38 -3.4e+38 -3.4e+38 -3.4e+38 -3.4e+38 -3.4e+38 -3.4e+38 -3.4e+38 -3.4e+38 -3.4e+38 -3.4e+38 -3.4e+38 -3.4e+38 -3.4e+38 -3.4e+38 -3.4e+38 -3.4e+38 -3.4e+38 -3.4e+38 -3.4e+38 -3.4e+38 -3.4e+38 -3.4e+38 -3.4e+38 -3.4e+38 -3.4e+38 -3.4e+38 -3.4e+38 -3.4e+38 -3.4e+38 -3.4e+38 206 207 208 208 208 208 207 206 206 205 205 204 204 204 204
-3.4e+38 -3.4e+38 -3.4e+38 -3.4e+38 -3.4e+38 -3.4e+38 -3.4e+38 -3.4e+38 -3.4e+38 -3.4e+38 -3.4e+38 -3.4e+38 -3.4e+38 -3.4e+38 -3.4e+38 -3.4e+38 -3.4e+38 -3.4e+38 -3.4e+38 -3.4e+38 -3.4e+38 -3.4e+38 -3.4e+38 -3.4e+38 -3.4e+38 -3.4e+38 -3.4e+38 -3.4e+38 -3.4e+38 -3.4e+38 -3.4e+38 -3.4e+38 -3.4e+38 -3.4e+38 -3.4e+38 -3.4e+38 -3.4e+38 -3.4e+38 -3.4e+38 -3.4e+38 -3.4e+38 -3.4e+38 -3.4e+38 -3.4e+38 -3.4e+38 -3.4e+38 -3.4e+38 -3.4e+38 -3.4e+38 -3.4e+38 -3.4e+38 -3.4e+38 -3.4e+38 -3.4e+38 -3.4e+38 205 205 206 206 205 205 204 204 203 203 203 203 203 203
-3.4e+38 -3.4e+38 -3.4e+38 -3.4e+38 -3.4e+38 -3.4e+38 -3.4e+38 -3.4e+38 -3.4e+38 -3.4e+38 -3.4e+38 -3.4e+38 -3.4e+38 -3.4e+38 -3.4e+38 -3.4e+38 -3.4e+38 -3.4e+38 -3.4e+38 -3.4e+38 -3.4e+38 -3.4e+38 -3.4e+38 -3.4e+38 -3.4e+38 -3.4e+38 -3.4e+38 -3.4e+38 -3.4e+38 -3.4e+38 -3.4e+38 -3.4e+38 -3.4e+38 -3.4e+38 -3.4e+38 -3.4e+38 -3.4e+38 -3.4e+38 -3.4e+38 -3.4e+38 -3.4e+38 -3.4e+38 -3.4e+38 -3.4e+38 -3.4e+38 -3.4e+38 -3.4e+38 -3.4e+38 -3.4e+38 -3.4e+38 -3.4e+38 -3.4e+38 -3.4e+38 -3.4e+38 -3.4e+38 -3.4e+38 203 203 203 203 202 202 202 201 201 201 -3.4e+38 202 203
-3.4e+38 -3.4e+38 -3.4e+38 -3.4e+38 -3.4e+38 -3.4e+38 -3.4e+38 -3.4e+38 -3.4e+38 -3.4e+38 -3.4e+38 -3.4e+38 -3.4e+38 -3.4e+38 -3.4e+38 -3.4e+38 -3.4e+38 -3.4e+38 -3.4e+38 -3.4e+38 -3.4e+38 -3.4e+38 -3.4e+38 -3.4e+38 -3.4e+38 -3.4e+38 -3.4e+38 -3.4e+38 -3.4e+38 -3.4e+38 -3.4e+38 -3.4e+38 -3.4e+38 -3.4e+38 -3.4e+38 -3.4e+38 -3.4e+38 -3.4e+38 -3.4e+38 -3.4e+38 -3.4e+38 -3.4e+38 -3.4e+38 -3.4e+38 -3.4e+38 -3.4e+38 -3.4e+38 -3.4e+38 -3.4e+38 -3.4e+38 -3.4e+38 -3.4e+38 -3.4e+38 -3.4e+38 -3.4e+38 -3.4e+38 202 202 202 202 202 201 201 201 201 -3.4e+38 201 202 -3.4e+38
