Demos/Rbased/CrashCourse/data/climate_processing/PresentLayers/bio12.asc
NCOLS 182 
NROWS 155 
XLLCORNER -87.625 
YLLCORNER 24.5416666666667 
CELLSIZE 0.0416666666666666 
NODATA_value -3.4e+38 
[rows 0 to 29 of 155, columns 67 to 133 of 182]
-3.4e+38 -3.4e+38 -3.4e+38 -3.4e+38 -3.4e+38 -3.4e+38 -3.4e+38 -3.4e+38 -3.4e+38 -3.4e+38 -3.4e+38 -3.4e+38 -3.4e+38 -3.4e+38 -3.4e+38 -3.4e+38 -3.4e+38 -3.4e+38 -3.4e+38 -3.4e+38 -3.4e+38 -3.4e+38 -3.4e+38 -3.4e+38 -3.4e+38 -3.4e+38 -3.4e+38 -3.4e+38 -3.4e+38 -3.4e+38 -3.4e+38 -3.4e+38 -3.4e+38 -3.4e+38 -3.4e+38 -3.4e+38 -3.4e+38 -3.4e+38 -3.4e+38 -3.4e+38 -3.4e+38 -3.4e+38 -3.4e+38 -3.4e+38 -3.4e+38 -3.4e+38 -3.4e+38 -3.4e+38 -3.4e+38 -3.4e+38 -3.4e+38 -3.4e+38 -3.4e+38 -3.4e+38 -3.4e+38 -3.4e+38 -3.4e+38 -3.4e+38 -3.4e+38 -3.4e+38 -3.4e+38 -3.4e+38 -3.4e+38 -3.4e+38 -3.4e+38 -3.4e+38 -3.4e+38
-3.4e+38 -3.4e+38 -3.4e+38 -3.4e+38 -3.4e+38 -3.4e+38 -3.4e+38 -3.4e+38 -3.4e+38 -3.4e+38 -3.4e+38 -3.4e+38 -3.4e+38 -3.4e+38 -3.4e+38 -3.4e+38 -3.4e+38 -3.4e+38 -3.4e+38 -3.4e+38 -3.4e+38 -3.4e+38 -3.4e+38 -3.4e+38 -3.4e+38 -3.4e+38 -3.4e+38 -3.4e+38 -3.4e+38 -3.4e+38 -3.4e+38 -3.4e+38 -3.4e+38 -3.4e+38 -3.4e+38 -3.4e+38 -3.4e+38 -3.4e+38 -3.4e+38 -3.4e+38 -3.4e+38 -3.4e+38 -3.4e+38 -3.4e+38 -3.4e+38 -3.4e+38 -3.4e+38 -3.4e+38 -3.4e+38 -3.4e+38 -3.4e+38 -3.4e+38 -3.4e+38 -3.4e+38 -3.4e+38 -3.4e+38 -3.4e+38 -3.4e+38 -3.4e+38 -3.4e+38 -3.4e+38 -3.4e+38 -3.4e+38 -3.4e+38 -3.4e+38 -3.4e+38 -3.4e+38
-3.4e+38 -3.4e+38 -3.4e+38 -3.4e+38 -3.4e+38 -3.4e+38 -3.4e+38 -3.4e+38 -3.4e+38 -3.4e+38 -3.4e+38 -3.4e+38 -3.4e+38 -3.4e+38 -3.4e+38 -3.4e+38 -3.4e+38 -3.4e+38 -3.4e+38 -3.4e+38 -3.4e+38 -3.4e+38 -3.4e+38 -3.4e+38 -3.4e+38 -3.4e+38 -3.4e+38 -3.4e+38 -3.4e+38 -3.4e+38 -3.4e+38 -3.4e+38 -3.4e+38 -3.4e+38 -3.4e+38 -3.4e+38 -3.4e+38 -3.4e+38 -3.4e+38 -3.4e+38 -3.4e+38 -3.4e+38 -3.4e+38 -3.4e+38 -3.4e+38 -3.4e+38 -3.4e+38 -3.4e+38 -3.4e+38 -3.4e+38 -3.4e+38 -3.4e+38 -3.4e+38 -3.4e+38 -3.4e+38 -3.4e+38 -3.4e+38 -3.4e+38 -3.4e+38 -3.4e+38 -3.4e+38 -3.4e+38 -3.4e+38 -3.4e+38 -3.4e+38 -3.4e+38 -3.4e+38
-3.4e+38 -3.4e+38 -3.4e+38 -3.4e+38 -3.4e+38 -3.4e+38 -3.4e+38 -3.4e+38 -3.4e+38 -3.4e+38 -3.4e+38 -3.4e+38 -3.4e+38 -3.4e+38 -3.4e+38 -3.4e+38 -3.4e+38 -3.4e+38 -3.4e+38 -3.4e+38 -3.4e+38 -3.4e+38 -3.4e+38 -3.4e+38 -3.4e+38 -3.4e+38 -3.4e+38 -3.4e+38 -3.4e+38 -3.4e+38 -3.4e+38 -3.4e+38 -3.4e+38 -3.4e+38 -3.4e+38 -3.4e+38 -3.4e+38 -3.4e+38 -3.4e+38 -3.4e+38 -3.4e+38 -3.4e+38 -3.4e+38 -3.4e+38 -3.4e+38 -3.4e+38 -3.4e+38 -3.4e+38 -3.4e+38 -3.4e+38 -3.4e+38 -3.4e+38 -3.4e+38 -3.4e+38 -3.4e+38 -3.4e+38 -3.4e+38 -3.4e+38 -3.4e+38 -3.4e+38 -3.4e+38 -3.4e+38 -3.4e+38 -3.4e+38 -3.4e+38 -3.4e+38 -3.4e+38
-3.4e+38 -3.4e+38 -3.4e+38 -3.4e+38 -3.4e+38 -3.4e+38 -3.4e+38 -3.4e+38 -3.4e+38 -3.4e+38 -3.4e+38 -3.4e+38 -3.4e+38 -3.4e+38 -3.4e+38 -3.4e+38 -3.4e+38 -3.4e+38 -3.4e+38 -3.4e+38 -3.4e+38 -3.4e+38 -3.4e+38 -3.4e+38 -3.4e+38 -3.4e+38 -3.4e+38 -3.4e+38 -3.4e+38 -3.4e+38 -3.4e+38 -3.4e+38 -3.4e+38 -3.4e+38 -3.4e+38 -3.4e+38 -3.4e+38 -3.4e+38 -3.4e+38 -3.4e+38 -3.4e+38 -3.4e+38 -3.4e+38 -3.4e+38 -3.4e+38 -3.4e+38 -3.4e+38 -3.4e+38 -3.4e+38 -3.4e+38 -3.4e+38 -3.4e+38 -3.4e+38 -3.4e+38 -3.4e+38 -3.4e+38 -3.4e+38 -3.4e+38 -3.4e+38 -3.4e+38 -3.4e+38 -3.4e+38 -3.4e+38 -3.4e+38 -3.4e+38 -3.4e+38 -3.4e+38
-3.4e+38 -3.4e+38 -3.4e+38 -3.4e+38 -3.4e+38 -3.4e+38 -3.4e+38 -3.4e+38 -3.4e+38 -3.4e+38 -3.4e+38 -3.4e+38 -3.4e+38 -3.4e+38 -3.4e+38 -3.4e+38 -3.4e+38 -3.4e+38 -3.4e+38 -3.4e+38 -3.4e+38 -3.4e+38 -3.4e+38 -3.4e+38 -3.4e+38 -3.4e+38 -3.4e+38 -3.4e+38 -3.4e+38 -3.4e+38 -3.4e+38 -3.4e+38 -3.4e+38 -3.4e+38 -3.4e+38 -3.4e+38 -3.4e+38 -3.4e+38 -3.4e+38 -3.4e+38 -3.4e+38 -3.4e+38 -3.4e+38 -3.4e+38 -3.4e+38 -3.4e+38 -3.4e+38 -3.4e+38 -3.4e+38 -3.4e+38 -3.4e+38 -3.4e+38 -3.4e+38 -3.4e+38 -3.4e+38 -3.4e+38 -3.4e+38 -3.4e+38 -3.4e+38 -3.4e+38 -3.4e+38 -3.4e+38 -3.4e+38 -3.4e+38 -3.4e+38 -3.4e+38 -3.4e+38
-3.4e+38 -3.4e+38 -3.4e+38 -3.4e+38 -3.4e+38 -3.4e+38 -3.4e+38 -3.4e+38 -3.4e+38 -3.4e+38 -3.4e+38 -3.4e+38 -3.4e+38 -3.4e+38 -3.4e+38 -3.4e+38 -3.4e+38 -3.4e+38 -3.4e+38 -3.4e+38 -3.4e+38 -3.4e+38 -3.4e+38 -3.4e+38 -3.4e+38 -3.4e+38 -3.4e+38 -3.4e+38 -3.4e+38 -3.4e+38 -3.4e+38 -3.4e+38 -3.4e+38 -3.4e+38 -3.4e+38 -3.4e+38 -3.4e+38 -3.4e+38 -3.4e+38 -3.4e+38 -3.4e+38 -3.4e+38 -3.4e+38 -3.4e+38 -3.4e+38 -3.4e+38 -3.4e+38 -3.4e+38 -3.4e+38 -3.4e+38 -3.4e+38 -3.4e+38 -3.4e+38 -3.4e+38 -3.4e+38 -3.4e+38 -3.4e+38 -3.4e+38 -3.4e+38 -3.4e+38 -3.4e+38 -3.4e+38 -3.4e+38 -3.4e+38 -3.4e+38 -3.4e+38 -3.4e+38
1432 1439 1438 1435 1436 1436 1432 1439 1435 1435 1442 1438 -3.4e+38 -3.4e+38 -3.4e+38 -3.4e+38 -3.4e+38 -3.4e+38 -3.4e+38 -3.4e+38 -3.4e+38 -3.4e+38 -3.4e+38 -3.4e+38 -3.4e+38 -3.4e+38 -3.4e+38 -3.4e+38 -3.4e+38 -3.4e+38 -3.4e+38 -3.4e+38 -3.4e+38 -3.4e+38 -3.4e+38 -3.4e+38 -3.4e+38 -3.4e+38 -3.4e+38 -3.4e+38 -3.4e+38 -3.4e+38 -3.4e+38 -3.4e+38 -3.4e+38 -3.4e+38 -3.4e+38 -3.4e+38 -3.4e+38 -3.4e+38 -3.4e+38 -3.4e+38 -3.4e+38 -3.4e+38 -3.4e+38 -3.4e+38 -3.4e+38 -3.4e+38 -3.4e+38 -3.4e+38 -3.4e+38 -3.4e+38 -3.4e+38 -3.4e+38 -3.4e+38 -3.4e+38 -3.4e+38
1449 1450 1450 1449 1450 1447 1447 1442 1439 1450 1450 1444 1437 1440 1431 1427 1427 1423 1418 1413 1412 1403 1395 1392 1382 1376 1367 1362 1354 1348 1340 1338 -3.4e+38 -3.4e+38 -3.4e+38 -3.4e+38 -3.4e+38 -3.4e+38 -3.4e+38 -3.4e+38 -3.4e+38 -3.4e+38 -3.4e+38 -3.4e+38 -3.4e+38 -3.4e+38 -3.4e+38 -3.4e+38 -3.4e+38 -3.4e+38 -3.4e+38 -3.4e+38 -3.4e+38 -3.4e+38 -3.4e+38 -3.4e+38 -3.4e+38 -3.4e+38 -3.4e+38 -3.4e+38 -3.4e+38 -3.4e+38 -3.4e+38 -3.4e+38 -3.4e+38 -3.4e+38 -3.4e+38
1462 1461 1461 1459 1459 1455 1453 1454 1454 1461 1457 1451 1449 1450 1450 1442 1440 1436 1436 1423 1414 1415 1403 1402 1396 1388 1377 1373 1362 1355 1349 1340 1341 1334 1329 1325 1319 1314 1319 1317 1322 1325 1323 1331 1335 1336 1338 1340 1338 -3.4e+38 -3.4e+38 -3.4e+38 -3.4e+38 -3.4e+38 -3.4e+38 -3.4e+38 -3.4e+38 -3.4e+38 -3.4e+38 -3.4e+38 -3.4e+38 -3.4e+38 -3.4e+38 -3.4e+38 -3.4e+38 -3.4e+38 -3.4e+38
1473 1468 1465 1469 1467 1468 1465 1463 1470 1471 1466 1466 1463 1465 1463 1456 1452 1445 1440 1434 1420 1420 1417 1411 1400 1395 1384 1377 1371 1361 1357 1349 1344 1337 1332 1330 1326 1323 1326 1329 1330 1333 1336 1334 1340 1345 1344 1344 1345 1344 1346 1344 1345 1347 1346 1346 1347 1347 1348 1349 1349 1348 1350 -3.4e+38 -3.4e+38 -3.4e+38 -3.4e+38
1476 1476 1478 1478 1472 1477 1476 1475 1482 1485 1477 1477 1473 1481 1474 1463 1460 1452 1446 1442 1436 1436 1431 1419 1405 1399 1393 1383 1377 1374 1363 1357 1351 1347 1341 1339 1334 1332 1332 1332 1336 1339 1339 1339 1350 1351 1350 1350 1348 1349 1349 1348 1347 1348 1347 1350 1351 1352 1352 1354 1353 1352 -3.4e+38 -3.4e+38 -3.4e+38 -3.4e+38 -3.4e+38
1484 1483 1484 1485 1485 1483 1483 1486 1490 1489 1493 1493 1495 1492 1482 1472 1467 1460 1452 1448 1446 1442 1441 1425 1415 1406 1399 1393 1387 1378 1372 1366 1358 1356 1354 1349 1345 1343 1338 1341 1338 1340 1341 1348 1351 1353 1352 1349 1349 1350 1349 1350 1348 1350 1351 1353 1351 1355 1355 1356 1356 1358 1355 -3.4e+38 -3.4e+38 -3.4e+38 -3.4e+38
1489 1490 1492 1490 1489 1489 1489 1495 1502 1504 1506 1501 1499 1499 1491 1477 1469 1462 1462 1456 1457 1451 1447 1428 1420 1417 1406 1403 1395 1389 1381 1377 1371 1367 1360 1353 1352 1348 1344 1345 1344 1347 1345 1348 1351 1351 1351 1351 1351 1350 1349 1348 1350 1352 1354 1353 1354 1355 1358 1360 1360 1362 1361 -3.4e+38 -3.4e+38 -3.4e+38 -3.4e+38
1492 1492 1493 1493 1492 1497 1502 1505 1510 1513 1519 1513 1506 1502 1494 1487 1482 1469 1463 1468 1463 1457 1448 1436 1430 1421 1414 1407 1402 1396 1390 1385 1380 1373 1368 1364 1358 1354 1353 1348 1350 1348 1348 1352 1350 1346 1348 1350 1346 1348 1348 1350 1350 1351 1352 1354 1355 1358 1359 1363 1364 1362 1363 -3.4e+38 -3.4e+38 -3.4e+38 -3.4e+38
1498 1496 1495 1499 1503 1506 1509 1513 1514 1518 1521 1519 1511 1501 1496 1485 1480 1472 1465 1460 1457 1453 1449 1440 1433 1429 1423 1418 1411 1408 1401 1394 1386 1381 1373 1371 1365 1363 1359 1355 1355 1350 1350 1353 1353 1348 1343 1340 1339 1342 1343 1342 1346 1348 1351 1350 1354 1355 1356 1360 1365 1366 1363 1357 1356 1353 1343
1510 1500 1501 1505 1505 1510 1511 1515 1517 1522 1520 1517 1510 1504 1500 1489 1481 1475 1470 1464 1460 1455 1446 1440 1437 1433 1429 1423 1420 1412 1406 1403 1395 1387 1383 1378 1373 1369 1364 1360 1357 1352 1349 1349 1348 1348 1345 1339 1339 1337 1340 1342 1345 1350 1352 1355 1353 1355 1361 1364 1368 1368 1365 1367 1361 1358 1352
1516 1511 1506 1510 1513 1512 1514 1516 1518 1517 1518 1516 1511 1506 1500 1491 1484 1478 1473 1467 1463 1456 1448 1447 1441 1436 1433 1431 1427 1419 1413 1409 1403 1396 1390 1385 1380 1372 1365 1363 1357 1354 1348 1344 1344 1340 1342 1341 1340 1338 1340 1340 1347 1351 1353 1353 1357 1359 1362 1365 1369 1370 1368 1370 1362 1358 1353
1519 1517 1512 1510 1516 1514 1516 1518 1517 1519 1518 1513 1510 1506 1501 1493 1486 1481 1473 1467 1464 1457 1456 1450 1445 1441 1439 1434 1432 1426 1422 1415 1410 1403 1396 1391 1383 1377 1370 1366 1358 1353 1344 1338 1338 1336 1339 1341 1338 1339 1338 1342 1345 1350 1351 1355 1356 1360 1361 1365 1367 1366 1363 1366 1362 1358 1353
1521 1519 1519 1511 1516 1515 1517 1516 1519 1517 1514 1512 1510 1505 1499 1495 1489 1483 1475 1471 1466 1464 1458 1454 1448 1448 1441 1439 1435 1435 1429 1423 1416 1408 1402 1395 1390 1379 1375 1365 1358 1350 1342 1336 1330 1326 1331 1327 1329 1330 1331 1334 1342 1347 1353 1353 1357 1357 1360 1362 1363 1364 1362 1363 1361 1355 1352
1525 1523 1520 1516 1516 1516 1515 1516 1516 1514 1512 1507 1506 1504 1498 1492 1488 1483 1476 1474 1469 1464 1461 1456 1453 1451 1445 1443 1441 1439 1435 1428 1421 1411 1404 1401 1391 1382 1375 1366 1357 1347 1335 1327 1322 1319 1317 1320 1318 1319 1322 1328 1332 1336 1346 1349 1350 1357 1357 1359 1360 1360 1362 1359 1354 1351 1349
1526 1522 1519 1519 1514 1515 1516 1514 1515 1513 1511 1508 1504 1498 1494 1487 1484 1482 1476 1470 1465 1468 1461 1456 1454 1451 1450 1447 1445 1443 1437 1431 1425 1418 1409 1400 1393 1384 1375 1367 1357 1340 1328 1315 1309 1302 1301 1302 1306 1307 1312 1317 1324 1334 1340 1343 1346 1350 1352 1354 1355 1354 1356 1351 1350 1345 1345
1524 1518 1516 1517 1515 1513 1515 1514 1511 1510 1509 -3.4e+38 -3.4e+38 -3.4e+38 -3.4e+38 -3.4e+38 -3.4e+38 -3.4e+38 -3.4e+38 -3.4e+38 -3.4e+38 1462 1459 1455 1457 1452 1451 1449 1445 1444 1440 1433 1427 1418 1409 1399 1390 1380 1375 1365 1354 1330 1316 1300 1289 1283 1282 1283 1288 1293 1298 1307 1317 1329 1338 1340 1344 1344 1346 1351 1352 1354 1350 1345 1345 1342 1341
1519 1519 1512 1511 1510 1509 1509 1507 1506 1505 1503 -3.4e+38 -3.4e+38 -3.4e+38 -3.4e+38 -3.4e+38 -3.4e+38 -3.4e+38 -3.4e+38 -3.4e+38 -3.4e+38 -3.4e+38 -3.4e+38 1455 1454 1452 1451 1450 1445 1443 1439 1432 1428 1421 1411 1401 1390 1376 1366 1354 1335 1315 1294 1280 1266 1259 1258 1261 1269 1276 1285 1299 1312 1320 1329 1336 1340 1343 1344 1346 1344 1343 1344 1341 1339 1340 1337
1517 1513 1509 1506 1509 1508 1507 1502 1501 -3.4e+38 -3.4e+38 1495 -3.4e+38 -3.4e+38 -3.4e+38 -3.4e+38 -3.4e+38 -3.4e+38 -3.4e+38 -3.4e+38 -3.4e+38 -3.4e+38 -3.4e+38 -3.4e+38 -3.4e+38 1448 1450 1448 1443 1442 1439 1433 1427 1420 1409 1399 1385 1368 1354 1334 1310 1288 1267 1249 1236 1231 1232 1239 1247 1259 1275 1287 1300 1318 1323 1332 1339 1342 1340 1340 1341 1337 1342 1336 1337 1336 1332
1511 1509 1504 1503 1503 1501 1502 1501 1500 1498 1496 1493 -3.4e+38 -3.4e+38 -3.4e+38 -3.4e+38 -3.4e+38 -3.4e+38 -3.4e+38 -3.4e+38 -3.4e+38 -3.4e+38 -3.4e+38 -3.4e+38 -3.4e+38 -3.4e+38 -3.4e+38 1444 1440 1437 1435 1430 1423 1418 1407 1394 1378 1359 1337 1312 1284 1257 1234 1218 1205 1200 1204 1214 1226 1241 1261 1279 1299 1315 1323 1331 1332 1334 1332 1334 1338 1339 1337 1331 1331 1329 1328
1504 1501 1500 1500 1498 1498 1498 -3.4e+38 -3.4e+38 -3.4e+38 -3.4e+38 -3.4e+38 -3.4e+38 -3.4e+38 -3.4e+38 -3.4e+38 -3.4e+38 -3.4e+38 -3.4e+38 -3.4e+38 -3.4e+38 -3.4e+38 -3.4e+38 -3.4e+38 -3.4e+38 -3.4e+38 -3.4e+38 -3.4e+38 1436 1434 1431 1428 1422 1416 1403 1389 1372 1351 1321 1287 1254 1222 1194 1176 1167 1167 1171 1184 1204 1223 1246 1269 1291 1308 1318 1330 1335 1339 1331 1334 1332 1333 1330 1329 1328 1327 1326
1497 1495 1495 1493 1493 -3.4e+38 -3.4e+38 -3.4e+38 -3.4e+38 -3.4e+38 -3.4e+38 -3.4e+38 -3.4e+38 -3.4e+38 -3.4e+38 -3.4e+38 -3.4e+38 -3.4e+38 -3.4e+38 -3.4e+38 -3.4e+38 -3.4e+38 -3.4e+38 -3.4e+38 -3.4e+38 -3.4e+38 -3.4e+38 -3.4e+38 -3.4e+38 1427 1427 1422 1418 1410 1401 1386 1369 1340 1306 1260 1216 1178 1148 1130 1120 1125 1139 1159 1184 1208 1236 1263 1288 1310 1324 1329 1335 1333 1336 1333 1331 1329 1327 1326 1325 1322 1322
1488 1490 1490 -3.4e+38 -3.4e+38 -3.4e+38 -3.4e+38 -3.4e+38 -3.4e+38 -3.4e+38 -3.4e+38 -3.4e+38 -3.4e+38 -3.4e+38 -3.4e+38 -3.4e+38 -3.4e+38 -3.4e+38 -3.4e+38 -3.4e+38 -3.4e+38 -3.4e+38 -3.4e+38 -3.4e+38 -3.4e+38 -3.4e+38 -3.4e+38 -3.4e+38 -3.4e+38 -3.4e+38 1417 1417 1412 1407 1401 1388 1365 1333 1286 1235 1180 1128 1091 1072 1067 1078 1100 1127 1158 1190 1222 1253 1283 1308 1320 1329 1331 1334 1331 1329 1325 1323 1322 1322 1319 1319 1317
1484 -3.4e+38 -3.4e+38 -3.4e+38 -3.4e+38 -3.4e+38 -3.4e+38 -3.4e+38 -3.4e+38 -3.4e+38 -3.4e+38 -3.4e+38 -3.4e+38 -3.4e+38 -3.4e+38 -3.4e+38 -3.4e+38 -3.4e+38 -3.4e+38 -3.4e+38 -3.4e+38 -3.4e+38 -3.4e+38 -3.4e+38 -3.4e+38 -3.4e+38 -3.4e+38 -3.4e+38 -3.4e+38 -3.4e+38 1411 1411 1403 1399 1396 1386 1369 1332 1274 1209 1137 1071 1025 1004 1007 1028 1058 1094 1135 1174 1211 1244 1275 1299 1316 1325 1330 1332 1330 1329 1322 1317 1317 1313 1318 1317 1317
