Demos/Rbased/CrashCourse/data/climate_processing/PresentLayers/bio14.asc
NCOLS 182 
NROWS 155 
XLLCORNER -87.625 
YLLCORNER 24.5416666666667 
CELLSIZE 0.0416666666666666 
NODATA_value -3.4e+38 
[rows 0 to 30 of 155, columns 0 to 69 of 182]
-339999999999999996123846586046231871488.000000000000000 81 81 82 82 81 81 81 80 80 80 81 82 82 82 82 82 83 83 83 83 83 84 84 84 84 84 85 85 85 84 84 84 83 83 83 82 82 81 81 81 80 80 79 79 78 78 77 76 75 74 74 73 72 71 70 70 69 69 68 68 67 66 -3.4e+38 -3.4e+38 -3.4e+38 -3.4e+38 -3.4e+38 -3.4e+38 -3.4e+38
-3.4e+38 82 82 83 83 83 83 82 82 82 83 83 83 83 83 83 83 84 84 84 85 85 85 85 85 85 86 86 86 85 85 85 85 85 84 84 83 83 82 82 82 81 80 80 79 79 78 77 77 76 75 74 74 73 72 71 71 70 70 69 69 68 67 -3.4e+38 -3.4e+38 -3.4e+38 -3.4e+38 -3.4e+38 -3.4e+38 -3.4e+38
82 83 83 84 84 84 84 83 83 84 85 84 84 84 85 84 84 85 85 86 86 86 86 87 87 86 87 87 87 86 86 86 86 86 85 85 85 84 84 82 82 81 81 80 80 79 79 78 77 76 76 75 74 74 73 72 71 71 70 70 70 69 68 68 -3.4e+38 -3.4e+38 -3.4e+38 -3.4e+38 -3.4e+38 -3.4e+38
83 84 85 85 85 85 85 84 85 86 86 86 85 85 85 85 86 86 87 87 88 88 88 89 88 88 89 88 88 87 87 87 87 86 86 86 85 85 84 84 83 82 81 81 80 80 79 79 78 77 76 76 75 74 74 73 72 72 71 71 70 70 69 69 68 -3.4e+38 -3.4e+38 -3.4e+38 -3.4e+38 -3.4e+38
-3.4e+38 85 86 86 86 86 86 86 86 87 87 88 87 86 86 87 87 87 88 89 89 90 90 90 90 90 90 89 89 89 88 88 88 87 87 86 86 85 85 84 83 83 82 82 81 81 80 79 78 78 77 76 76 75 75 74 74 73 72 72 71 71 71 70 69 -3.4e+38 -3.4e+38 -3.4e+38 -3.4e+38 -3.4e+38
-3.4e+38 -3.4e+38 87 87 88 88 88 87 88 89 89 89 89 88 87 88 89 89 90 90 91 91 91 90 89 90 89 90 90 90 90 89 89 88 87 87 86 86 85 85 84 84 83 82 82 81 81 80 79 79 78 77 77 76 76 75 75 74 74 73 73 72 72 71 71 -3.4e+38 -3.4e+38 -3.4e+38 -3.4e+38 -3.4e+38
-3.4e+38 -3.4e+38 -3.4e+38 88 89 90 90 89 89 90 90 90 90 89 89 89 90 90 91 90 90 90 89 88 88 88 88 88 89 89 90 91 90 89 89 88 87 87 86 85 85 84 84 83 83 82 81 80 80 79 79 79 78 77 77 76 76 75 74 74 74 74 73 73 73 72 -3.4e+38 -3.4e+38 -3.4e+38 -3.4e+38
-3.4e+38 -3.4e+38 -3.4e+38 -3.4e+38 -3.4e+38 91 92 91 91 91 92 91 91 91 90 90 90 90 89 89 88 87 86 86 85 85 86 86 87 88 89 90 90 90 89 88 88 88 88 87 86 85 84 84 83 83 82 81 81 80 80 80 79 78 77 77 76 76 76 75 75 75 74 74 73 73 73 73 73 73
-3.4e+38 -3.4e+38 -3.4e+38 -3.4e+38 -3.4e+38 -3.4e+38 93 93 92 92 93 93 93 92 90 90 89 89 87 86 85 85 84 84 85 85 85 86 86 87 87 88 89 90 90 89 89 89 88 87 87 86 85 85 84 83 83 82 82 81 81 80 80 80 79 79 78 78 77 76 76 76 76 75 75 74 74 74 74 74
-3.4e+38 -3.4e+38 -3.4e+38 -3.4e+38 -3.4e+38 92 92 92 91 91 91 92 91 90 88 88 87 86 85 85 84 84 83 83 83 83 83 83 84 85 86 87 88 88 89 90 90 89 89 88 88 87 86 85 85 84 84 84 83 83 82 82 82 81 81 80 79 79 78 78 78 77 77 76 76 76 76 76 75 75
-3.4e+38 -3.4e+38 -3.4e+38 -3.4e+38 -3.4e+38 90 89 89 90 89 89 -3.4e+38 89 88 87 86 85 85 84 84 83 82 81 81 81 80 80 81 82 83 84 86 87 87 88 89 90 90 90 89 89 88 87 87 87 86 85 85 84 84 83 83 82 81 81 81 80 80 79 79 79 78 78 77 78 78 77 77 76 76
-3.4e+38 -3.4e+38 -3.4e+38 -3.4e+38 89 87 86 86 88 89 89 -3.4e+38 -3.4e+38 87 -3.4e+38 85 85 84 83 82 81 80 79 79 79 78 78 79 80 81 83 84 85 86 87 88 89 89 90 90 89 88 88 88 87 87 86 85 84 84 83 83 83 82 82 82 81 81 80 80 80 79 79 79 79 79 78 78 77 77
-3.4e+38 -3.4e+38 -3.4e+38 -3.4e+38 -3.4e+38 85 83 84 86 88 89 -3.4e+38 -3.4e+38 86 -3.4e+38 -3.4e+38 83 82 81 80 79 78 77 76 76 76 76 -3.4e+38 79 80 82 83 -3.4e+38 85 86 87 88 88 89 89 90 89 89 89 88 88 87 86 86 85 84 84 84 83 83 83 82 82 81 81 81 81 80 80 80 80 79 79 78 78
-3.4e+38 -3.4e+38 -3.4e+38 -3.4e+38 -3.4e+38 -3.4e+38 -3.4e+38 83 85 86 87 -3.4e+38 -3.4e+38 -3.4e+38 -3.4e+38 -3.4e+38 82 81 80 78 77 76 75 75 75 75 -3.4e+38 -3.4e+38 -3.4e+38 -3.4e+38 -3.4e+38 -3.4e+38 -3.4e+38 -3.4e+38 -3.4e+38 86 87 88 88 89 89 90 90 90 89 89 88 87 86 86 85 85 84 84 84 84 84 83 83 82 81 80 80 81 81 81 80 80 79 79
-3.4e+38 -3.4e+38 -3.4e+38 -3.4e+38 -3.4e+38 85 84 84 84 -3.4e+38 -3.4e+38 -3.4e+38 -3.4e+38 83 83 82 -3.4e+38 -3.4e+38 -3.4e+38 -3.4e+38 -3.4e+38 75 74 -3.4e+38 74 -3.4e+38 -3.4e+38 76 77 78 -3.4e+38 81 82 83 -3.4e+38 -3.4e+38 86 87 88 88 89 90 91 90 90 89 89 88 88 87 86 86 85 85 85 85 85 85 83 82 80 80 80 81 81 82 81 80 80 79
-3.4e+38 -3.4e+38 -3.4e+38 -3.4e+38 -3.4e+38 85 85 84 84 -3.4e+38 84 -3.4e+38 -3.4e+38 -3.4e+38 82 -3.4e+38 -3.4e+38 -3.4e+38 -3.4e+38 -3.4e+38 -3.4e+38 -3.4e+38 -3.4e+38 -3.4e+38 -3.4e+38 -3.4e+38 -3.4e+38 -3.4e+38 -3.4e+38 -3.4e+38 -3.4e+38 -3.4e+38 -3.4e+38 83 84 85 86 87 88 89 89 90 91 91 91 90 89 89 88 88 87 87 86 86 86 86 86 85 83 82 81 81 81 81 81 81 81 81 80 80
-3.4e+38 -3.4e+38 -3.4e+38 87 -3.4e+38 -3.4e+38 85 -3.4e+38 -3.4e+38 -3.4e+38 -3.4e+38 -3.4e+38 -3.4e+38 -3.4e+38 -3.4e+38 -3.4e+38 -3.4e+38 -3.4e+38 -3.4e+38 -3.4e+38 -3.4e+38 -3.4e+38 -3.4e+38 -3.4e+38 -3.4e+38 -3.4e+38 -3.4e+38 -3.4e+38 -3.4e+38 -3.4e+38 -3.4e+38 -3.4e+38 -3.4e+38 -3.4e+38 -3.4e+38 -3.4e+38 85 86 87 88 89 89 90 90 91 91 90 90 89 89 88 88 88 88 88 87 86 85 84 83 82 81 81 81 81 82 82 82 81 81
-3.4e+38 -3.4e+38 -3.4e+38 -3.4e+38 -3.4e+38 -3.4e+38 -3.4e+38 -3.4e+38 -3.4e+38 -3.4e+38 -3.4e+38 -3.4e+38 -3.4e+38 -3.4e+38 -3.4e+38 -3.4e+38 -3.4e+38 -3.4e+38 -3.4e+38 -3.4e+38 -3.4e+38 -3.4e+38 -3.4e+38 -3.4e+38 -3.4e+38 -3.4e+38 -3.4e+38 -3.4e+38 -3.4e+38 -3.4e+38 -3.4e+38 -3.4e+38 -3.4e+38 -3.4e+38 -3.4e+38 -3.4e+38 -3.4e+38 -3.4e+38 -3.4e+38 87 87 87 88 -3.4e+38 -3.4e+38 90 90 90 90 90 89 89 89 88 88 87 86 85 85 84 83 82 82 82 82 82 82 82 81 81
-3.4e+38 -3.4e+38 -3.4e+38 -3.4e+38 -3.4e+38 -3.4e+38 -3.4e+38 -3.4e+38 -3.4e+38 -3.4e+38 -3.4e+38 -3.4e+38 -3.4e+38 -3.4e+38 -3.4e+38 -3.4e+38 -3.4e+38 -3.4e+38 -3.4e+38 -3.4e+38 -3.4e+38 -3.4e+38 -3.4e+38 -3.4e+38 -3.4e+38 -3.4e+38 -3.4e+38 -3.4e+38 -3.4e+38 -3.4e+38 -3.4e+38 -3.4e+38 -3.4e+38 -3.4e+38 -3.4e+38 -3.4e+38 -3.4e+38 -3.4e+38 -3.4e+38 -3.4e+38 -3.4e+38 86 86 86 86 -3.4e+38 -3.4e+38 88 87 87 88 88 88 88 87 87 87 86 85 84 83 83 82 82 82 82 82 82 82 81
-3.4e+38 -3.4e+38 -3.4e+38 -3.4e+38 -3.4e+38 -3.4e+38 -3.4e+38 -3.4e+38 -3.4e+38 -3.4e+38 -3.4e+38 -3.4e+38 -3.4e+38 -3.4e+38 -3.4e+38 -3.4e+38 -3.4e+38 -3.4e+38 -3.4e+38 -3.4e+38 -3.4e+38 -3.4e+38 -3.4e+38 -3.4e+38 -3.4e+38 -3.4e+38 -3.4e+38 -3.4e+38 -3.4e+38 -3.4e+38 -3.4e+38 -3.4e+38 -3.4e+38 -3.4e+38 -3.4e+38 -3.4e+38 -3.4e+38 -3.4e+38 -3.4e+38 -3.4e+38 -3.4e+38 -3.4e+38 -3.4e+38 84 84 -3.4e+38 85 84 83 83 84 85 87 87 87 87 87 86 85 85 84 83 83 83 82 82 82 82 82 82
-3.4e+38 -3.4e+38 -3.4e+38 -3.4e+38 -3.4e+38 -3.4e+38 -3.4e+38 -3.4e+38 -3.4e+38 -3.4e+38 -3.4e+38 -3.4e+38 -3.4e+38 -3.4e+38 -3.4e+38 -3.4e+38 -3.4e+38 -3.4e+38 -3.4e+38 -3.4e+38 -3.4e+38 -3.4e+38 -3.4e+38 -3.4e+38 -3.4e+38 -3.4e+38 -3.4e+38 -3.4e+38 -3.4e+38 -3.4e+38 -3.4e+38 -3.4e+38 -3.4e+38 -3.4e+38 -3.4e+38 -3.4e+38 -3.4e+38 -3.4e+38 -3.4e+38 -3.4e+38 -3.4e+38 -3.4e+38 -3.4e+38 -3.4e+38 -3.4e+38 81 -3.4e+38 80 79 78 80 81 83 85 87 87 87 87 86 85 85 84 83 83 82 82 82 82 82 82
-3.4e+38 -3.4e+38 -3.4e+38 -3.4e+38 -3.4e+38 -3.4e+38 -3.4e+38 -3.4e+38 -3.4e+38 -3.4e+38 -3.4e+38 -3.4e+38 -3.4e+38 -3.4e+38 -3.4e+38 -3.4e+38 -3.4e+38 -3.4e+38 -3.4e+38 -3.4e+38 -3.4e+38 -3.4e+38 -3.4e+38 -3.4e+38 -3.4e+38 -3.4e+38 -3.4e+38 -3.4e+38 -3.4e+38 -3.4e+38 -3.4e+38 -3.4e+38 -3.4e+38 -3.4e+38 -3.4e+38 -3.4e+38 -3.4e+38 -3.4e+38 -3.4e+38 -3.4e+38 -3.4e+38 -3.4e+38 -3.4e+38 -3.4e+38 -3.4e+38 -3.4e+38 -3.4e+38 76 -3.4e+38 -3.4e+38 76 78 80 82 85 86 87 87 87 86 85 84 83 83 83 82 82 82 81 81
-3.4e+38 -3.4e+38 -3.4e+38 -3.4e+38 -3.4e+38 -3.4e+38 -3.4e+38 -3.4e+38 -3.4e+38 -3.4e+38 -3.4e+38 -3.4e+38 -3.4e+38 -3.4e+38 -3.4e+38 -3.4e+38 -3.4e+38 -3.4e+38 -3.4e+38 -3.4e+38 -3.4e+38 -3.4e+38 -3.4e+38 -3.4e+38 -3.4e+38 -3.4e+38 -3.4e+38 -3.4e+38 -3.4e+38 -3.4e+38 -3.4e+38 -3.4e+38 -3.4e+38 -3.4e+38 -3.4e+38 -3.4e+38 -3.4e+38 -3.4e+38 -3.4e+38 -3.4e+38 -3.4e+38 -3.4e+38 -3.4e+38 -3.4e+38 -3.4e+38 -3.4e+38 -3.4e+38 -3.4e+38 70 70 -3.4e+38 75 -3.4e+38 79 82 84 86 86 86 86 85 84 83 83 82 82 82 82 81 81
-3.4e+38 -3.4e+38 -3.4e+38 -3.4e+38 -3.4e+38 -3.4e+38 -3.4e+38 -3.4e+38 -3.4e+38 -3.4e+38 -3.4e+38 -3.4e+38 -3.4e+38 -3.4e+38 -3.4e+38 -3.4e+38 -3.4e+38 -3.4e+38 -3.4e+38 -3.4e+38 -3.4e+38 -3.4e+38 -3.4e+38 -3.4e+38 -3.4e+38 -3.4e+38 -3.4e+38 -3.4e+38 -3.4e+38 -3.4e+38 -3.4e+38 -3.4e+38 -3.4e+38 -3.4e+38 -3.4e+38 -3.4e+38 -3.4e+38 -3.4e+38 -3.4e+38 -3.4e+38 -3.4e+38 -3.4e+38 -3.4e+38 -3.4e+38 -3.4e+38 -3.4e+38 -3.4e+38 -3.4e+38 -3.4e+38 -3.4e+38 71 72 -3.4e+38 77 79 81 83 84 85 85 85 84 83 83 82 82 82 81 81 81
-3.4e+38 -3.4e+38 -3.4e+38 -3.4e+38 -3.4e+38 -3.4e+38 -3.4e+38 -3.4e+38 -3.4e+38 -3.4e+38 -3.4e+38 -3.4e+38 -3.4e+38 -3.4e+38 -3.4e+38 -3.4e+38 -3.4e+38 -3.4e+38 -3.4e+38 -3.4e+38 -3.4e+38 -3.4e+38 -3.4e+38 -3.4e+38 -3.4e+38 -3.4e+38 -3.4e+38 -3.4e+38 -3.4e+38 -3.4e+38 -3.4e+38 -3.4e+38 -3.4e+38 -3.4e+38 -3.4e+38 -3.4e+38 -3.4e+38 -3.4e+38 -3.4e+38 -3.4e+38 -3.4e+38 -3.4e+38 -3.4e+38 -3.4e+38 -3.4e+38 -3.4e+38 -3.4e+38 -3.4e+38 -3.4e+38 -3.4e+38 -3.4e+38 71 73 75 77 78 80 81 83 84 84 84 83 83 82 82 82 81 81 81
-3.4e+38 -3.4e+38 -3.4e+38 -3.4e+38 -3.4e+38 -3.4e+38 -3.4e+38 -3.4e+38 -3.4e+38 -3.4e+38 -3.4e+38 -3.4e+38 -3.4e+38 -3.4e+38 -3.4e+38 -3.4e+38 -3.4e+38 -3.4e+38 -3.4e+38 -3.4e+38 -3.4e+38 -3.4e+38 -3.4e+38 -3.4e+38 -3.4e+38 -3.4e+38 -3.4e+38 -3.4e+38 -3.4e+38 -3.4e+38 -3.4e+38 -3.4e+38 -3.4e+38 -3.4e+38 -3.4e+38 -3.4e+38 -3.4e+38 -3.4e+38 -3.4e+38 -3.4e+38 -3.4e+38 -3.4e+38 -3.4e+38 -3.4e+38 -3.4e+38 -3.4e+38 -3.4e+38 -3.4e+38 -3.4e+38 -3.4e+38 -3.4e+38 -3.4e+38 -3.4e+38 73 75 76 78 79 80 81 82 82 83 82 82 82 81 81 81 80
-3.4e+38 -3.4e+38 -3.4e+38 -3.4e+38 -3.4e+38 -3.4e+38 -3.4e+38 -3.4e+38 -3.4e+38 -3.4e+38 -3.4e+38 -3.4e+38 -3.4e+38 -3.4e+38 -3.4e+38 -3.4e+38 -3.4e+38 -3.4e+38 -3.4e+38 -3.4e+38 -3.4e+38 -3.4e+38 -3.4e+38 -3.4e+38 -3.4e+38 -3.4e+38 -3.4e+38 -3.4e+38 -3.4e+38 -3.4e+38 -3.4e+38 -3.4e+38 -3.4e+38 -3.4e+38 -3.4e+38 -3.4e+38 -3.4e+38 -3.4e+38 -3.4e+38 -3.4e+38 -3.4e+38 -3.4e+38 -3.4e+38 -3.4e+38 -3.4e+38 -3.4e+38 -3.4e+38 -3.4e+38 -3.4e+38 -3.4e+38 -3.4e+38 -3.4e+38 -3.4e+38 -3.4e+38 73 74 75 76 77 78 79 80 81 81 82 81 81 81 80 80
-3.4e+38 -3.4e+38 -3.4e+38 -3.4e+38 -3.4e+38 -3.4e+38 -3.4e+38 -3.4e+38 -3.4e+38 -3.4e+38 -3.4e+38 -3.4e+38 -3.4e+38 -3.4e+38 -3.4e+38 -3.4e+38 -3.4e+38 -3.4e+38 -3.4e+38 -3.4e+38 -3.4e+38 -3.4e+38 -3.4e+38 -3.4e+38 -3.4e+38 -3.4e+38 -3.4e+38 -3.4e+38 -3.4e+38 -3.4e+38 -3.4e+38 -3.4e+38 -3.4e+38 -3.4e+38 -3.4e+38 -3.4e+38 -3.4e+38 -3.4e+38 -3.4e+38 -3.4e+38 -3.4e+38 -3.4e+38 -3.4e+38 -3.4e+38 -3.4e+38 -3.4e+38 -3.4e+38 -3.4e+38 -3.4e+38 -3.4e+38 -3.4e+38 -3.4e+38 -3.4e+38 -3.4e+38 -3.4e+38 72 73 74 75 75 76 77 78 79 80 81 81 80 80 80
-3.4e+38 -3.4e+38 -3.4e+38 -3.4e+38 -3.4e+38 -3.4e+38 -3.4e+38 -3.4e+38 -3.4e+38 -3.4e+38 -3.4e+38 -3.4e+38 -3.4e+38 -3.4e+38 -3.4e+38 -3.4e+38 -3.4e+38 -3.4e+38 -3.4e+38 -3.4e+38 -3.4e+38 -3.4e+38 -3.4e+38 -3.4e+38 -3.4e+38 -3.4e+38 -3.4e+38 -3.4e+38 -3.4e+38 -3.4e+38 -3.4e+38 -3.4e+38 -3.4e+38 -3.4e+38 -3.4e+38 -3.4e+38 -3.4e+38 -3.4e+38 -3.4e+38 -3.4e+38 -3.4e+38 -3.4e+38 -3.4e+38 -3.4e+38 -3.4e+38 -3.4e+38 -3.4e+38 -3.4e+38 -3.4e+38 -3.4e+38 -3.4e+38 -3.4e+38 -3.4e+38 -3.4e+38 -3.4e+38 -3.4e+38 71 72 73 73 74 74 75 76 78 79 -3.4e+38 80 80 79
-3.4e+38 -3.4e+38 -3.4e+38 -3.4e+38 -3.4e+38 -3.4e+38 -3.4e+38 -3.4e+38 -3.4e+38 -3.4e+38 -3.4e+38 -3.4e+38 -3.4e+38 -3.4e+38 -3.4e+38 -3.4e+38 -3.4e+38 -3.4e+38 -3.4e+38 -3.4e+38 -3.4e+38 -3.4e+38 -3.4e+38 -3.4e+38 -3.4e+38 -3.4e+38 -3.4e+38 -3.4e+38 -3.4e+38 -3.4e+38 -3.4e+38 -3.4e+38 -3.4e+38 -3.4e+38 -3.4e+38 -3.4e+38 -3.4e+38 -3.4e+38 -3.4e+38 -3.4e+38 -3.4e+38 -3.4e+38 -3.4e+38 -3.4e+38 -3.4e+38 -3.4e+38 -3.4e+38 -3.4e+38 -3.4e+38 -3.4e+38 -3.4e+38 -3.4e+38 -3.4e+38 -3.4e+38 -3.4e+38 -3.4e+38 70 70 71 71 72 72 73 74 75 -3.4e+38 78 80 -3.4e+38 -3.4e+38
-3.4e+38 -3.4e+38 -3.4e+38 -3.4e+38 -3.4e+38 -3.4e+38 -3.4e+38 -3.4e+38 -3.4e+38 -3.4e+38 -3.4e+38 -3.4e+38 -3.4e+38 -3.4e+38 -3.4e+38 -3.4e+38 -3.4e+38 -3.4e+38 -3.4e+38 -3.4e+38 -3.4e+38 -3.4e+38 -3.4e+38 -3.4e+38 -3.4e+38 -3.4e+38 -3.4e+38 -3.4e+38 -3.4e+38 -3.4e+38 -3.4e+38 -3.4e+38 -3.4e+38 -3.4e+38 -3.4e+38 -3.4e+38 -3.4e+38 -3.4e+38 -3.4e+38 -3.4e+38 -3.4e+38 -3.4e+38 -3.4e+38 -3.4e+38 -3.4e+38 -3.4e+38 -3.4e+38 -3.4e+38 -3.4e+38 -3.4e+38 -3.4e+38 -3.4e+38 -3.4e+38 -3.4e+38 -3.4e+38 -3.4e+38 68 69 69 70 70 70 71 -3.4e+38 -3.4e+38 76 -3.4e+38 -3.4e+38 -3.4e+38 -3.4e+38
