Demos/Rbased/CrashCourse/data/climate_processing/PresentLayers/bio12.asc
NCOLS 182 
NROWS 155 
XLLCORNER -87.625 
YLLCORNER 24.5416666666667 
CELLSIZE 0.0416666666666666 
NODATA_value -3.4e+38 
[rows 0 to 29 of 155, columns 0 to 66 of 182]
-339999999999999996123846586046231871488.000000000000000 1635 1627 1626 1625 1623 1617 1617 1605 1600 1605 1620 1620 1620 1614 1605 1599 1602 1593 1585 1577 1568 1568 1568 1565 1556 1557 1559 1561 1560 1558 1559 1556 1550 1539 1535 1529 1517 1508 1500 1491 1479 1467 1455 1451 1443 1435 1430 1421 1421 1412 1409 1405 1403 1400 1396 1398 1394 1397 1398 1397 1390 1387 -3.4e+38 -3.4e+38 -3.4e+38 -3.4e+38
-3.4e+38 1632 1628 1629 1624 1625 1623 1614 1604 1609 1625 1626 1619 1620 1616 1602 1596 1595 1590 1584 1579 1567 1567 1564 1560 1554 1560 1564 1561 1560 1560 1562 1562 1562 1553 1552 1544 1533 1526 1514 1504 1491 1475 1467 1461 1453 1444 1439 1436 1429 1422 1419 1416 1415 1411 1408 1407 1404 1406 1404 1403 1397 1395 -3.4e+38 -3.4e+38 -3.4e+38 -3.4e+38
1631 1632 1628 1628 1625 1619 1616 1606 1604 1625 1629 1625 1614 1619 1616 1600 1592 1586 1588 1582 1578 1566 1567 1567 1559 1553 1559 1563 1561 1563 1560 1566 1567 1568 1564 1565 1563 1557 1546 1525 1511 1499 1490 1481 1473 1462 1456 1451 1444 1436 1435 1431 1427 1425 1422 1419 1412 1413 1413 1414 1413 1406 1401 1399 -3.4e+38 -3.4e+38 -3.4e+38
1626 1625 1626 1625 1624 1615 1616 1600 1605 1623 1627 1628 1616 1612 1605 1598 1591 1586 1581 1581 1578 1564 1567 1567 1552 1557 1563 1556 1557 1558 1564 1568 1571 1571 1574 1577 1575 1567 1554 1544 1531 1513 1501 1493 1482 1476 1469 1465 1454 1448 1442 1440 1436 1434 1430 1424 1424 1423 1419 1421 1416 1414 1407 1406 1401 -3.4e+38 -3.4e+38
-3.4e+38 1620 1627 1621 1617 1609 1604 1593 1603 1619 1626 1631 1624 1604 1597 1597 1591 1577 1582 1574 1567 1567 1571 1559 1556 1562 1562 1554 1560 1561 1565 1568 1572 1579 1581 1588 1583 1573 1568 1553 1535 1522 1510 1502 1497 1490 1483 1475 1463 1456 1452 1450 1449 1446 1445 1440 1439 1433 1430 1426 1425 1423 1417 1414 1407 -3.4e+38 -3.4e+38
-3.4e+38 -3.4e+38 1615 1612 1606 1610 1600 1589 1594 1613 1621 1625 1622 1609 1593 1587 1587 1575 1575 1568 1562 1570 1567 1554 1551 1561 1550 1554 1558 1561 1566 1576 1578 1583 1588 1598 1595 1586 1573 1563 1543 1534 1521 1512 1507 1499 1494 1485 1476 1472 1467 1463 1462 1458 1456 1455 1452 1444 1443 1440 1436 1429 1427 1420 1415 -3.4e+38 -3.4e+38
-3.4e+38 -3.4e+38 -3.4e+38 1598 1596 1599 1602 1586 1585 1602 1612 1609 1611 1599 1594 1575 1579 1565 1566 1560 1564 1564 1556 1545 1548 1552 1545 1554 1558 1564 1572 1580 1582 1587 1597 1603 1604 1597 1582 1564 1552 1541 1530 1519 1517 1508 1502 1494 1487 1485 1486 1481 1474 1470 1466 1460 1456 1453 1446 1448 1443 1441 1435 1436 1434 1419 -3.4e+38
-3.4e+38 -3.4e+38 -3.4e+38 -3.4e+38 -3.4e+38 1584 1589 1581 1573 1583 1600 1596 1595 1593 1581 1565 1564 1562 1565 1563 1557 1550 1542 1540 1536 1537 1541 1544 1550 1558 1566 1575 1579 1580 1585 1594 1598 1596 1591 1578 1558 1545 1537 1530 1525 1520 1510 1501 1499 1493 1498 1495 1488 1484 1476 1470 1464 1460 1457 1453 1449 1450 1445 1440 1437 1428 1427
-3.4e+38 -3.4e+38 -3.4e+38 -3.4e+38 -3.4e+38 -3.4e+38 1574 1573 1561 1568 1582 1586 1583 1580 1564 1567 1568 1567 1557 1547 1544 1543 1541 1539 1546 1546 1545 1549 1552 1558 1558 1569 1574 1582 1582 1586 1593 1590 1580 1573 1561 1550 1546 1536 1532 1524 1517 1516 1512 1508 1509 1503 1506 1507 1497 1491 1485 1483 1464 1458 1460 1458 1459 1451 1445 1439 1443
-3.4e+38 -3.4e+38 -3.4e+38 -3.4e+38 -3.4e+38 1554 1561 1563 1556 1555 1562 1571 1574 1562 1554 1558 1558 1548 1545 1549 1548 1549 1545 1544 1541 1538 1534 1537 1543 1546 1551 1561 1571 1569 1575 1578 1590 1584 1578 1571 1566 1554 1550 1544 1539 1533 1534 1539 1534 1531 1526 1527 1526 1518 1518 1511 1500 1497 1477 1476 1477 1469 1460 1454 1450 1458 1465
-3.4e+38 -3.4e+38 -3.4e+38 -3.4e+38 -3.4e+38 1544 1544 1546 1552 1549 1545 -3.4e+38 1559 1554 1552 1543 1544 1547 1547 1551 1547 1542 1539 1535 1531 1524 1518 1525 1533 1534 1547 1553 1559 1564 1567 1575 1577 1582 1581 1575 1570 1559 1557 1560 1560 1553 1545 1543 1541 1540 1539 1541 1534 1527 1524 1515 1504 1496 1482 1485 1482 1473 1466 1459 1471 1475 1472
-3.4e+38 -3.4e+38 -3.4e+38 -3.4e+38 1530 1528 1522 1528 1541 1550 1554 -3.4e+38 -3.4e+38 1544 -3.4e+38 1543 1549 1548 1547 1545 1542 1536 1531 1527 1523 1515 1506 1510 1519 1523 1536 1543 1549 1555 1561 1567 1568 1569 1574 1575 1566 1561 1558 1560 1559 1557 1552 1549 1543 1542 1543 1541 1545 1541 1535 1530 1515 1506 1496 1489 1486 1479 1471 1475 1479 1482 1477
-3.4e+38 -3.4e+38 -3.4e+38 -3.4e+38 -3.4e+38 1507 1501 1513 1528 1542 1552 -3.4e+38 -3.4e+38 1538 -3.4e+38 -3.4e+38 1540 1540 1542 1539 1532 1528 1522 1520 1510 1503 1497 -3.4e+38 1510 1520 1531 1540 -3.4e+38 1547 1550 1556 1563 1565 1567 1565 1563 1559 1564 1565 1566 1564 1562 1555 1553 1553 1552 1554 1556 1549 1546 1539 1526 1517 1504 1496 1490 1483 1477 1485 1489 1488 1485
-3.4e+38 -3.4e+38 -3.4e+38 -3.4e+38 -3.4e+38 -3.4e+38 -3.4e+38 1503 1517 1529 1536 -3.4e+38 -3.4e+38 -3.4e+38 -3.4e+38 -3.4e+38 1530 1528 1530 1526 1523 1521 1519 1514 1504 1499 -3.4e+38 -3.4e+38 -3.4e+38 -3.4e+38 -3.4e+38 -3.4e+38 -3.4e+38 -3.4e+38 -3.4e+38 1551 1554 1561 1560 1563 1562 1564 1564 1567 1568 1570 1564 1561 1559 1555 1559 1562 1564 1560 1551 1545 1536 1525 1512 1504 1496 1487 1483 1492 1493 1491 1490
-3.4e+38 -3.4e+38 -3.4e+38 -3.4e+38 -3.4e+38 1498 1495 1498 1503 -3.4e+38 -3.4e+38 -3.4e+38 -3.4e+38 1527 1527 1528 -3.4e+38 -3.4e+38 -3.4e+38 -3.4e+38 -3.4e+38 1516 1513 -3.4e+38 1504 -3.4e+38 -3.4e+38 1498 1504 1509 -3.4e+38 1524 1531 1534 -3.4e+38 -3.4e+38 1550 1555 1558 1558 1559 1565 1569 1569 1572 1569 1568 1566 1566 1562 1562 1564 1563 1563 1559 1551 1542 1536 1521 1511 1503 1495 1494 1501 1500 1501 1496
-3.4e+38 -3.4e+38 -3.4e+38 -3.4e+38 -3.4e+38 1496 1495 1495 1498 -3.4e+38 1515 -3.4e+38 -3.4e+38 -3.4e+38 1520 -3.4e+38 -3.4e+38 -3.4e+38 -3.4e+38 -3.4e+38 -3.4e+38 -3.4e+38 -3.4e+38 -3.4e+38 -3.4e+38 -3.4e+38 -3.4e+38 -3.4e+38 -3.4e+38 -3.4e+38 -3.4e+38 -3.4e+38 -3.4e+38 1536 1541 1545 1548 1554 1557 1561 1561 1566 1566 1568 1569 1569 1568 1569 1563 1559 1564 1564 1563 1560 1557 1552 1548 1541 1531 1522 1516 1507 1505 1509 1508 1504 1502
-3.4e+38 -3.4e+38 -3.4e+38 1502 -3.4e+38 -3.4e+38 1495 -3.4e+38 -3.4e+38 -3.4e+38 -3.4e+38 -3.4e+38 -3.4e+38 -3.4e+38 -3.4e+38 -3.4e+38 -3.4e+38 -3.4e+38 -3.4e+38 -3.4e+38 -3.4e+38 -3.4e+38 -3.4e+38 -3.4e+38 -3.4e+38 -3.4e+38 -3.4e+38 -3.4e+38 -3.4e+38 -3.4e+38 -3.4e+38 -3.4e+38 -3.4e+38 -3.4e+38 -3.4e+38 -3.4e+38 1546 1548 1553 1554 1558 1558 1562 1564 1564 1568 1571 1568 1561 1559 1558 1560 1561 1565 1564 1562 1558 1552 1547 1537 1531 1523 1517 1517 1513 1514 1512
-3.4e+38 -3.4e+38 -3.4e+38 -3.4e+38 -3.4e+38 -3.4e+38 -3.4e+38 -3.4e+38 -3.4e+38 -3.4e+38 -3.4e+38 -3.4e+38 -3.4e+38 -3.4e+38 -3.4e+38 -3.4e+38 -3.4e+38 -3.4e+38 -3.4e+38 -3.4e+38 -3.4e+38 -3.4e+38 -3.4e+38 -3.4e+38 -3.4e+38 -3.4e+38 -3.4e+38 -3.4e+38 -3.4e+38 -3.4e+38 -3.4e+38 -3.4e+38 -3.4e+38 -3.4e+38 -3.4e+38 -3.4e+38 -3.4e+38 -3.4e+38 -3.4e+38 1552 1555 1555 1556 -3.4e+38 -3.4e+38 1570 1570 1565 1559 1557 1555 1557 1560 1562 1567 1568 1569 1564 1562 1553 1543 1536 1531 1527 1524 1520 1517
-3.4e+38 -3.4e+38 -3.4e+38 -3.4e+38 -3.4e+38 -3.4e+38 -3.4e+38 -3.4e+38 -3.4e+38 -3.4e+38 -3.4e+38 -3.4e+38 -3.4e+38 -3.4e+38 -3.4e+38 -3.4e+38 -3.4e+38 -3.4e+38 -3.4e+38 -3.4e+38 -3.4e+38 -3.4e+38 -3.4e+38 -3.4e+38 -3.4e+38 -3.4e+38 -3.4e+38 -3.4e+38 -3.4e+38 -3.4e+38 -3.4e+38 -3.4e+38 -3.4e+38 -3.4e+38 -3.4e+38 -3.4e+38 -3.4e+38 -3.4e+38 -3.4e+38 -3.4e+38 -3.4e+38 1555 1554 1555 1559 -3.4e+38 -3.4e+38 1564 1556 1549 1547 1548 1553 1560 1567 1573 1579 1580 1575 1570 1557 1550 1541 1536 1532 1527 1522
-3.4e+38 -3.4e+38 -3.4e+38 -3.4e+38 -3.4e+38 -3.4e+38 -3.4e+38 -3.4e+38 -3.4e+38 -3.4e+38 -3.4e+38 -3.4e+38 -3.4e+38 -3.4e+38 -3.4e+38 -3.4e+38 -3.4e+38 -3.4e+38 -3.4e+38 -3.4e+38 -3.4e+38 -3.4e+38 -3.4e+38 -3.4e+38 -3.4e+38 -3.4e+38 -3.4e+38 -3.4e+38 -3.4e+38 -3.4e+38 -3.4e+38 -3.4e+38 -3.4e+38 -3.4e+38 -3.4e+38 -3.4e+38 -3.4e+38 -3.4e+38 -3.4e+38 -3.4e+38 -3.4e+38 -3.4e+38 -3.4e+38 1551 1552 -3.4e+38 1560 1551 1539 1534 1534 1539 1546 1554 1567 1577 1588 1593 1589 1586 1573 1562 1552 1544 1538 1532 1528
-3.4e+38 -3.4e+38 -3.4e+38 -3.4e+38 -3.4e+38 -3.4e+38 -3.4e+38 -3.4e+38 -3.4e+38 -3.4e+38 -3.4e+38 -3.4e+38 -3.4e+38 -3.4e+38 -3.4e+38 -3.4e+38 -3.4e+38 -3.4e+38 -3.4e+38 -3.4e+38 -3.4e+38 -3.4e+38 -3.4e+38 -3.4e+38 -3.4e+38 -3.4e+38 -3.4e+38 -3.4e+38 -3.4e+38 -3.4e+38 -3.4e+38 -3.4e+38 -3.4e+38 -3.4e+38 -3.4e+38 -3.4e+38 -3.4e+38 -3.4e+38 -3.4e+38 -3.4e+38 -3.4e+38 -3.4e+38 -3.4e+38 -3.4e+38 -3.4e+38 1539 -3.4e+38 1529 1516 1506 1514 1523 1537 1550 1568 1581 1596 1606 1605 1597 1583 1570 1559 1548 1540 1535 1529
-3.4e+38 -3.4e+38 -3.4e+38 -3.4e+38 -3.4e+38 -3.4e+38 -3.4e+38 -3.4e+38 -3.4e+38 -3.4e+38 -3.4e+38 -3.4e+38 -3.4e+38 -3.4e+38 -3.4e+38 -3.4e+38 -3.4e+38 -3.4e+38 -3.4e+38 -3.4e+38 -3.4e+38 -3.4e+38 -3.4e+38 -3.4e+38 -3.4e+38 -3.4e+38 -3.4e+38 -3.4e+38 -3.4e+38 -3.4e+38 -3.4e+38 -3.4e+38 -3.4e+38 -3.4e+38 -3.4e+38 -3.4e+38 -3.4e+38 -3.4e+38 -3.4e+38 -3.4e+38 -3.4e+38 -3.4e+38 -3.4e+38 -3.4e+38 -3.4e+38 -3.4e+38 -3.4e+38 1500 -3.4e+38 -3.4e+38 1497 1509 1524 1541 1562 1576 1595 1611 1621 1605 1589 1573 1559 1550 1541 1536 1532
-3.4e+38 -3.4e+38 -3.4e+38 -3.4e+38 -3.4e+38 -3.4e+38 -3.4e+38 -3.4e+38 -3.4e+38 -3.4e+38 -3.4e+38 -3.4e+38 -3.4e+38 -3.4e+38 -3.4e+38 -3.4e+38 -3.4e+38 -3.4e+38 -3.4e+38 -3.4e+38 -3.4e+38 -3.4e+38 -3.4e+38 -3.4e+38 -3.4e+38 -3.4e+38 -3.4e+38 -3.4e+38 -3.4e+38 -3.4e+38 -3.4e+38 -3.4e+38 -3.4e+38 -3.4e+38 -3.4e+38 -3.4e+38 -3.4e+38 -3.4e+38 -3.4e+38 -3.4e+38 -3.4e+38 -3.4e+38 -3.4e+38 -3.4e+38 -3.4e+38 -3.4e+38 -3.4e+38 -3.4e+38 1460 1457 -3.4e+38 1499 -3.4e+38 1531 1550 1568 1588 1602 1605 1599 1583 1572 1559 1549 1539 1533 1527
-3.4e+38 -3.4e+38 -3.4e+38 -3.4e+38 -3.4e+38 -3.4e+38 -3.4e+38 -3.4e+38 -3.4e+38 -3.4e+38 -3.4e+38 -3.4e+38 -3.4e+38 -3.4e+38 -3.4e+38 -3.4e+38 -3.4e+38 -3.4e+38 -3.4e+38 -3.4e+38 -3.4e+38 -3.4e+38 -3.4e+38 -3.4e+38 -3.4e+38 -3.4e+38 -3.4e+38 -3.4e+38 -3.4e+38 -3.4e+38 -3.4e+38 -3.4e+38 -3.4e+38 -3.4e+38 -3.4e+38 -3.4e+38 -3.4e+38 -3.4e+38 -3.4e+38 -3.4e+38 -3.4e+38 -3.4e+38 -3.4e+38 -3.4e+38 -3.4e+38 -3.4e+38 -3.4e+38 -3.4e+38 -3.4e+38 -3.4e+38 1471 1486 -3.4e+38 1522 1540 1557 1572 1583 1586 1583 1575 1562 1553 1544 1536 1529 1524
-3.4e+38 -3.4e+38 -3.4e+38 -3.4e+38 -3.4e+38 -3.4e+38 -3.4e+38 -3.4e+38 -3.4e+38 -3.4e+38 -3.4e+38 -3.4e+38 -3.4e+38 -3.4e+38 -3.4e+38 -3.4e+38 -3.4e+38 -3.4e+38 -3.4e+38 -3.4e+38 -3.4e+38 -3.4e+38 -3.4e+38 -3.4e+38 -3.4e+38 -3.4e+38 -3.4e+38 -3.4e+38 -3.4e+38 -3.4e+38 -3.4e+38 -3.4e+38 -3.4e+38 -3.4e+38 -3.4e+38 -3.4e+38 -3.4e+38 -3.4e+38 -3.4e+38 -3.4e+38 -3.4e+38 -3.4e+38 -3.4e+38 -3.4e+38 -3.4e+38 -3.4e+38 -3.4e+38 -3.4e+38 -3.4e+38 -3.4e+38 -3.4e+38 1481 1497 1512 1530 1542 1557 1563 1568 1565 1561 1551 1544 1537 1532 1525 1520
-3.4e+38 -3.4e+38 -3.4e+38 -3.4e+38 -3.4e+38 -3.4e+38 -3.4e+38 -3.4e+38 -3.4e+38 -3.4e+38 -3.4e+38 -3.4e+38 -3.4e+38 -3.4e+38 -3.4e+38 -3.4e+38 -3.4e+38 -3.4e+38 -3.4e+38 -3.4e+38 -3.4e+38 -3.4e+38 -3.4e+38 -3.4e+38 -3.4e+38 -3.4e+38 -3.4e+38 -3.4e+38 -3.4e+38 -3.4e+38 -3.4e+38 -3.4e+38 -3.4e+38 -3.4e+38 -3.4e+38 -3.4e+38 -3.4e+38 -3.4e+38 -3.4e+38 -3.4e+38 -3.4e+38 -3.4e+38 -3.4e+38 -3.4e+38 -3.4e+38 -3.4e+38 -3.4e+38 -3.4e+38 -3.4e+38 -3.4e+38 -3.4e+38 -3.4e+38 -3.4e+38 1505 1516 1530 1540 1547 1548 1549 1544 1536 1534 1528 1524 1520 1515
-3.4e+38 -3.4e+38 -3.4e+38 -3.4e+38 -3.4e+38 -3.4e+38 -3.4e+38 -3.4e+38 -3.4e+38 -3.4e+38 -3.4e+38 -3.4e+38 -3.4e+38 -3.4e+38 -3.4e+38 -3.4e+38 -3.4e+38 -3.4e+38 -3.4e+38 -3.4e+38 -3.4e+38 -3.4e+38 -3.4e+38 -3.4e+38 -3.4e+38 -3.4e+38 -3.4e+38 -3.4e+38 -3.4e+38 -3.4e+38 -3.4e+38 -3.4e+38 -3.4e+38 -3.4e+38 -3.4e+38 -3.4e+38 -3.4e+38 -3.4e+38 -3.4e+38 -3.4e+38 -3.4e+38 -3.4e+38 -3.4e+38 -3.4e+38 -3.4e+38 -3.4e+38 -3.4e+38 -3.4e+38 -3.4e+38 -3.4e+38 -3.4e+38 -3.4e+38 -3.4e+38 -3.4e+38 1510 1516 1525 1529 1529 1530 1528 1525 1521 1516 1514 1506 1504
-3.4e+38 -3.4e+38 -3.4e+38 -3.4e+38 -3.4e+38 -3.4e+38 -3.4e+38 -3.4e+38 -3.4e+38 -3.4e+38 -3.4e+38 -3.4e+38 -3.4e+38 -3.4e+38 -3.4e+38 -3.4e+38 -3.4e+38 -3.4e+38 -3.4e+38 -3.4e+38 -3.4e+38 -3.4e+38 -3.4e+38 -3.4e+38 -3.4e+38 -3.4e+38 -3.4e+38 -3.4e+38 -3.4e+38 -3.4e+38 -3.4e+38 -3.4e+38 -3.4e+38 -3.4e+38 -3.4e+38 -3.4e+38 -3.4e+38 -3.4e+38 -3.4e+38 -3.4e+38 -3.4e+38 -3.4e+38 -3.4e+38 -3.4e+38 -3.4e+38 -3.4e+38 -3.4e+38 -3.4e+38 -3.4e+38 -3.4e+38 -3.4e+38 -3.4e+38 -3.4e+38 -3.4e+38 -3.4e+38 1505 1508 1514 1514 1513 1512 1509 1507 1503 1499 1499 1498
-3.4e+38 -3.4e+38 -3.4e+38 -3.4e+38 -3.4e+38 -3.4e+38 -3.4e+38 -3.4e+38 -3.4e+38 -3.4e+38 -3.4e+38 -3.4e+38 -3.4e+38 -3.4e+38 -3.4e+38 -3.4e+38 -3.4e+38 -3.4e+38 -3.4e+38 -3.4e+38 -3.4e+38 -3.4e+38 -3.4e+38 -3.4e+38 -3.4e+38 -3.4e+38 -3.4e+38 -3.4e+38 -3.4e+38 -3.4e+38 -3.4e+38 -3.4e+38 -3.4e+38 -3.4e+38 -3.4e+38 -3.4e+38 -3.4e+38 -3.4e+38 -3.4e+38 -3.4e+38 -3.4e+38 -3.4e+38 -3.4e+38 -3.4e+38 -3.4e+38 -3.4e+38 -3.4e+38 -3.4e+38 -3.4e+38 -3.4e+38 -3.4e+38 -3.4e+38 -3.4e+38 -3.4e+38 -3.4e+38 -3.4e+38 1497 1499 1500 1498 1496 1492 1494 1490 1490 1490 -3.4e+38
-3.4e+38 -3.4e+38 -3.4e+38 -3.4e+38 -3.4e+38 -3.4e+38 -3.4e+38 -3.4e+38 -3.4e+38 -3.4e+38 -3.4e+38 -3.4e+38 -3.4e+38 -3.4e+38 -3.4e+38 -3.4e+38 -3.4e+38 -3.4e+38 -3.4e+38 -3.4e+38 -3.4e+38 -3.4e+38 -3.4e+38 -3.4e+38 -3.4e+38 -3.4e+38 -3.4e+38 -3.4e+38 -3.4e+38 -3.4e+38 -3.4e+38 -3.4e+38 -3.4e+38 -3.4e+38 -3.4e+38 -3.4e+38 -3.4e+38 -3.4e+38 -3.4e+38 -3.4e+38 -3.4e+38 -3.4e+38 -3.4e+38 -3.4e+38 -3.4e+38 -3.4e+38 -3.4e+38 -3.4e+38 -3.4e+38 -3.4e+38 -3.4e+38 -3.4e+38 -3.4e+38 -3.4e+38 -3.4e+38 -3.4e+38 1486 1486 1486 1483 1481 1475 1476 1476 1478 -3.4e+38 1482
