Demos/Rbased/CrashCourse/data/climate_processing/PresentLayers/bio17.asc
NCOLS 182 
NROWS 155 
XLLCORNER -87.625 
YLLCORNER 24.5416666666667 
CELLSIZE 0.0416666666666666 
NODATA_value -3.4e+38 
[rows 0 to 29 of 155, columns 0 to 68 of 182]
-339999999999999996123846586046231871488.000000000000000 324 323 323 323 322 320 320 317 317 317 320 320 320 318 316 315 315 313 312 310 309 310 309 309 307 307 309 309 308 306 305 305 303 300 299 296 293 291 289 287 284 282 279 278 277 274 273 271 270 267 267 265 264 263 261 262 260 260 260 260 257 256 -3.4e+38 -3.4e+38 -3.4e+38 -3.4e+38 -3.4e+38 -3.4e+38
-3.4e+38 326 325 326 324 324 323 320 318 318 321 321 319 319 317 314 312 313 312 310 310 307 307 306 306 305 307 307 306 305 305 304 304 304 301 300 298 296 293 291 289 286 282 281 280 278 277 275 275 273 270 269 269 268 266 265 265 263 264 263 263 260 259 -3.4e+38 -3.4e+38 -3.4e+38 -3.4e+38 -3.4e+38 -3.4e+38
325 326 324 324 323 322 320 317 317 321 321 320 316 316 317 312 310 309 309 309 308 306 306 306 304 303 305 305 305 304 303 304 304 303 302 302 301 298 297 290 289 286 285 282 281 279 279 278 276 275 275 273 271 271 269 269 266 266 266 266 266 263 262 262 -3.4e+38 -3.4e+38 -3.4e+38 -3.4e+38 -3.4e+38
323 323 323 323 322 320 319 316 317 320 320 320 315 314 312 310 309 308 307 306 307 304 305 305 302 303 305 302 302 301 303 303 303 302 302 302 301 300 296 294 292 288 285 284 282 281 280 279 277 276 275 275 274 273 272 271 269 269 268 267 265 264 262 262 259 -3.4e+38 -3.4e+38 -3.4e+38 -3.4e+38
-3.4e+38 321 323 321 320 318 316 314 315 318 319 320 317 311 309 308 307 304 306 304 303 304 305 303 302 303 303 301 301 301 301 302 302 302 302 302 301 299 297 295 291 289 287 285 284 284 282 281 278 278 276 276 276 274 274 272 272 269 268 267 265 264 263 262 259 -3.4e+38 -3.4e+38 -3.4e+38 -3.4e+38
-3.4e+38 -3.4e+38 320 318 318 318 316 313 314 317 318 317 315 311 306 305 305 303 303 302 301 303 303 300 299 302 299 300 300 300 301 302 302 301 302 303 302 300 298 296 292 291 288 287 286 284 284 282 280 280 279 277 277 275 275 274 273 271 269 268 267 264 264 261 260 -3.4e+38 -3.4e+38 -3.4e+38 -3.4e+38
-3.4e+38 -3.4e+38 -3.4e+38 315 315 316 316 312 311 314 315 313 311 308 305 301 302 299 300 300 301 301 300 298 298 299 297 298 299 300 301 302 301 301 303 303 302 302 298 295 294 291 290 287 287 286 284 283 282 281 281 281 278 277 276 274 273 271 268 268 266 266 264 264 263 259 -3.4e+38 -3.4e+38 -3.4e+38
-3.4e+38 -3.4e+38 -3.4e+38 -3.4e+38 -3.4e+38 313 314 311 309 309 312 309 307 306 302 298 298 299 299 300 299 298 296 296 295 295 296 296 297 298 299 301 300 300 299 300 301 301 301 298 294 292 290 289 288 288 286 283 284 282 284 282 280 279 276 275 272 271 270 268 266 266 264 263 261 259 259 260 261
-3.4e+38 -3.4e+38 -3.4e+38 -3.4e+38 -3.4e+38 -3.4e+38 311 310 306 305 307 307 305 302 298 299 299 300 297 296 295 296 295 295 297 297 296 298 297 297 297 298 298 299 298 298 300 300 298 296 295 292 291 291 290 287 287 286 286 285 285 283 283 283 280 278 275 275 270 267 267 266 266 263 263 260 261 262 262
-3.4e+38 -3.4e+38 -3.4e+38 -3.4e+38 -3.4e+38 308 309 308 305 304 303 303 302 299 297 297 297 295 295 296 296 297 296 296 295 295 294 294 294 295 295 297 297 296 297 297 299 298 297 295 295 294 293 290 290 289 290 291 289 289 287 288 287 284 284 281 278 276 271 270 270 267 265 263 262 263 265 264 263
-3.4e+38 -3.4e+38 -3.4e+38 -3.4e+38 -3.4e+38 307 306 306 306 302 299 -3.4e+38 299 298 296 294 294 295 295 297 297 296 294 294 293 291 290 291 292 292 294 295 296 295 295 297 297 298 298 297 296 294 293 295 295 294 291 291 290 291 290 290 287 285 284 282 277 275 271 271 269 266 265 263 265 267 265 265 263
-3.4e+38 -3.4e+38 -3.4e+38 -3.4e+38 304 304 304 303 303 302 301 -3.4e+38 -3.4e+38 296 -3.4e+38 294 296 296 296 296 295 294 294 293 292 290 287 288 289 289 292 293 293 294 294 295 296 295 297 296 295 294 294 295 295 295 293 292 290 290 290 289 289 287 285 283 278 276 272 270 268 266 264 264 266 266 265 265 264
-3.4e+38 -3.4e+38 -3.4e+38 -3.4e+38 -3.4e+38 301 300 301 300 300 300 -3.4e+38 -3.4e+38 295 -3.4e+38 -3.4e+38 294 294 294 294 293 293 292 291 289 287 286 -3.4e+38 287 289 291 292 -3.4e+38 293 293 294 295 294 295 295 295 294 296 296 295 296 296 293 293 292 291 291 291 288 287 284 280 277 272 269 268 266 265 266 267 267 266 265 265
-3.4e+38 -3.4e+38 -3.4e+38 -3.4e+38 -3.4e+38 -3.4e+38 -3.4e+38 297 298 297 296 -3.4e+38 -3.4e+38 -3.4e+38 -3.4e+38 -3.4e+38 293 293 292 291 292 290 288 287 285 285 -3.4e+38 -3.4e+38 -3.4e+38 -3.4e+38 -3.4e+38 -3.4e+38 -3.4e+38 -3.4e+38 -3.4e+38 293 293 295 294 295 294 295 296 297 297 297 296 295 294 293 292 293 292 290 288 285 282 278 273 271 267 265 264 266 266 267 266 266 265
-3.4e+38 -3.4e+38 -3.4e+38 -3.4e+38 -3.4e+38 296 295 294 293 -3.4e+38 -3.4e+38 -3.4e+38 -3.4e+38 292 292 292 -3.4e+38 -3.4e+38 -3.4e+38 -3.4e+38 -3.4e+38 287 285 -3.4e+38 284 -3.4e+38 -3.4e+38 285 286 287 -3.4e+38 289 290 290 -3.4e+38 -3.4e+38 292 294 294 294 295 296 297 296 298 297 297 296 296 294 293 293 291 291 289 286 283 280 275 272 268 266 266 268 267 268 267 265 265
-3.4e+38 -3.4e+38 -3.4e+38 -3.4e+38 -3.4e+38 294 293 291 291 -3.4e+38 292 -3.4e+38 -3.4e+38 -3.4e+38 291 -3.4e+38 -3.4e+38 -3.4e+38 -3.4e+38 -3.4e+38 -3.4e+38 -3.4e+38 -3.4e+38 -3.4e+38 -3.4e+38 -3.4e+38 -3.4e+38 -3.4e+38 -3.4e+38 -3.4e+38 -3.4e+38 -3.4e+38 -3.4e+38 291 291 292 292 294 295 296 296 296 297 297 297 298 297 297 295 295 294 293 292 290 288 286 284 281 277 274 271 269 269 269 268 268 267 266 265
-3.4e+38 -3.4e+38 -3.4e+38 295 -3.4e+38 -3.4e+38 293 -3.4e+38 -3.4e+38 -3.4e+38 -3.4e+38 -3.4e+38 -3.4e+38 -3.4e+38 -3.4e+38 -3.4e+38 -3.4e+38 -3.4e+38 -3.4e+38 -3.4e+38 -3.4e+38 -3.4e+38 -3.4e+38 -3.4e+38 -3.4e+38 -3.4e+38 -3.4e+38 -3.4e+38 -3.4e+38 -3.4e+38 -3.4e+38 -3.4e+38 -3.4e+38 -3.4e+38 -3.4e+38 -3.4e+38 292 293 294 294 296 295 296 297 296 298 298 297 295 295 293 293 292 292 290 289 286 283 281 278 275 272 271 271 269 270 269 268 265
-3.4e+38 -3.4e+38 -3.4e+38 -3.4e+38 -3.4e+38 -3.4e+38 -3.4e+38 -3.4e+38 -3.4e+38 -3.4e+38 -3.4e+38 -3.4e+38 -3.4e+38 -3.4e+38 -3.4e+38 -3.4e+38 -3.4e+38 -3.4e+38 -3.4e+38 -3.4e+38 -3.4e+38 -3.4e+38 -3.4e+38 -3.4e+38 -3.4e+38 -3.4e+38 -3.4e+38 -3.4e+38 -3.4e+38 -3.4e+38 -3.4e+38 -3.4e+38 -3.4e+38 -3.4e+38 -3.4e+38 -3.4e+38 -3.4e+38 -3.4e+38 -3.4e+38 295 295 295 295 -3.4e+38 -3.4e+38 298 298 297 295 294 293 292 293 292 291 290 288 286 285 282 279 276 275 273 272 271 270 269 267
-3.4e+38 -3.4e+38 -3.4e+38 -3.4e+38 -3.4e+38 -3.4e+38 -3.4e+38 -3.4e+38 -3.4e+38 -3.4e+38 -3.4e+38 -3.4e+38 -3.4e+38 -3.4e+38 -3.4e+38 -3.4e+38 -3.4e+38 -3.4e+38 -3.4e+38 -3.4e+38 -3.4e+38 -3.4e+38 -3.4e+38 -3.4e+38 -3.4e+38 -3.4e+38 -3.4e+38 -3.4e+38 -3.4e+38 -3.4e+38 -3.4e+38 -3.4e+38 -3.4e+38 -3.4e+38 -3.4e+38 -3.4e+38 -3.4e+38 -3.4e+38 -3.4e+38 -3.4e+38 -3.4e+38 296 295 295 297 -3.4e+38 -3.4e+38 298 296 295 293 291 292 292 291 292 292 291 288 285 282 279 277 275 274 273 271 270 269
-3.4e+38 -3.4e+38 -3.4e+38 -3.4e+38 -3.4e+38 -3.4e+38 -3.4e+38 -3.4e+38 -3.4e+38 -3.4e+38 -3.4e+38 -3.4e+38 -3.4e+38 -3.4e+38 -3.4e+38 -3.4e+38 -3.4e+38 -3.4e+38 -3.4e+38 -3.4e+38 -3.4e+38 -3.4e+38 -3.4e+38 -3.4e+38 -3.4e+38 -3.4e+38 -3.4e+38 -3.4e+38 -3.4e+38 -3.4e+38 -3.4e+38 -3.4e+38 -3.4e+38 -3.4e+38 -3.4e+38 -3.4e+38 -3.4e+38 -3.4e+38 -3.4e+38 -3.4e+38 -3.4e+38 -3.4e+38 -3.4e+38 295 296 -3.4e+38 297 297 293 292 292 291 291 291 293 294 294 293 291 289 286 282 280 277 274 274 272 270 269
-3.4e+38 -3.4e+38 -3.4e+38 -3.4e+38 -3.4e+38 -3.4e+38 -3.4e+38 -3.4e+38 -3.4e+38 -3.4e+38 -3.4e+38 -3.4e+38 -3.4e+38 -3.4e+38 -3.4e+38 -3.4e+38 -3.4e+38 -3.4e+38 -3.4e+38 -3.4e+38 -3.4e+38 -3.4e+38 -3.4e+38 -3.4e+38 -3.4e+38 -3.4e+38 -3.4e+38 -3.4e+38 -3.4e+38 -3.4e+38 -3.4e+38 -3.4e+38 -3.4e+38 -3.4e+38 -3.4e+38 -3.4e+38 -3.4e+38 -3.4e+38 -3.4e+38 -3.4e+38 -3.4e+38 -3.4e+38 -3.4e+38 -3.4e+38 -3.4e+38 294 -3.4e+38 293 290 287 288 289 290 292 294 295 297 297 295 292 289 285 281 278 275 274 273 271 270
-3.4e+38 -3.4e+38 -3.4e+38 -3.4e+38 -3.4e+38 -3.4e+38 -3.4e+38 -3.4e+38 -3.4e+38 -3.4e+38 -3.4e+38 -3.4e+38 -3.4e+38 -3.4e+38 -3.4e+38 -3.4e+38 -3.4e+38 -3.4e+38 -3.4e+38 -3.4e+38 -3.4e+38 -3.4e+38 -3.4e+38 -3.4e+38 -3.4e+38 -3.4e+38 -3.4e+38 -3.4e+38 -3.4e+38 -3.4e+38 -3.4e+38 -3.4e+38 -3.4e+38 -3.4e+38 -3.4e+38 -3.4e+38 -3.4e+38 -3.4e+38 -3.4e+38 -3.4e+38 -3.4e+38 -3.4e+38 -3.4e+38 -3.4e+38 -3.4e+38 -3.4e+38 -3.4e+38 288 -3.4e+38 -3.4e+38 286 287 288 291 293 294 297 299 299 295 290 286 282 279 277 274 273 272 269
-3.4e+38 -3.4e+38 -3.4e+38 -3.4e+38 -3.4e+38 -3.4e+38 -3.4e+38 -3.4e+38 -3.4e+38 -3.4e+38 -3.4e+38 -3.4e+38 -3.4e+38 -3.4e+38 -3.4e+38 -3.4e+38 -3.4e+38 -3.4e+38 -3.4e+38 -3.4e+38 -3.4e+38 -3.4e+38 -3.4e+38 -3.4e+38 -3.4e+38 -3.4e+38 -3.4e+38 -3.4e+38 -3.4e+38 -3.4e+38 -3.4e+38 -3.4e+38 -3.4e+38 -3.4e+38 -3.4e+38 -3.4e+38 -3.4e+38 -3.4e+38 -3.4e+38 -3.4e+38 -3.4e+38 -3.4e+38 -3.4e+38 -3.4e+38 -3.4e+38 -3.4e+38 -3.4e+38 -3.4e+38 282 281 -3.4e+38 286 -3.4e+38 289 291 294 295 297 296 294 290 286 282 279 276 274 272 271 268
-3.4e+38 -3.4e+38 -3.4e+38 -3.4e+38 -3.4e+38 -3.4e+38 -3.4e+38 -3.4e+38 -3.4e+38 -3.4e+38 -3.4e+38 -3.4e+38 -3.4e+38 -3.4e+38 -3.4e+38 -3.4e+38 -3.4e+38 -3.4e+38 -3.4e+38 -3.4e+38 -3.4e+38 -3.4e+38 -3.4e+38 -3.4e+38 -3.4e+38 -3.4e+38 -3.4e+38 -3.4e+38 -3.4e+38 -3.4e+38 -3.4e+38 -3.4e+38 -3.4e+38 -3.4e+38 -3.4e+38 -3.4e+38 -3.4e+38 -3.4e+38 -3.4e+38 -3.4e+38 -3.4e+38 -3.4e+38 -3.4e+38 -3.4e+38 -3.4e+38 -3.4e+38 -3.4e+38 -3.4e+38 -3.4e+38 -3.4e+38 281 284 -3.4e+38 287 290 292 293 294 293 291 288 284 281 279 276 274 273 270 269
-3.4e+38 -3.4e+38 -3.4e+38 -3.4e+38 -3.4e+38 -3.4e+38 -3.4e+38 -3.4e+38 -3.4e+38 -3.4e+38 -3.4e+38 -3.4e+38 -3.4e+38 -3.4e+38 -3.4e+38 -3.4e+38 -3.4e+38 -3.4e+38 -3.4e+38 -3.4e+38 -3.4e+38 -3.4e+38 -3.4e+38 -3.4e+38 -3.4e+38 -3.4e+38 -3.4e+38 -3.4e+38 -3.4e+38 -3.4e+38 -3.4e+38 -3.4e+38 -3.4e+38 -3.4e+38 -3.4e+38 -3.4e+38 -3.4e+38 -3.4e+38 -3.4e+38 -3.4e+38 -3.4e+38 -3.4e+38 -3.4e+38 -3.4e+38 -3.4e+38 -3.4e+38 -3.4e+38 -3.4e+38 -3.4e+38 -3.4e+38 -3.4e+38 282 284 286 288 289 290 290 290 288 286 283 280 278 275 273 272 269 268
-3.4e+38 -3.4e+38 -3.4e+38 -3.4e+38 -3.4e+38 -3.4e+38 -3.4e+38 -3.4e+38 -3.4e+38 -3.4e+38 -3.4e+38 -3.4e+38 -3.4e+38 -3.4e+38 -3.4e+38 -3.4e+38 -3.4e+38 -3.4e+38 -3.4e+38 -3.4e+38 -3.4e+38 -3.4e+38 -3.4e+38 -3.4e+38 -3.4e+38 -3.4e+38 -3.4e+38 -3.4e+38 -3.4e+38 -3.4e+38 -3.4e+38 -3.4e+38 -3.4e+38 -3.4e+38 -3.4e+38 -3.4e+38 -3.4e+38 -3.4e+38 -3.4e+38 -3.4e+38 -3.4e+38 -3.4e+38 -3.4e+38 -3.4e+38 -3.4e+38 -3.4e+38 -3.4e+38 -3.4e+38 -3.4e+38 -3.4e+38 -3.4e+38 -3.4e+38 -3.4e+38 285 285 287 287 287 286 285 283 280 279 276 275 273 270 269 268
-3.4e+38 -3.4e+38 -3.4e+38 -3.4e+38 -3.4e+38 -3.4e+38 -3.4e+38 -3.4e+38 -3.4e+38 -3.4e+38 -3.4e+38 -3.4e+38 -3.4e+38 -3.4e+38 -3.4e+38 -3.4e+38 -3.4e+38 -3.4e+38 -3.4e+38 -3.4e+38 -3.4e+38 -3.4e+38 -3.4e+38 -3.4e+38 -3.4e+38 -3.4e+38 -3.4e+38 -3.4e+38 -3.4e+38 -3.4e+38 -3.4e+38 -3.4e+38 -3.4e+38 -3.4e+38 -3.4e+38 -3.4e+38 -3.4e+38 -3.4e+38 -3.4e+38 -3.4e+38 -3.4e+38 -3.4e+38 -3.4e+38 -3.4e+38 -3.4e+38 -3.4e+38 -3.4e+38 -3.4e+38 -3.4e+38 -3.4e+38 -3.4e+38 -3.4e+38 -3.4e+38 -3.4e+38 285 284 285 284 283 282 280 279 277 274 273 270 269 268 266
-3.4e+38 -3.4e+38 -3.4e+38 -3.4e+38 -3.4e+38 -3.4e+38 -3.4e+38 -3.4e+38 -3.4e+38 -3.4e+38 -3.4e+38 -3.4e+38 -3.4e+38 -3.4e+38 -3.4e+38 -3.4e+38 -3.4e+38 -3.4e+38 -3.4e+38 -3.4e+38 -3.4e+38 -3.4e+38 -3.4e+38 -3.4e+38 -3.4e+38 -3.4e+38 -3.4e+38 -3.4e+38 -3.4e+38 -3.4e+38 -3.4e+38 -3.4e+38 -3.4e+38 -3.4e+38 -3.4e+38 -3.4e+38 -3.4e+38 -3.4e+38 -3.4e+38 -3.4e+38 -3.4e+38 -3.4e+38 -3.4e+38 -3.4e+38 -3.4e+38 -3.4e+38 -3.4e+38 -3.4e+38 -3.4e+38 -3.4e+38 -3.4e+38 -3.4e+38 -3.4e+38 -3.4e+38 -3.4e+38 283 282 282 280 279 279 276 274 272 270 269 268 266 265
-3.4e+38 -3.4e+38 -3.4e+38 -3.4e+38 -3.4e+38 -3.4e+38 -3.4e+38 -3.4e+38 -3.4e+38 -3.4e+38 -3.4e+38 -3.4e+38 -3.4e+38 -3.4e+38 -3.4e+38 -3.4e+38 -3.4e+38 -3.4e+38 -3.4e+38 -3.4e+38 -3.4e+38 -3.4e+38 -3.4e+38 -3.4e+38 -3.4e+38 -3.4e+38 -3.4e+38 -3.4e+38 -3.4e+38 -3.4e+38 -3.4e+38 -3.4e+38 -3.4e+38 -3.4e+38 -3.4e+38 -3.4e+38 -3.4e+38 -3.4e+38 -3.4e+38 -3.4e+38 -3.4e+38 -3.4e+38 -3.4e+38 -3.4e+38 -3.4e+38 -3.4e+38 -3.4e+38 -3.4e+38 -3.4e+38 -3.4e+38 -3.4e+38 -3.4e+38 -3.4e+38 -3.4e+38 -3.4e+38 -3.4e+38 279 279 278 276 275 273 273 270 269 268 -3.4e+38 265 265
-3.4e+38 -3.4e+38 -3.4e+38 -3.4e+38 -3.4e+38 -3.4e+38 -3.4e+38 -3.4e+38 -3.4e+38 -3.4e+38 -3.4e+38 -3.4e+38 -3.4e+38 -3.4e+38 -3.4e+38 -3.4e+38 -3.4e+38 -3.4e+38 -3.4e+38 -3.4e+38 -3.4e+38 -3.4e+38 -3.4e+38 -3.4e+38 -3.4e+38 -3.4e+38 -3.4e+38 -3.4e+38 -3.4e+38 -3.4e+38 -3.4e+38 -3.4e+38 -3.4e+38 -3.4e+38 -3.4e+38 -3.4e+38 -3.4e+38 -3.4e+38 -3.4e+38 -3.4e+38 -3.4e+38 -3.4e+38 -3.4e+38 -3.4e+38 -3.4e+38 -3.4e+38 -3.4e+38 -3.4e+38 -3.4e+38 -3.4e+38 -3.4e+38 -3.4e+38 -3.4e+38 -3.4e+38 -3.4e+38 -3.4e+38 278 277 276 274 273 270 269 268 268 -3.4e+38 265 265 -3.4e+38
