Demos/Rbased/CrashCourse/data/climate_processing/PresentLayers/bio2.asc
NCOLS 182 
NROWS 155 
XLLCORNER -87.625 
YLLCORNER 24.5416666666667 
CELLSIZE 0.0416666666666666 
NODATA_value -3.4e+38 
[rows 0 to 29 of 155, columns 0 to 68 of 182]
-339999999999999996123846586046231871488.000000000000000 126 126 126 127 127 127 128 129 130 130 129 130 130 130 130 130 130 130 130 130 130 130 130 130 131 131 130 131 130 131 131 130 131 131 131 131 131 130 130 129 129 129 129 128 128 128 128 129 129 129 130 130 131 131 132 133 133 133 133 134 135 135 -3.4e+38 -3.4e+38 -3.4e+38 -3.4e+38 -3.4e+38 -3.4e+38
-3.4e+38 125 125 125 125 126 126 126 127 128 127 128 128 128 128 128 128 128 128 128 128 128 128 128 128 129 129 129 129 129 129 129 129 130 130 130 130 130 129 129 129 129 129 129 129 128 129 129 129 129 130 130 130 131 132 132 133 133 133 134 134 135 135 -3.4e+38 -3.4e+38 -3.4e+38 -3.4e+38 -3.4e+38 -3.4e+38
123 124 124 124 124 124 125 125 126 125 126 126 126 126 126 127 126 126 126 126 126 126 126 126 126 127 127 127 127 128 128 128 128 128 128 129 128 128 129 129 129 129 129 129 129 129 129 129 129 130 130 130 131 131 132 132 133 133 134 134 134 134 135 135 -3.4e+38 -3.4e+38 -3.4e+38 -3.4e+38 -3.4e+38
123 123 122 122 122 123 123 124 124 124 124 124 124 124 124 124 124 124 124 124 124 124 124 124 125 125 125 125 125 126 126 126 127 127 128 128 128 128 128 128 128 129 129 129 129 129 129 129 130 130 130 131 131 131 132 133 133 134 134 134 134 135 135 135 135 -3.4e+38 -3.4e+38 -3.4e+38 -3.4e+38
-3.4e+38 121 121 121 121 121 121 122 122 122 122 122 122 122 122 122 122 122 121 122 122 122 122 122 122 122 123 123 124 124 124 125 126 126 127 127 127 128 128 128 128 128 128 128 129 129 129 129 130 130 131 131 131 132 132 133 133 134 134 134 134 134 135 135 135 -3.4e+38 -3.4e+38 -3.4e+38 -3.4e+38
-3.4e+38 -3.4e+38 119 120 119 119 119 120 120 119 120 120 120 120 120 120 119 120 119 119 119 119 119 120 120 120 121 121 122 122 123 123 124 124 125 126 126 127 127 127 127 128 128 128 128 128 129 130 130 130 130 131 131 132 132 133 133 133 134 134 134 134 134 135 135 -3.4e+38 -3.4e+38 -3.4e+38 -3.4e+38
-3.4e+38 -3.4e+38 -3.4e+38 118 117 117 117 118 117 117 118 118 118 117 117 117 117 117 117 117 117 117 117 118 118 118 119 119 120 120 121 122 122 123 124 125 125 126 126 127 127 127 128 128 128 129 129 130 130 130 131 131 132 133 133 133 134 134 134 134 134 134 134 134 134 134 -3.4e+38 -3.4e+38 -3.4e+38
-3.4e+38 -3.4e+38 -3.4e+38 -3.4e+38 -3.4e+38 115 115 115 115 115 115 115 115 115 115 115 115 115 115 115 115 115 115 115 116 116 116 117 117 118 119 120 121 122 123 123 124 125 125 125 126 127 127 127 128 128 129 130 130 131 131 132 132 133 133 134 134 134 134 134 134 134 134 134 134 134 133 133 132
-3.4e+38 -3.4e+38 -3.4e+38 -3.4e+38 -3.4e+38 -3.4e+38 113 112 113 113 113 113 113 112 113 113 112 112 112 113 113 112 112 113 113 113 114 115 115 116 117 118 119 120 121 122 123 123 124 124 125 126 126 127 127 128 129 129 130 131 132 132 132 133 133 134 134 134 135 134 134 134 134 133 133 133 133 132 132
-3.4e+38 -3.4e+38 -3.4e+38 -3.4e+38 -3.4e+38 111 110 110 110 110 110 110 110 110 110 110 110 110 110 110 110 110 110 110 110 111 112 113 113 114 116 116 117 119 120 120 121 122 123 123 124 125 125 126 127 127 128 129 130 131 132 132 133 133 134 134 134 134 134 134 133 133 133 133 133 132 132 131 131
-3.4e+38 -3.4e+38 -3.4e+38 -3.4e+38 -3.4e+38 108 108 107 107 108 108 -3.4e+38 108 108 108 108 108 108 108 107 107 107 107 108 108 109 110 111 111 112 114 115 116 117 118 119 120 120 121 122 123 124 125 125 126 126 128 129 129 131 132 133 134 134 134 134 135 134 135 134 133 133 133 133 132 132 131 131 131
-3.4e+38 -3.4e+38 -3.4e+38 -3.4e+38 106 105 105 105 105 105 105 -3.4e+38 -3.4e+38 106 -3.4e+38 106 106 105 105 105 105 105 105 105 106 106 107 108 110 111 112 113 114 115 116 117 118 119 120 121 121 123 123 124 125 126 127 128 130 131 132 133 134 134 135 134 134 134 134 134 133 133 133 132 132 131 131 131 130
-3.4e+38 -3.4e+38 -3.4e+38 -3.4e+38 -3.4e+38 103 103 102 103 103 103 -3.4e+38 -3.4e+38 104 -3.4e+38 -3.4e+38 104 103 103 103 103 103 103 103 104 104 105 -3.4e+38 108 109 110 112 -3.4e+38 114 115 116 117 118 118 120 120 121 122 123 124 125 126 127 129 130 132 133 134 135 135 135 134 134 134 133 133 133 133 132 131 131 131 131 130
-3.4e+38 -3.4e+38 -3.4e+38 -3.4e+38 -3.4e+38 -3.4e+38 -3.4e+38 100 100 100 101 -3.4e+38 -3.4e+38 -3.4e+38 -3.4e+38 -3.4e+38 102 102 101 101 101 101 101 101 102 103 -3.4e+38 -3.4e+38 -3.4e+38 -3.4e+38 -3.4e+38 -3.4e+38 -3.4e+38 -3.4e+38 -3.4e+38 115 115 116 117 118 119 120 121 122 123 124 125 127 128 129 131 133 135 135 134 134 134 133 133 133 132 132 132 131 131 131 130 130 130
-3.4e+38 -3.4e+38 -3.4e+38 -3.4e+38 -3.4e+38 98 98 98 98 -3.4e+38 -3.4e+38 -3.4e+38 -3.4e+38 99 100 100 -3.4e+38 -3.4e+38 -3.4e+38 -3.4e+38 -3.4e+38 100 99 -3.4e+38 101 -3.4e+38 -3.4e+38 103 104 106 -3.4e+38 108 109 111 -3.4e+38 -3.4e+38 114 115 116 116 118 118 119 120 122 123 124 125 127 128 130 131 133 134 134 133 133 133 133 132 132 132 131 131 130 130 130 130 130
-3.4e+38 -3.4e+38 -3.4e+38 -3.4e+38 -3.4e+38 97 96 96 97 -3.4e+38 97 -3.4e+38 -3.4e+38 -3.4e+38 98 -3.4e+38 -3.4e+38 -3.4e+38 -3.4e+38 -3.4e+38 -3.4e+38 -3.4e+38 -3.4e+38 -3.4e+38 -3.4e+38 -3.4e+38 -3.4e+38 -3.4e+38 -3.4e+38 -3.4e+38 -3.4e+38 -3.4e+38 -3.4e+38 109 110 111 112 113 114 115 116 117 118 119 120 121 122 124 125 127 128 129 131 131 132 132 132 132 132 131 131 131 131 130 130 129 129 129 129
-3.4e+38 -3.4e+38 -3.4e+38 96 -3.4e+38 -3.4e+38 95 -3.4e+38 -3.4e+38 -3.4e+38 -3.4e+38 -3.4e+38 -3.4e+38 -3.4e+38 -3.4e+38 -3.4e+38 -3.4e+38 -3.4e+38 -3.4e+38 -3.4e+38 -3.4e+38 -3.4e+38 -3.4e+38 -3.4e+38 -3.4e+38 -3.4e+38 -3.4e+38 -3.4e+38 -3.4e+38 -3.4e+38 -3.4e+38 -3.4e+38 -3.4e+38 -3.4e+38 -3.4e+38 -3.4e+38 111 111 112 113 114 115 116 117 119 120 121 122 123 124 126 127 128 129 130 130 131 131 131 130 130 130 130 129 129 129 128 128 128
-3.4e+38 -3.4e+38 -3.4e+38 -3.4e+38 -3.4e+38 -3.4e+38 -3.4e+38 -3.4e+38 -3.4e+38 -3.4e+38 -3.4e+38 -3.4e+38 -3.4e+38 -3.4e+38 -3.4e+38 -3.4e+38 -3.4e+38 -3.4e+38 -3.4e+38 -3.4e+38 -3.4e+38 -3.4e+38 -3.4e+38 -3.4e+38 -3.4e+38 -3.4e+38 -3.4e+38 -3.4e+38 -3.4e+38 -3.4e+38 -3.4e+38 -3.4e+38 -3.4e+38 -3.4e+38 -3.4e+38 -3.4e+38 -3.4e+38 -3.4e+38 -3.4e+38 112 113 114 114 -3.4e+38 -3.4e+38 118 119 120 121 122 123 124 125 127 128 128 129 129 129 129 129 129 129 129 128 128 128 128 128
-3.4e+38 -3.4e+38 -3.4e+38 -3.4e+38 -3.4e+38 -3.4e+38 -3.4e+38 -3.4e+38 -3.4e+38 -3.4e+38 -3.4e+38 -3.4e+38 -3.4e+38 -3.4e+38 -3.4e+38 -3.4e+38 -3.4e+38 -3.4e+38 -3.4e+38 -3.4e+38 -3.4e+38 -3.4e+38 -3.4e+38 -3.4e+38 -3.4e+38 -3.4e+38 -3.4e+38 -3.4e+38 -3.4e+38 -3.4e+38 -3.4e+38 -3.4e+38 -3.4e+38 -3.4e+38 -3.4e+38 -3.4e+38 -3.4e+38 -3.4e+38 -3.4e+38 -3.4e+38 -3.4e+38 112 113 114 114 -3.4e+38 -3.4e+38 117 118 119 120 121 123 124 126 126 127 128 128 128 128 128 128 128 127 127 127 127 127
-3.4e+38 -3.4e+38 -3.4e+38 -3.4e+38 -3.4e+38 -3.4e+38 -3.4e+38 -3.4e+38 -3.4e+38 -3.4e+38 -3.4e+38 -3.4e+38 -3.4e+38 -3.4e+38 -3.4e+38 -3.4e+38 -3.4e+38 -3.4e+38 -3.4e+38 -3.4e+38 -3.4e+38 -3.4e+38 -3.4e+38 -3.4e+38 -3.4e+38 -3.4e+38 -3.4e+38 -3.4e+38 -3.4e+38 -3.4e+38 -3.4e+38 -3.4e+38 -3.4e+38 -3.4e+38 -3.4e+38 -3.4e+38 -3.4e+38 -3.4e+38 -3.4e+38 -3.4e+38 -3.4e+38 -3.4e+38 -3.4e+38 112 112 -3.4e+38 114 114 115 116 117 118 120 121 123 124 125 126 127 127 127 127 127 126 126 126 126 126 126
-3.4e+38 -3.4e+38 -3.4e+38 -3.4e+38 -3.4e+38 -3.4e+38 -3.4e+38 -3.4e+38 -3.4e+38 -3.4e+38 -3.4e+38 -3.4e+38 -3.4e+38 -3.4e+38 -3.4e+38 -3.4e+38 -3.4e+38 -3.4e+38 -3.4e+38 -3.4e+38 -3.4e+38 -3.4e+38 -3.4e+38 -3.4e+38 -3.4e+38 -3.4e+38 -3.4e+38 -3.4e+38 -3.4e+38 -3.4e+38 -3.4e+38 -3.4e+38 -3.4e+38 -3.4e+38 -3.4e+38 -3.4e+38 -3.4e+38 -3.4e+38 -3.4e+38 -3.4e+38 -3.4e+38 -3.4e+38 -3.4e+38 -3.4e+38 -3.4e+38 110 -3.4e+38 111 111 112 113 115 117 119 121 122 124 125 126 126 125 125 125 125 125 125 125 125 125
-3.4e+38 -3.4e+38 -3.4e+38 -3.4e+38 -3.4e+38 -3.4e+38 -3.4e+38 -3.4e+38 -3.4e+38 -3.4e+38 -3.4e+38 -3.4e+38 -3.4e+38 -3.4e+38 -3.4e+38 -3.4e+38 -3.4e+38 -3.4e+38 -3.4e+38 -3.4e+38 -3.4e+38 -3.4e+38 -3.4e+38 -3.4e+38 -3.4e+38 -3.4e+38 -3.4e+38 -3.4e+38 -3.4e+38 -3.4e+38 -3.4e+38 -3.4e+38 -3.4e+38 -3.4e+38 -3.4e+38 -3.4e+38 -3.4e+38 -3.4e+38 -3.4e+38 -3.4e+38 -3.4e+38 -3.4e+38 -3.4e+38 -3.4e+38 -3.4e+38 -3.4e+38 -3.4e+38 108 -3.4e+38 -3.4e+38 111 113 115 116 118 120 122 123 124 124 124 124 124 124 123 124 124 124 124
-3.4e+38 -3.4e+38 -3.4e+38 -3.4e+38 -3.4e+38 -3.4e+38 -3.4e+38 -3.4e+38 -3.4e+38 -3.4e+38 -3.4e+38 -3.4e+38 -3.4e+38 -3.4e+38 -3.4e+38 -3.4e+38 -3.4e+38 -3.4e+38 -3.4e+38 -3.4e+38 -3.4e+38 -3.4e+38 -3.4e+38 -3.4e+38 -3.4e+38 -3.4e+38 -3.4e+38 -3.4e+38 -3.4e+38 -3.4e+38 -3.4e+38 -3.4e+38 -3.4e+38 -3.4e+38 -3.4e+38 -3.4e+38 -3.4e+38 -3.4e+38 -3.4e+38 -3.4e+38 -3.4e+38 -3.4e+38 -3.4e+38 -3.4e+38 -3.4e+38 -3.4e+38 -3.4e+38 -3.4e+38 105 105 -3.4e+38 110 -3.4e+38 114 116 118 119 121 121 122 122 122 122 122 122 123 123 123 123
-3.4e+38 -3.4e+38 -3.4e+38 -3.4e+38 -3.4e+38 -3.4e+38 -3.4e+38 -3.4e+38 -3.4e+38 -3.4e+38 -3.4e+38 -3.4e+38 -3.4e+38 -3.4e+38 -3.4e+38 -3.4e+38 -3.4e+38 -3.4e+38 -3.4e+38 -3.4e+38 -3.4e+38 -3.4e+38 -3.4e+38 -3.4e+38 -3.4e+38 -3.4e+38 -3.4e+38 -3.4e+38 -3.4e+38 -3.4e+38 -3.4e+38 -3.4e+38 -3.4e+38 -3.4e+38 -3.4e+38 -3.4e+38 -3.4e+38 -3.4e+38 -3.4e+38 -3.4e+38 -3.4e+38 -3.4e+38 -3.4e+38 -3.4e+38 -3.4e+38 -3.4e+38 -3.4e+38 -3.4e+38 -3.4e+38 -3.4e+38 106 108 -3.4e+38 112 114 116 117 118 119 120 120 120 120 121 121 121 121 121 122
-3.4e+38 -3.4e+38 -3.4e+38 -3.4e+38 -3.4e+38 -3.4e+38 -3.4e+38 -3.4e+38 -3.4e+38 -3.4e+38 -3.4e+38 -3.4e+38 -3.4e+38 -3.4e+38 -3.4e+38 -3.4e+38 -3.4e+38 -3.4e+38 -3.4e+38 -3.4e+38 -3.4e+38 -3.4e+38 -3.4e+38 -3.4e+38 -3.4e+38 -3.4e+38 -3.4e+38 -3.4e+38 -3.4e+38 -3.4e+38 -3.4e+38 -3.4e+38 -3.4e+38 -3.4e+38 -3.4e+38 -3.4e+38 -3.4e+38 -3.4e+38 -3.4e+38 -3.4e+38 -3.4e+38 -3.4e+38 -3.4e+38 -3.4e+38 -3.4e+38 -3.4e+38 -3.4e+38 -3.4e+38 -3.4e+38 -3.4e+38 -3.4e+38 107 108 110 112 113 115 116 117 117 118 118 118 118 119 119 120 120 120
-3.4e+38 -3.4e+38 -3.4e+38 -3.4e+38 -3.4e+38 -3.4e+38 -3.4e+38 -3.4e+38 -3.4e+38 -3.4e+38 -3.4e+38 -3.4e+38 -3.4e+38 -3.4e+38 -3.4e+38 -3.4e+38 -3.4e+38 -3.4e+38 -3.4e+38 -3.4e+38 -3.4e+38 -3.4e+38 -3.4e+38 -3.4e+38 -3.4e+38 -3.4e+38 -3.4e+38 -3.4e+38 -3.4e+38 -3.4e+38 -3.4e+38 -3.4e+38 -3.4e+38 -3.4e+38 -3.4e+38 -3.4e+38 -3.4e+38 -3.4e+38 -3.4e+38 -3.4e+38 -3.4e+38 -3.4e+38 -3.4e+38 -3.4e+38 -3.4e+38 -3.4e+38 -3.4e+38 -3.4e+38 -3.4e+38 -3.4e+38 -3.4e+38 -3.4e+38 -3.4e+38 109 110 111 113 114 114 115 116 116 116 117 117 118 118 119 119
-3.4e+38 -3.4e+38 -3.4e+38 -3.4e+38 -3.4e+38 -3.4e+38 -3.4e+38 -3.4e+38 -3.4e+38 -3.4e+38 -3.4e+38 -3.4e+38 -3.4e+38 -3.4e+38 -3.4e+38 -3.4e+38 -3.4e+38 -3.4e+38 -3.4e+38 -3.4e+38 -3.4e+38 -3.4e+38 -3.4e+38 -3.4e+38 -3.4e+38 -3.4e+38 -3.4e+38 -3.4e+38 -3.4e+38 -3.4e+38 -3.4e+38 -3.4e+38 -3.4e+38 -3.4e+38 -3.4e+38 -3.4e+38 -3.4e+38 -3.4e+38 -3.4e+38 -3.4e+38 -3.4e+38 -3.4e+38 -3.4e+38 -3.4e+38 -3.4e+38 -3.4e+38 -3.4e+38 -3.4e+38 -3.4e+38 -3.4e+38 -3.4e+38 -3.4e+38 -3.4e+38 -3.4e+38 109 109 111 111 112 113 113 114 114 115 116 116 117 117 118
-3.4e+38 -3.4e+38 -3.4e+38 -3.4e+38 -3.4e+38 -3.4e+38 -3.4e+38 -3.4e+38 -3.4e+38 -3.4e+38 -3.4e+38 -3.4e+38 -3.4e+38 -3.4e+38 -3.4e+38 -3.4e+38 -3.4e+38 -3.4e+38 -3.4e+38 -3.4e+38 -3.4e+38 -3.4e+38 -3.4e+38 -3.4e+38 -3.4e+38 -3.4e+38 -3.4e+38 -3.4e+38 -3.4e+38 -3.4e+38 -3.4e+38 -3.4e+38 -3.4e+38 -3.4e+38 -3.4e+38 -3.4e+38 -3.4e+38 -3.4e+38 -3.4e+38 -3.4e+38 -3.4e+38 -3.4e+38 -3.4e+38 -3.4e+38 -3.4e+38 -3.4e+38 -3.4e+38 -3.4e+38 -3.4e+38 -3.4e+38 -3.4e+38 -3.4e+38 -3.4e+38 -3.4e+38 -3.4e+38 108 109 110 111 111 112 112 113 113 114 115 115 116 117
-3.4e+38 -3.4e+38 -3.4e+38 -3.4e+38 -3.4e+38 -3.4e+38 -3.4e+38 -3.4e+38 -3.4e+38 -3.4e+38 -3.4e+38 -3.4e+38 -3.4e+38 -3.4e+38 -3.4e+38 -3.4e+38 -3.4e+38 -3.4e+38 -3.4e+38 -3.4e+38 -3.4e+38 -3.4e+38 -3.4e+38 -3.4e+38 -3.4e+38 -3.4e+38 -3.4e+38 -3.4e+38 -3.4e+38 -3.4e+38 -3.4e+38 -3.4e+38 -3.4e+38 -3.4e+38 -3.4e+38 -3.4e+38 -3.4e+38 -3.4e+38 -3.4e+38 -3.4e+38 -3.4e+38 -3.4e+38 -3.4e+38 -3.4e+38 -3.4e+38 -3.4e+38 -3.4e+38 -3.4e+38 -3.4e+38 -3.4e+38 -3.4e+38 -3.4e+38 -3.4e+38 -3.4e+38 -3.4e+38 -3.4e+38 107 108 109 109 110 110 111 112 112 113 -3.4e+38 115 115
-3.4e+38 -3.4e+38 -3.4e+38 -3.4e+38 -3.4e+38 -3.4e+38 -3.4e+38 -3.4e+38 -3.4e+38 -3.4e+38 -3.4e+38 -3.4e+38 -3.4e+38 -3.4e+38 -3.4e+38 -3.4e+38 -3.4e+38 -3.4e+38 -3.4e+38 -3.4e+38 -3.4e+38 -3.4e+38 -3.4e+38 -3.4e+38 -3.4e+38 -3.4e+38 -3.4e+38 -3.4e+38 -3.4e+38 -3.4e+38 -3.4e+38 -3.4e+38 -3.4e+38 -3.4e+38 -3.4e+38 -3.4e+38 -3.4e+38 -3.4e+38 -3.4e+38 -3.4e+38 -3.4e+38 -3.4e+38 -3.4e+38 -3.4e+38 -3.4e+38 -3.4e+38 -3.4e+38 -3.4e+38 -3.4e+38 -3.4e+38 -3.4e+38 -3.4e+38 -3.4e+38 -3.4e+38 -3.4e+38 -3.4e+38 106 106 107 107 108 108 109 110 111 -3.4e+38 113 114 -3.4e+38
