Demos/Rbased/CrashCourse/data/climate_processing/PresentLayers/bio4.asc
NCOLS 182 
NROWS 155 
XLLCORNER -87.625 
YLLCORNER 24.5416666666667 
CELLSIZE 0.0416666666666666 
NODATA_value -3.4e+38 
[rows 0 to 29 of 155, columns 67 to 133 of 182]
-3.4e+38 -3.4e+38 -3.4e+38 -3.4e+38 -3.4e+38 -3.4e+38 -3.4e+38 -3.4e+38 -3.4e+38 -3.4e+38 -3.4e+38 -3.4e+38 -3.4e+38 -3.4e+38 -3.4e+38 -3.4e+38 -3.4e+38 -3.4e+38 -3.4e+38 -3.4e+38 -3.4e+38 -3.4e+38 -3.4e+38 -3.4e+38 -3.4e+38 -3.4e+38 -3.4e+38 -3.4e+38 -3.4e+38 -3.4e+38 -3.4e+38 -3.4e+38 -3.4e+38 -3.4e+38 -3.4e+38 -3.4e+38 -3.4e+38 -3.4e+38 -3.4e+38 -3.4e+38 -3.4e+38 -3.4e+38 -3.4e+38 -3.4e+38 -3.4e+38 -3.4e+38 -3.4e+38 -3.4e+38 -3.4e+38 -3.4e+38 -3.4e+38 -3.4e+38 -3.4e+38 -3.4e+38 -3.4e+38 -3.4e+38 -3.4e+38 -3.4e+38 -3.4e+38 -3.4e+38 -3.4e+38 -3.4e+38 -3.4e+38 -3.4e+38 -3.4e+38 -3.4e+38 -3.4e+38
-3.4e+38 -3.4e+38 -3.4e+38 -3.4e+38 -3.4e+38 -3.4e+38 -3.4e+38 -3.4e+38 -3.4e+38 -3.4e+38 -3.4e+38 -3.4e+38 -3.4e+38 -3.4e+38 -3.4e+38 -3.4e+38 -3.4e+38 -3.4e+38 -3.4e+38 -3.4e+38 -3.4e+38 -3.4e+38 -3.4e+38 -3.4e+38 -3.4e+38 -3.4e+38 -3.4e+38 -3.4e+38 -3.4e+38 -3.4e+38 -3.4e+38 -3.4e+38 -3.4e+38 -3.4e+38 -3.4e+38 -3.4e+38 -3.4e+38 -3.4e+38 -3.4e+38 -3.4e+38 -3.4e+38 -3.4e+38 -3.4e+38 -3.4e+38 -3.4e+38 -3.4e+38 -3.4e+38 -3.4e+38 -3.4e+38 -3.4e+38 -3.4e+38 -3.4e+38 -3.4e+38 -3.4e+38 -3.4e+38 -3.4e+38 -3.4e+38 -3.4e+38 -3.4e+38 -3.4e+38 -3.4e+38 -3.4e+38 -3.4e+38 -3.4e+38 -3.4e+38 -3.4e+38 -3.4e+38
-3.4e+38 -3.4e+38 -3.4e+38 -3.4e+38 -3.4e+38 -3.4e+38 -3.4e+38 -3.4e+38 -3.4e+38 -3.4e+38 -3.4e+38 -3.4e+38 -3.4e+38 -3.4e+38 -3.4e+38 -3.4e+38 -3.4e+38 -3.4e+38 -3.4e+38 -3.4e+38 -3.4e+38 -3.4e+38 -3.4e+38 -3.4e+38 -3.4e+38 -3.4e+38 -3.4e+38 -3.4e+38 -3.4e+38 -3.4e+38 -3.4e+38 -3.4e+38 -3.4e+38 -3.4e+38 -3.4e+38 -3.4e+38 -3.4e+38 -3.4e+38 -3.4e+38 -3.4e+38 -3.4e+38 -3.4e+38 -3.4e+38 -3.4e+38 -3.4e+38 -3.4e+38 -3.4e+38 -3.4e+38 -3.4e+38 -3.4e+38 -3.4e+38 -3.4e+38 -3.4e+38 -3.4e+38 -3.4e+38 -3.4e+38 -3.4e+38 -3.4e+38 -3.4e+38 -3.4e+38 -3.4e+38 -3.4e+38 -3.4e+38 -3.4e+38 -3.4e+38 -3.4e+38 -3.4e+38
-3.4e+38 -3.4e+38 -3.4e+38 -3.4e+38 -3.4e+38 -3.4e+38 -3.4e+38 -3.4e+38 -3.4e+38 -3.4e+38 -3.4e+38 -3.4e+38 -3.4e+38 -3.4e+38 -3.4e+38 -3.4e+38 -3.4e+38 -3.4e+38 -3.4e+38 -3.4e+38 -3.4e+38 -3.4e+38 -3.4e+38 -3.4e+38 -3.4e+38 -3.4e+38 -3.4e+38 -3.4e+38 -3.4e+38 -3.4e+38 -3.4e+38 -3.4e+38 -3.4e+38 -3.4e+38 -3.4e+38 -3.4e+38 -3.4e+38 -3.4e+38 -3.4e+38 -3.4e+38 -3.4e+38 -3.4e+38 -3.4e+38 -3.4e+38 -3.4e+38 -3.4e+38 -3.4e+38 -3.4e+38 -3.4e+38 -3.4e+38 -3.4e+38 -3.4e+38 -3.4e+38 -3.4e+38 -3.4e+38 -3.4e+38 -3.4e+38 -3.4e+38 -3.4e+38 -3.4e+38 -3.4e+38 -3.4e+38 -3.4e+38 -3.4e+38 -3.4e+38 -3.4e+38 -3.4e+38
-3.4e+38 -3.4e+38 -3.4e+38 -3.4e+38 -3.4e+38 -3.4e+38 -3.4e+38 -3.4e+38 -3.4e+38 -3.4e+38 -3.4e+38 -3.4e+38 -3.4e+38 -3.4e+38 -3.4e+38 -3.4e+38 -3.4e+38 -3.4e+38 -3.4e+38 -3.4e+38 -3.4e+38 -3.4e+38 -3.4e+38 -3.4e+38 -3.4e+38 -3.4e+38 -3.4e+38 -3.4e+38 -3.4e+38 -3.4e+38 -3.4e+38 -3.4e+38 -3.4e+38 -3.4e+38 -3.4e+38 -3.4e+38 -3.4e+38 -3.4e+38 -3.4e+38 -3.4e+38 -3.4e+38 -3.4e+38 -3.4e+38 -3.4e+38 -3.4e+38 -3.4e+38 -3.4e+38 -3.4e+38 -3.4e+38 -3.4e+38 -3.4e+38 -3.4e+38 -3.4e+38 -3.4e+38 -3.4e+38 -3.4e+38 -3.4e+38 -3.4e+38 -3.4e+38 -3.4e+38 -3.4e+38 -3.4e+38 -3.4e+38 -3.4e+38 -3.4e+38 -3.4e+38 -3.4e+38
-3.4e+38 -3.4e+38 -3.4e+38 -3.4e+38 -3.4e+38 -3.4e+38 -3.4e+38 -3.4e+38 -3.4e+38 -3.4e+38 -3.4e+38 -3.4e+38 -3.4e+38 -3.4e+38 -3.4e+38 -3.4e+38 -3.4e+38 -3.4e+38 -3.4e+38 -3.4e+38 -3.4e+38 -3.4e+38 -3.4e+38 -3.4e+38 -3.4e+38 -3.4e+38 -3.4e+38 -3.4e+38 -3.4e+38 -3.4e+38 -3.4e+38 -3.4e+38 -3.4e+38 -3.4e+38 -3.4e+38 -3.4e+38 -3.4e+38 -3.4e+38 -3.4e+38 -3.4e+38 -3.4e+38 -3.4e+38 -3.4e+38 -3.4e+38 -3.4e+38 -3.4e+38 -3.4e+38 -3.4e+38 -3.4e+38 -3.4e+38 -3.4e+38 -3.4e+38 -3.4e+38 -3.4e+38 -3.4e+38 -3.4e+38 -3.4e+38 -3.4e+38 -3.4e+38 -3.4e+38 -3.4e+38 -3.4e+38 -3.4e+38 -3.4e+38 -3.4e+38 -3.4e+38 -3.4e+38
-3.4e+38 -3.4e+38 -3.4e+38 -3.4e+38 -3.4e+38 -3.4e+38 -3.4e+38 -3.4e+38 -3.4e+38 -3.4e+38 -3.4e+38 -3.4e+38 -3.4e+38 -3.4e+38 -3.4e+38 -3.4e+38 -3.4e+38 -3.4e+38 -3.4e+38 -3.4e+38 -3.4e+38 -3.4e+38 -3.4e+38 -3.4e+38 -3.4e+38 -3.4e+38 -3.4e+38 -3.4e+38 -3.4e+38 -3.4e+38 -3.4e+38 -3.4e+38 -3.4e+38 -3.4e+38 -3.4e+38 -3.4e+38 -3.4e+38 -3.4e+38 -3.4e+38 -3.4e+38 -3.4e+38 -3.4e+38 -3.4e+38 -3.4e+38 -3.4e+38 -3.4e+38 -3.4e+38 -3.4e+38 -3.4e+38 -3.4e+38 -3.4e+38 -3.4e+38 -3.4e+38 -3.4e+38 -3.4e+38 -3.4e+38 -3.4e+38 -3.4e+38 -3.4e+38 -3.4e+38 -3.4e+38 -3.4e+38 -3.4e+38 -3.4e+38 -3.4e+38 -3.4e+38 -3.4e+38
6112 6108 6114 6113 6077 6076 6081 6052 6068 6070 6068 6077 -3.4e+38 -3.4e+38 -3.4e+38 -3.4e+38 -3.4e+38 -3.4e+38 -3.4e+38 -3.4e+38 -3.4e+38 -3.4e+38 -3.4e+38 -3.4e+38 -3.4e+38 -3.4e+38 -3.4e+38 -3.4e+38 -3.4e+38 -3.4e+38 -3.4e+38 -3.4e+38 -3.4e+38 -3.4e+38 -3.4e+38 -3.4e+38 -3.4e+38 -3.4e+38 -3.4e+38 -3.4e+38 -3.4e+38 -3.4e+38 -3.4e+38 -3.4e+38 -3.4e+38 -3.4e+38 -3.4e+38 -3.4e+38 -3.4e+38 -3.4e+38 -3.4e+38 -3.4e+38 -3.4e+38 -3.4e+38 -3.4e+38 -3.4e+38 -3.4e+38 -3.4e+38 -3.4e+38 -3.4e+38 -3.4e+38 -3.4e+38 -3.4e+38 -3.4e+38 -3.4e+38 -3.4e+38 -3.4e+38
6080 6092 6066 6056 6056 6066 6059 6042 6064 6059 6040 6058 6039 6034 6041 6043 6020 6009 6009 6000 5994 5977 6000 5965 5959 5966 5965 5940 5964 5937 5942 5961 -3.4e+38 -3.4e+38 -3.4e+38 -3.4e+38 -3.4e+38 -3.4e+38 -3.4e+38 -3.4e+38 -3.4e+38 -3.4e+38 -3.4e+38 -3.4e+38 -3.4e+38 -3.4e+38 -3.4e+38 -3.4e+38 -3.4e+38 -3.4e+38 -3.4e+38 -3.4e+38 -3.4e+38 -3.4e+38 -3.4e+38 -3.4e+38 -3.4e+38 -3.4e+38 -3.4e+38 -3.4e+38 -3.4e+38 -3.4e+38 -3.4e+38 -3.4e+38 -3.4e+38 -3.4e+38 -3.4e+38
6076 6062 6065 6056 6056 6040 6055 6017 6047 6038 6049 6047 6027 6021 6015 6027 6031 6004 6009 5982 5972 5967 5972 5956 5947 5938 5950 5961 5944 5966 5947 5943 5942 5953 5947 5947 5940 5948 5960 5930 5944 5959 5912 5930 5923 5896 5897 5902 5892 -3.4e+38 -3.4e+38 -3.4e+38 -3.4e+38 -3.4e+38 -3.4e+38 -3.4e+38 -3.4e+38 -3.4e+38 -3.4e+38 -3.4e+38 -3.4e+38 -3.4e+38 -3.4e+38 -3.4e+38 -3.4e+38 -3.4e+38 -3.4e+38
6038 6038 6044 6025 6040 6035 6017 6017 5988 6025 6025 6023 6025 6015 6025 6014 6011 5995 5974 5974 5942 5938 5941 5956 5933 5917 5929 5936 5944 5923 5925 5912 5917 5947 5947 5931 5932 5927 5898 5926 5933 5912 5895 5906 5892 5885 5893 5870 5854 5843 5825 5805 5812 5814 5814 5769 5773 5768 5785 5767 5771 5760 5751 -3.4e+38 -3.4e+38 -3.4e+38 -3.4e+38
6027 6019 6015 6029 6036 6022 6008 5994 6027 6015 6019 6012 5999 5991 5992 5995 6005 5980 5962 5958 5946 5958 5958 5950 5920 5902 5910 5954 5936 5912 5887 5906 5912 5939 5932 5906 5900 5909 5910 5939 5911 5882 5866 5893 5888 5874 5874 5876 5859 5845 5830 5810 5806 5769 5769 5758 5748 5736 5730 5745 5732 5728 -3.4e+38 -3.4e+38 -3.4e+38 -3.4e+38 -3.4e+38
6015 6013 6014 5994 6002 5997 6014 5995 5995 6033 6034 6015 6004 5983 6010 5999 5979 5972 5959 5957 5941 5919 5931 5925 5925 5904 5896 5889 5896 5878 5885 5891 5878 5898 5910 5895 5864 5868 5907 5887 5878 5870 5870 5850 5860 5832 5845 5835 5829 5824 5815 5798 5773 5742 5732 5726 5715 5704 5707 5708 5703 5693 5729 -3.4e+38 -3.4e+38 -3.4e+38 -3.4e+38
6005 6022 6016 5995 5982 5985 6014 5974 5985 5999 6010 6007 5982 5968 5962 5985 5972 5954 5944 5946 5925 5913 5921 5920 5920 5904 5914 5906 5873 5861 5852 5881 5888 5879 5880 5851 5857 5879 5874 5885 5861 5825 5858 5839 5824 5840 5818 5804 5790 5807 5759 5765 5760 5751 5698 5707 5702 5710 5722 5733 5717 5699 5698 -3.4e+38 -3.4e+38 -3.4e+38 -3.4e+38
5984 5983 6005 5970 5992 5958 5976 5969 5974 6011 6027 5996 5968 5972 5958 5943 5969 5940 5926 5936 5920 5908 5898 5888 5887 5905 5892 5881 5882 5866 5846 5850 5852 5858 5879 5860 5861 5854 5857 5829 5814 5822 5842 5800 5799 5815 5787 5789 5775 5758 5763 5749 5745 5741 5699 5699 5700 5695 5705 5714 5705 5725 5677 -3.4e+38 -3.4e+38 -3.4e+38 -3.4e+38
5956 5959 5960 5970 5985 5985 5983 5968 5952 5972 6005 5956 5963 5962 5953 5943 5942 5936 5922 5892 5901 5907 5902 5864 5897 5869 5876 5853 5853 5860 5854 5841 5852 5836 5849 5844 5842 5822 5815 5815 5816 5832 5808 5789 5758 5760 5777 5751 5756 5737 5744 5700 5718 5681 5689 5705 5681 5672 5684 5713 5679 5679 5670 5684 5678 5681 5676
5939 5955 5945 5936 5939 5956 5967 5965 5951 5947 5974 5966 5943 5947 5933 5909 5902 5912 5930 5897 5898 5864 5844 5847 5847 5856 5850 5842 5833 5849 5848 5838 5826 5828 5821 5812 5802 5804 5813 5800 5826 5800 5766 5771 5765 5743 5712 5710 5714 5730 5700 5681 5673 5681 5666 5673 5654 5659 5679 5651 5683 5671 5657 5684 5647 5652 5652
5917 5914 5917 5931 5928 5941 5951 5957 5947 5937 5939 5954 5931 5919 5915 5920 5893 5879 5880 5905 5888 5858 5848 5817 5818 5854 5839 5820 5809 5819 5823 5809 5798 5806 5800 5799 5794 5782 5798 5811 5781 5754 5751 5755 5748 5735 5718 5719 5706 5696 5679 5678 5676 5670 5682 5654 5627 5633 5622 5654 5651 5642 5655 5643 5642 5660 5637
5937 5940 5932 5899 5908 5913 5913 5908 5926 5920 5909 5928 5911 5903 5920 5903 5898 5868 5835 5848 5858 5849 5839 5800 5803 5799 5804 5809 5790 5801 5779 5773 5818 5813 5797 5804 5786 5777 5772 5761 5753 5770 5737 5754 5753 5730 5708 5719 5683 5660 5654 5647 5647 5637 5627 5640 5646 5631 5633 5624 5635 5637 5626 5618 5595 5607 5598
5892 5903 5902 5911 5901 5903 5898 5889 5921 5901 5902 5895 5902 5873 5856 5882 5884 5854 5851 5848 5826 5821 5812 5780 5780 5786 5784 5788 5770 5764 5763 5755 5786 5781 5760 5759 5768 5766 5785 5794 5766 5762 5737 5731 5736 5691 5668 5662 5651 5662 5624 5624 5612 5605 5615 5618 5609 5595 5618 5586 5605 5614 5606 5605 5585 5573 5598
5909 5909 5898 5877 5889 5900 5900 5894 5889 5883 5881 5866 5870 5879 5874 5838 5842 5857 5857 5813 5799 5815 5814 5820 5770 5784 5783 5765 5752 5741 5743 5755 5748 5748 5735 5758 5758 5765 5769 5756 5752 5748 5742 5700 5672 5646 5662 5647 5620 5616 5616 5617 5581 5583 5560 5601 5580 5577 5564 5558 5578 5570 5556 5572 5563 5597 5578
5860 5860 5869 5878 5859 5862 5865 5853 5865 5864 5866 5843 5837 5859 5847 5839 5814 5816 5824 5809 5809 5785 5781 5777 5759 5739 5744 5740 5736 5708 5736 5725 5756 5740 5752 5765 5761 5760 5739 5715 5733 5720 5710 5685 5635 5628 5639 5625 5632 5609 5604 5577 5578 5577 5583 5572 5559 5565 5552 5553 5548 5535 5545 5557 5560 5542 5535
5827 5850 5828 5803 5827 5837 5853 5853 5838 5835 5827 -3.4e+38 -3.4e+38 -3.4e+38 -3.4e+38 -3.4e+38 -3.4e+38 -3.4e+38 -3.4e+38 -3.4e+38 -3.4e+38 5766 5761 5741 5751 5759 5743 5721 5703 5704 5718 5730 5737 5735 5754 5746 5733 5723 5712 5748 5722 5717 5696 5673 5659 5650 5641 5599 5600 5583 5562 5548 5567 5544 5564 5568 5554 5531 5544 5554 5520 5541 5546 5518 5528 5519 5509
5829 5829 5832 5834 5845 5849 5824 5812 5828 5827 5816 -3.4e+38 -3.4e+38 -3.4e+38 -3.4e+38 -3.4e+38 -3.4e+38 -3.4e+38 -3.4e+38 -3.4e+38 -3.4e+38 -3.4e+38 -3.4e+38 5713 5736 5727 5731 5697 5675 5678 5701 5706 5715 5706 5732 5732 5716 5706 5711 5718 5723 5719 5675 5664 5619 5651 5607 5601 5568 5573 5558 5520 5520 5519 5524 5548 5526 5527 5538 5515 5507 5504 5508 5512 5503 5504 5480
5794 5822 5821 5805 5806 5835 5812 5793 5805 -3.4e+38 -3.4e+38 5799 -3.4e+38 -3.4e+38 -3.4e+38 -3.4e+38 -3.4e+38 -3.4e+38 -3.4e+38 -3.4e+38 -3.4e+38 -3.4e+38 -3.4e+38 -3.4e+38 -3.4e+38 5712 5718 5704 5697 5673 5670 5674 5681 5706 5708 5697 5705 5705 5700 5715 5725 5687 5669 5643 5632 5606 5595 5577 5562 5550 5542 5547 5529 5516 5519 5510 5508 5496 5499 5489 5496 5505 5501 5465 5455 5443 5437
5795 5791 5801 5806 5805 5789 5782 5791 5767 5779 5800 5770 -3.4e+38 -3.4e+38 -3.4e+38 -3.4e+38 -3.4e+38 -3.4e+38 -3.4e+38 -3.4e+38 -3.4e+38 -3.4e+38 -3.4e+38 -3.4e+38 -3.4e+38 -3.4e+38 -3.4e+38 5683 5692 5667 5655 5663 5682 5696 5696 5699 5693 5695 5690 5686 5667 5679 5657 5633 5606 5597 5583 5573 5568 5536 5544 5532 5502 5499 5503 5466 5471 5457 5486 5472 5469 5480 5446 5451 5441 5436 5439
5789 5768 5787 5781 5767 5774 5782 -3.4e+38 -3.4e+38 -3.4e+38 -3.4e+38 -3.4e+38 -3.4e+38 -3.4e+38 -3.4e+38 -3.4e+38 -3.4e+38 -3.4e+38 -3.4e+38 -3.4e+38 -3.4e+38 -3.4e+38 -3.4e+38 -3.4e+38 -3.4e+38 -3.4e+38 -3.4e+38 -3.4e+38 5682 5653 5683 5669 5669 5681 5657 5668 5683 5680 5681 5647 5628 5656 5628 5614 5587 5564 5560 5558 5565 5527 5497 5509 5482 5473 5482 5465 5456 5447 5465 5450 5430 5453 5433 5427 5411 5432 5417
5781 5780 5759 5765 5772 -3.4e+38 -3.4e+38 -3.4e+38 -3.4e+38 -3.4e+38 -3.4e+38 -3.4e+38 -3.4e+38 -3.4e+38 -3.4e+38 -3.4e+38 -3.4e+38 -3.4e+38 -3.4e+38 -3.4e+38 -3.4e+38 -3.4e+38 -3.4e+38 -3.4e+38 -3.4e+38 -3.4e+38 -3.4e+38 -3.4e+38 -3.4e+38 5653 5659 5657 5675 5683 5662 5652 5660 5674 5651 5634 5635 5624 5624 5603 5553 5545 5561 5526 5525 5461 5469 5446 5445 5436 5455 5449 5426 5457 5435 5417 5428 5406 5413 5380 5407 5394 5379
5733 5724 5738 -3.4e+38 -3.4e+38 -3.4e+38 -3.4e+38 -3.4e+38 -3.4e+38 -3.4e+38 -3.4e+38 -3.4e+38 -3.4e+38 -3.4e+38 -3.4e+38 -3.4e+38 -3.4e+38 -3.4e+38 -3.4e+38 -3.4e+38 -3.4e+38 -3.4e+38 -3.4e+38 -3.4e+38 -3.4e+38 -3.4e+38 -3.4e+38 -3.4e+38 -3.4e+38 -3.4e+38 5649 5647 5637 5661 5655 5668 5657 5634 5621 5620 5603 5591 5611 5585 5541 5526 5531 5514 5485 5461 5445 5419 5433 5443 5434 5430 5423 5402 5428 5416 5385 5396 5387 5375 5375 5372 5365
5738 -3.4e+38 -3.4e+38 -3.4e+38 -3.4e+38 -3.4e+38 -3.4e+38 -3.4e+38 -3.4e+38 -3.4e+38 -3.4e+38 -3.4e+38 -3.4e+38 -3.4e+38 -3.4e+38 -3.4e+38 -3.4e+38 -3.4e+38 -3.4e+38 -3.4e+38 -3.4e+38 -3.4e+38 -3.4e+38 -3.4e+38 -3.4e+38 -3.4e+38 -3.4e+38 -3.4e+38 -3.4e+38 -3.4e+38 5620 5628 5651 5643 5632 5640 5653 5642 5627 5644 5586 5573 5565 5537 5516 5520 5511 5490 5479 5465 5435 5407 5388 5409 5398 5412 5418 5380 5396 5391 5367 5383 5389 5361 5364 5359 5335
