Demos/Rbased/CrashCourse/data/climate_processing/PresentLayers/bio4.asc
NCOLS 182 
NROWS 155 
XLLCORNER -87.625 
YLLCORNER 24.5416666666667 
CELLSIZE 0.0416666666666666 
NODATA_value -3.4e+38 
[rows 0 to 29 of 155, columns 0 to 66 of 182]
-339999999999999996123846586046231871488.000000000000000 6294 6304 6287 6291 6282 6281 6271 6252 6229 6237 6235 6224 6237 6245 6236 6249 6287 6287 6294 6324 6318 6340 6357 6352 6363 6350 6373 6362 6373 6368 6367 6362 6373 6360 6369 6361 6353 6378 6370 6343 6358 6315 6335 6353 6353 6341 6344 6331 6297 6329 6322 6295 6339 6304 6286 6323 6282 6270 6273 6297 6233 6245 -3.4e+38 -3.4e+38 -3.4e+38 -3.4e+38
-3.4e+38 6275 6267 6268 6268 6270 6260 6248 6238 6240 6229 6238 6226 6235 6246 6230 6251 6285 6285 6303 6302 6313 6319 6330 6323 6363 6335 6351 6355 6354 6354 6354 6354 6360 6355 6349 6349 6334 6348 6336 6335 6330 6309 6302 6317 6306 6297 6320 6284 6303 6317 6303 6275 6304 6296 6275 6265 6245 6230 6231 6256 6221 6211 -3.4e+38 -3.4e+38 -3.4e+38 -3.4e+38
6248 6257 6269 6255 6266 6250 6243 6248 6233 6234 6254 6248 6234 6255 6246 6256 6261 6261 6285 6300 6300 6313 6309 6330 6329 6342 6341 6351 6346 6355 6344 6345 6355 6328 6339 6327 6344 6321 6304 6291 6290 6282 6289 6288 6286 6289 6270 6287 6275 6289 6294 6281 6264 6270 6265 6264 6215 6228 6219 6220 6203 6234 6201 6195 -3.4e+38 -3.4e+38 -3.4e+38
6224 6229 6229 6238 6242 6227 6240 6222 6234 6227 6244 6244 6244 6234 6246 6261 6261 6261 6295 6269 6285 6309 6338 6329 6307 6319 6335 6330 6330 6317 6319 6327 6333 6301 6321 6320 6320 6314 6300 6296 6301 6282 6256 6277 6288 6300 6252 6260 6279 6261 6266 6276 6254 6262 6218 6230 6215 6201 6199 6181 6197 6218 6182 6167 6185 -3.4e+38 -3.4e+38
-3.4e+38 6222 6209 6199 6239 6228 6233 6228 6234 6228 6259 6254 6249 6259 6276 6276 6261 6295 6295 6306 6308 6295 6306 6297 6314 6319 6325 6325 6325 6319 6330 6308 6307 6297 6305 6305 6282 6291 6291 6252 6268 6268 6297 6277 6266 6252 6239 6244 6250 6225 6234 6253 6250 6214 6191 6194 6200 6190 6185 6155 6161 6177 6157 6151 6167 -3.4e+38 -3.4e+38
-3.4e+38 -3.4e+38 6221 6216 6211 6231 6220 6224 6241 6233 6251 6254 6251 6259 6281 6267 6289 6272 6301 6301 6297 6311 6302 6286 6297 6307 6305 6317 6302 6308 6308 6297 6297 6296 6297 6259 6263 6250 6273 6262 6270 6249 6278 6264 6251 6254 6229 6213 6217 6217 6210 6211 6205 6203 6182 6183 6161 6177 6169 6178 6151 6153 6154 6134 6141 -3.4e+38 -3.4e+38
-3.4e+38 -3.4e+38 -3.4e+38 6216 6216 6211 6213 6211 6230 6231 6251 6245 6264 6296 6296 6271 6271 6295 6283 6283 6281 6297 6293 6293 6303 6299 6292 6303 6293 6290 6280 6280 6281 6274 6257 6258 6261 6258 6231 6240 6198 6192 6204 6231 6213 6229 6215 6198 6194 6193 6185 6185 6156 6150 6165 6164 6152 6154 6163 6142 6142 6134 6142 6134 6113 6126 -3.4e+38
-3.4e+38 -3.4e+38 -3.4e+38 -3.4e+38 -3.4e+38 6193 6216 6219 6216 6227 6232 6237 6286 6290 6291 6272 6262 6263 6263 6283 6284 6282 6282 6282 6290 6300 6289 6308 6299 6289 6269 6264 6269 6258 6238 6230 6235 6214 6205 6214 6220 6204 6204 6209 6199 6186 6177 6176 6182 6178 6167 6164 6152 6159 6138 6131 6127 6132 6134 6132 6132 6134 6118 6107 6100 6114 6109
-3.4e+38 -3.4e+38 -3.4e+38 -3.4e+38 -3.4e+38 -3.4e+38 6205 6211 6225 6215 6226 6238 6238 6260 6253 6243 6266 6268 6263 6253 6265 6259 6259 6265 6273 6276 6288 6288 6287 6267 6271 6254 6264 6231 6253 6220 6206 6206 6221 6205 6197 6213 6182 6181 6182 6169 6150 6153 6155 6135 6134 6123 6116 6113 6104 6105 6115 6104 6090 6099 6113 6092 6086 6092 6088 6082 6081
-3.4e+38 -3.4e+38 -3.4e+38 -3.4e+38 -3.4e+38 6165 6167 6218 6205 6195 6233 6238 6233 6257 6249 6271 6249 6258 6244 6243 6256 6250 6266 6255 6290 6266 6276 6285 6265 6276 6261 6250 6233 6228 6228 6208 6200 6198 6205 6205 6183 6186 6163 6152 6143 6156 6161 6146 6111 6122 6100 6100 6095 6093 6095 6088 6079 6061 6066 6071 6079 6087 6068 6062 6067 6053 6059
-3.4e+38 -3.4e+38 -3.4e+38 -3.4e+38 -3.4e+38 6167 6177 6184 6195 6214 6216 -3.4e+38 6221 6234 6226 6238 6237 6241 6249 6230 6245 6268 6259 6249 6262 6272 6283 6262 6253 6263 6240 6250 6223 6222 6225 6190 6191 6184 6194 6173 6194 6134 6155 6157 6133 6142 6118 6102 6086 6101 6081 6073 6076 6085 6069 6067 6033 6052 6061 6056 6040 6051 6070 6051 6048 6048 6051
-3.4e+38 -3.4e+38 -3.4e+38 -3.4e+38 6153 6158 6173 6179 6199 6190 6202 -3.4e+38 -3.4e+38 6226 -3.4e+38 6221 6223 6211 6230 6220 6227 6248 6244 6244 6252 6257 6279 6240 6273 6234 6253 6228 6217 6207 6196 6188 6191 6201 6169 6156 6155 6169 6128 6135 6113 6133 6103 6086 6076 6076 6060 6057 6064 6036 6032 6020 6043 6023 6042 6046 6024 6036 6040 6018 6038 6024 6027
-3.4e+38 -3.4e+38 -3.4e+38 -3.4e+38 -3.4e+38 6140 6146 6151 6170 6189 6195 -3.4e+38 -3.4e+38 6202 -3.4e+38 -3.4e+38 6213 6200 6220 6192 6224 6230 6218 6239 6244 6235 6269 -3.4e+38 6235 6237 6240 6213 -3.4e+38 6178 6185 6171 6145 6170 6145 6155 6145 6159 6137 6091 6104 6085 6086 6067 6049 6076 6039 6037 6008 6008 5998 6021 6040 6046 6008 6021 6028 6012 6023 6023 6020 6017 6018
-3.4e+38 -3.4e+38 -3.4e+38 -3.4e+38 -3.4e+38 -3.4e+38 -3.4e+38 6149 6160 6170 6179 -3.4e+38 -3.4e+38 -3.4e+38 -3.4e+38 -3.4e+38 6190 6214 6198 6178 6213 6179 6224 6212 6207 6253 -3.4e+38 -3.4e+38 -3.4e+38 -3.4e+38 -3.4e+38 -3.4e+38 -3.4e+38 -3.4e+38 -3.4e+38 6182 6176 6153 6109 6132 6103 6098 6097 6109 6088 6064 6070 6083 6062 6032 6017 6007 5988 5984 5988 6026 6021 5999 5995 5985 5985 5997 6003 5998 5997 5996 6006
-3.4e+38 -3.4e+38 -3.4e+38 -3.4e+38 -3.4e+38 6112 6108 6135 6144 -3.4e+38 -3.4e+38 -3.4e+38 -3.4e+38 6168 6186 6173 -3.4e+38 -3.4e+38 -3.4e+38 -3.4e+38 -3.4e+38 6192 6182 -3.4e+38 6227 -3.4e+38 -3.4e+38 6229 6201 6191 -3.4e+38 6200 6166 6167 -3.4e+38 -3.4e+38 6136 6137 6118 6107 6090 6100 6101 6072 6068 6047 6054 6060 6044 6017 6008 5993 5988 5978 5988 5972 5962 5955 5977 5984 5969 5976 5969 5967 5989 5967 5977
-3.4e+38 -3.4e+38 -3.4e+38 -3.4e+38 -3.4e+38 6114 6121 6101 6125 -3.4e+38 6139 -3.4e+38 -3.4e+38 -3.4e+38 6157 -3.4e+38 -3.4e+38 -3.4e+38 -3.4e+38 -3.4e+38 -3.4e+38 -3.4e+38 -3.4e+38 -3.4e+38 -3.4e+38 -3.4e+38 -3.4e+38 -3.4e+38 -3.4e+38 -3.4e+38 -3.4e+38 -3.4e+38 -3.4e+38 6140 6135 6135 6137 6125 6119 6094 6083 6088 6078 6075 6052 6036 6043 6030 6024 6011 6003 5988 5980 5963 5956 5960 5981 5963 5971 5972 5943 5959 5989 5974 5968 5972 5952
-3.4e+38 -3.4e+38 -3.4e+38 6113 -3.4e+38 -3.4e+38 6103 -3.4e+38 -3.4e+38 -3.4e+38 -3.4e+38 -3.4e+38 -3.4e+38 -3.4e+38 -3.4e+38 -3.4e+38 -3.4e+38 -3.4e+38 -3.4e+38 -3.4e+38 -3.4e+38 -3.4e+38 -3.4e+38 -3.4e+38 -3.4e+38 -3.4e+38 -3.4e+38 -3.4e+38 -3.4e+38 -3.4e+38 -3.4e+38 -3.4e+38 -3.4e+38 -3.4e+38 -3.4e+38 -3.4e+38 6097 6094 6082 6085 6080 6074 6050 6044 6042 6042 6011 6010 6006 5988 5990 5977 5973 5966 5971 5948 5964 5939 5939 5934 5946 5964 5966 5938 5936 5946 5964
-3.4e+38 -3.4e+38 -3.4e+38 -3.4e+38 -3.4e+38 -3.4e+38 -3.4e+38 -3.4e+38 -3.4e+38 -3.4e+38 -3.4e+38 -3.4e+38 -3.4e+38 -3.4e+38 -3.4e+38 -3.4e+38 -3.4e+38 -3.4e+38 -3.4e+38 -3.4e+38 -3.4e+38 -3.4e+38 -3.4e+38 -3.4e+38 -3.4e+38 -3.4e+38 -3.4e+38 -3.4e+38 -3.4e+38 -3.4e+38 -3.4e+38 -3.4e+38 -3.4e+38 -3.4e+38 -3.4e+38 -3.4e+38 -3.4e+38 -3.4e+38 -3.4e+38 6058 6057 6043 6051 -3.4e+38 -3.4e+38 6036 6037 6026 6002 5997 5963 5964 5980 5946 5946 5934 5945 5933 5922 5939 5933 5925 5926 5931 5891 5905 5916
-3.4e+38 -3.4e+38 -3.4e+38 -3.4e+38 -3.4e+38 -3.4e+38 -3.4e+38 -3.4e+38 -3.4e+38 -3.4e+38 -3.4e+38 -3.4e+38 -3.4e+38 -3.4e+38 -3.4e+38 -3.4e+38 -3.4e+38 -3.4e+38 -3.4e+38 -3.4e+38 -3.4e+38 -3.4e+38 -3.4e+38 -3.4e+38 -3.4e+38 -3.4e+38 -3.4e+38 -3.4e+38 -3.4e+38 -3.4e+38 -3.4e+38 -3.4e+38 -3.4e+38 -3.4e+38 -3.4e+38 -3.4e+38 -3.4e+38 -3.4e+38 -3.4e+38 -3.4e+38 -3.4e+38 6030 6031 6050 6023 -3.4e+38 -3.4e+38 6009 5982 5989 5978 5962 5938 5957 5923 5918 5920 5925 5921 5909 5915 5913 5909 5920 5910 5912 5920
-3.4e+38 -3.4e+38 -3.4e+38 -3.4e+38 -3.4e+38 -3.4e+38 -3.4e+38 -3.4e+38 -3.4e+38 -3.4e+38 -3.4e+38 -3.4e+38 -3.4e+38 -3.4e+38 -3.4e+38 -3.4e+38 -3.4e+38 -3.4e+38 -3.4e+38 -3.4e+38 -3.4e+38 -3.4e+38 -3.4e+38 -3.4e+38 -3.4e+38 -3.4e+38 -3.4e+38 -3.4e+38 -3.4e+38 -3.4e+38 -3.4e+38 -3.4e+38 -3.4e+38 -3.4e+38 -3.4e+38 -3.4e+38 -3.4e+38 -3.4e+38 -3.4e+38 -3.4e+38 -3.4e+38 -3.4e+38 -3.4e+38 6022 6000 -3.4e+38 5981 5993 5987 5965 5969 5944 5938 5947 5934 5922 5922 5901 5895 5889 5901 5890 5882 5893 5893 5912 5901
-3.4e+38 -3.4e+38 -3.4e+38 -3.4e+38 -3.4e+38 -3.4e+38 -3.4e+38 -3.4e+38 -3.4e+38 -3.4e+38 -3.4e+38 -3.4e+38 -3.4e+38 -3.4e+38 -3.4e+38 -3.4e+38 -3.4e+38 -3.4e+38 -3.4e+38 -3.4e+38 -3.4e+38 -3.4e+38 -3.4e+38 -3.4e+38 -3.4e+38 -3.4e+38 -3.4e+38 -3.4e+38 -3.4e+38 -3.4e+38 -3.4e+38 -3.4e+38 -3.4e+38 -3.4e+38 -3.4e+38 -3.4e+38 -3.4e+38 -3.4e+38 -3.4e+38 -3.4e+38 -3.4e+38 -3.4e+38 -3.4e+38 -3.4e+38 -3.4e+38 5999 -3.4e+38 5979 5972 5975 5964 5956 5936 5929 5928 5919 5887 5884 5882 5862 5876 5871 5882 5887 5879 5884 5894
-3.4e+38 -3.4e+38 -3.4e+38 -3.4e+38 -3.4e+38 -3.4e+38 -3.4e+38 -3.4e+38 -3.4e+38 -3.4e+38 -3.4e+38 -3.4e+38 -3.4e+38 -3.4e+38 -3.4e+38 -3.4e+38 -3.4e+38 -3.4e+38 -3.4e+38 -3.4e+38 -3.4e+38 -3.4e+38 -3.4e+38 -3.4e+38 -3.4e+38 -3.4e+38 -3.4e+38 -3.4e+38 -3.4e+38 -3.4e+38 -3.4e+38 -3.4e+38 -3.4e+38 -3.4e+38 -3.4e+38 -3.4e+38 -3.4e+38 -3.4e+38 -3.4e+38 -3.4e+38 -3.4e+38 -3.4e+38 -3.4e+38 -3.4e+38 -3.4e+38 -3.4e+38 -3.4e+38 5963 -3.4e+38 -3.4e+38 5921 5920 5916 5900 5901 5870 5859 5879 5851 5834 5835 5845 5841 5841 5864 5863 5886
-3.4e+38 -3.4e+38 -3.4e+38 -3.4e+38 -3.4e+38 -3.4e+38 -3.4e+38 -3.4e+38 -3.4e+38 -3.4e+38 -3.4e+38 -3.4e+38 -3.4e+38 -3.4e+38 -3.4e+38 -3.4e+38 -3.4e+38 -3.4e+38 -3.4e+38 -3.4e+38 -3.4e+38 -3.4e+38 -3.4e+38 -3.4e+38 -3.4e+38 -3.4e+38 -3.4e+38 -3.4e+38 -3.4e+38 -3.4e+38 -3.4e+38 -3.4e+38 -3.4e+38 -3.4e+38 -3.4e+38 -3.4e+38 -3.4e+38 -3.4e+38 -3.4e+38 -3.4e+38 -3.4e+38 -3.4e+38 -3.4e+38 -3.4e+38 -3.4e+38 -3.4e+38 -3.4e+38 -3.4e+38 5943 5959 -3.4e+38 5924 -3.4e+38 5904 5881 5886 5860 5851 5869 5826 5831 5831 5841 5843 5841 5837 5841
-3.4e+38 -3.4e+38 -3.4e+38 -3.4e+38 -3.4e+38 -3.4e+38 -3.4e+38 -3.4e+38 -3.4e+38 -3.4e+38 -3.4e+38 -3.4e+38 -3.4e+38 -3.4e+38 -3.4e+38 -3.4e+38 -3.4e+38 -3.4e+38 -3.4e+38 -3.4e+38 -3.4e+38 -3.4e+38 -3.4e+38 -3.4e+38 -3.4e+38 -3.4e+38 -3.4e+38 -3.4e+38 -3.4e+38 -3.4e+38 -3.4e+38 -3.4e+38 -3.4e+38 -3.4e+38 -3.4e+38 -3.4e+38 -3.4e+38 -3.4e+38 -3.4e+38 -3.4e+38 -3.4e+38 -3.4e+38 -3.4e+38 -3.4e+38 -3.4e+38 -3.4e+38 -3.4e+38 -3.4e+38 -3.4e+38 -3.4e+38 5930 5903 -3.4e+38 5893 5869 5870 5865 5870 5846 5852 5836 5841 5830 5802 5818 5825 5840
-3.4e+38 -3.4e+38 -3.4e+38 -3.4e+38 -3.4e+38 -3.4e+38 -3.4e+38 -3.4e+38 -3.4e+38 -3.4e+38 -3.4e+38 -3.4e+38 -3.4e+38 -3.4e+38 -3.4e+38 -3.4e+38 -3.4e+38 -3.4e+38 -3.4e+38 -3.4e+38 -3.4e+38 -3.4e+38 -3.4e+38 -3.4e+38 -3.4e+38 -3.4e+38 -3.4e+38 -3.4e+38 -3.4e+38 -3.4e+38 -3.4e+38 -3.4e+38 -3.4e+38 -3.4e+38 -3.4e+38 -3.4e+38 -3.4e+38 -3.4e+38 -3.4e+38 -3.4e+38 -3.4e+38 -3.4e+38 -3.4e+38 -3.4e+38 -3.4e+38 -3.4e+38 -3.4e+38 -3.4e+38 -3.4e+38 -3.4e+38 -3.4e+38 5897 5901 5882 5866 5855 5857 5863 5850 5834 5828 5828 5804 5819 5812 5823 5823
-3.4e+38 -3.4e+38 -3.4e+38 -3.4e+38 -3.4e+38 -3.4e+38 -3.4e+38 -3.4e+38 -3.4e+38 -3.4e+38 -3.4e+38 -3.4e+38 -3.4e+38 -3.4e+38 -3.4e+38 -3.4e+38 -3.4e+38 -3.4e+38 -3.4e+38 -3.4e+38 -3.4e+38 -3.4e+38 -3.4e+38 -3.4e+38 -3.4e+38 -3.4e+38 -3.4e+38 -3.4e+38 -3.4e+38 -3.4e+38 -3.4e+38 -3.4e+38 -3.4e+38 -3.4e+38 -3.4e+38 -3.4e+38 -3.4e+38 -3.4e+38 -3.4e+38 -3.4e+38 -3.4e+38 -3.4e+38 -3.4e+38 -3.4e+38 -3.4e+38 -3.4e+38 -3.4e+38 -3.4e+38 -3.4e+38 -3.4e+38 -3.4e+38 -3.4e+38 -3.4e+38 5869 5861 5837 5819 5825 5825 5823 5805 5804 5785 5795 5796 5780 5802
-3.4e+38 -3.4e+38 -3.4e+38 -3.4e+38 -3.4e+38 -3.4e+38 -3.4e+38 -3.4e+38 -3.4e+38 -3.4e+38 -3.4e+38 -3.4e+38 -3.4e+38 -3.4e+38 -3.4e+38 -3.4e+38 -3.4e+38 -3.4e+38 -3.4e+38 -3.4e+38 -3.4e+38 -3.4e+38 -3.4e+38 -3.4e+38 -3.4e+38 -3.4e+38 -3.4e+38 -3.4e+38 -3.4e+38 -3.4e+38 -3.4e+38 -3.4e+38 -3.4e+38 -3.4e+38 -3.4e+38 -3.4e+38 -3.4e+38 -3.4e+38 -3.4e+38 -3.4e+38 -3.4e+38 -3.4e+38 -3.4e+38 -3.4e+38 -3.4e+38 -3.4e+38 -3.4e+38 -3.4e+38 -3.4e+38 -3.4e+38 -3.4e+38 -3.4e+38 -3.4e+38 -3.4e+38 5851 5834 5814 5816 5828 5800 5787 5799 5781 5787 5799 5789 5787
-3.4e+38 -3.4e+38 -3.4e+38 -3.4e+38 -3.4e+38 -3.4e+38 -3.4e+38 -3.4e+38 -3.4e+38 -3.4e+38 -3.4e+38 -3.4e+38 -3.4e+38 -3.4e+38 -3.4e+38 -3.4e+38 -3.4e+38 -3.4e+38 -3.4e+38 -3.4e+38 -3.4e+38 -3.4e+38 -3.4e+38 -3.4e+38 -3.4e+38 -3.4e+38 -3.4e+38 -3.4e+38 -3.4e+38 -3.4e+38 -3.4e+38 -3.4e+38 -3.4e+38 -3.4e+38 -3.4e+38 -3.4e+38 -3.4e+38 -3.4e+38 -3.4e+38 -3.4e+38 -3.4e+38 -3.4e+38 -3.4e+38 -3.4e+38 -3.4e+38 -3.4e+38 -3.4e+38 -3.4e+38 -3.4e+38 -3.4e+38 -3.4e+38 -3.4e+38 -3.4e+38 -3.4e+38 -3.4e+38 5795 5816 5791 5795 5785 5788 5780 5771 5796 5786 5776 5770
-3.4e+38 -3.4e+38 -3.4e+38 -3.4e+38 -3.4e+38 -3.4e+38 -3.4e+38 -3.4e+38 -3.4e+38 -3.4e+38 -3.4e+38 -3.4e+38 -3.4e+38 -3.4e+38 -3.4e+38 -3.4e+38 -3.4e+38 -3.4e+38 -3.4e+38 -3.4e+38 -3.4e+38 -3.4e+38 -3.4e+38 -3.4e+38 -3.4e+38 -3.4e+38 -3.4e+38 -3.4e+38 -3.4e+38 -3.4e+38 -3.4e+38 -3.4e+38 -3.4e+38 -3.4e+38 -3.4e+38 -3.4e+38 -3.4e+38 -3.4e+38 -3.4e+38 -3.4e+38 -3.4e+38 -3.4e+38 -3.4e+38 -3.4e+38 -3.4e+38 -3.4e+38 -3.4e+38 -3.4e+38 -3.4e+38 -3.4e+38 -3.4e+38 -3.4e+38 -3.4e+38 -3.4e+38 -3.4e+38 -3.4e+38 5813 5784 5777 5760 5750 5760 5766 5739 5749 5733 -3.4e+38
-3.4e+38 -3.4e+38 -3.4e+38 -3.4e+38 -3.4e+38 -3.4e+38 -3.4e+38 -3.4e+38 -3.4e+38 -3.4e+38 -3.4e+38 -3.4e+38 -3.4e+38 -3.4e+38 -3.4e+38 -3.4e+38 -3.4e+38 -3.4e+38 -3.4e+38 -3.4e+38 -3.4e+38 -3.4e+38 -3.4e+38 -3.4e+38 -3.4e+38 -3.4e+38 -3.4e+38 -3.4e+38 -3.4e+38 -3.4e+38 -3.4e+38 -3.4e+38 -3.4e+38 -3.4e+38 -3.4e+38 -3.4e+38 -3.4e+38 -3.4e+38 -3.4e+38 -3.4e+38 -3.4e+38 -3.4e+38 -3.4e+38 -3.4e+38 -3.4e+38 -3.4e+38 -3.4e+38 -3.4e+38 -3.4e+38 -3.4e+38 -3.4e+38 -3.4e+38 -3.4e+38 -3.4e+38 -3.4e+38 -3.4e+38 5771 5778 5773 5756 5747 5747 5733 5764 5754 -3.4e+38 5743
