Demos/Rbased/CrashCourse/data/climate_processing/PresentLayers/bio6.asc
NCOLS 182 
NROWS 155 
XLLCORNER -87.625 
YLLCORNER 24.5416666666667 
CELLSIZE 0.0416666666666666 
NODATA_value -3.4e+38 
[rows 0 to 30 of 155, columns 0 to 69 of 182]
-339999999999999996123846586046231871488.000000000000000 31 31 31 31 31 31 30 31 31 30 29 28 28 28 28 28 27 27 27 27 28 27 27 27 27 27 27 26 27 27 27 27 28 29 29 30 31 31 32 32 32 33 33 33 33 33 33 33 33 34 34 34 34 34 34 34 34 34 34 34 35 35 -3.4e+38 -3.4e+38 -3.4e+38 -3.4e+38 -3.4e+38 -3.4e+38 -3.4e+38
-3.4e+38 33 33 33 33 32 32 32 33 32 31 30 30 30 29 30 30 29 29 29 29 29 29 29 29 29 29 28 29 29 29 29 29 29 30 30 31 32 32 33 33 33 34 34 34 34 34 33 33 33 33 33 33 34 34 34 34 34 34 34 35 35 36 -3.4e+38 -3.4e+38 -3.4e+38 -3.4e+38 -3.4e+38 -3.4e+38 -3.4e+38
36 35 35 34 34 34 34 35 35 33 32 32 33 32 32 32 32 32 31 31 31 31 31 31 31 31 30 30 30 30 31 30 31 31 32 32 32 32 33 34 34 35 34 34 34 34 34 34 33 34 33 33 34 34 34 34 34 35 35 35 35 36 36 36 -3.4e+38 -3.4e+38 -3.4e+38 -3.4e+38 -3.4e+38 -3.4e+38
37 37 36 36 36 36 36 37 36 35 34 34 34 34 34 34 34 34 33 33 33 33 32 32 33 32 32 33 33 33 33 33 32 33 33 33 33 33 34 34 34 35 35 35 35 34 34 34 34 34 34 33 33 33 34 34 35 35 35 35 35 36 36 36 36 -3.4e+38 -3.4e+38 -3.4e+38 -3.4e+38 -3.4e+38
-3.4e+38 38 38 38 37 38 38 39 38 37 36 35 36 37 37 36 36 36 35 35 35 35 34 34 35 33 34 34 34 34 34 34 34 34 34 34 35 35 35 35 36 36 36 36 35 35 34 34 35 35 34 33 33 33 34 34 34 35 35 36 36 36 36 36 37 -3.4e+38 -3.4e+38 -3.4e+38 -3.4e+38 -3.4e+38
-3.4e+38 -3.4e+38 40 39 40 39 40 41 40 39 38 38 38 38 39 38 37 38 37 37 37 36 36 36 36 35 36 36 36 36 36 35 36 36 36 36 36 37 37 36 37 37 37 36 36 35 35 35 35 34 33 33 33 33 34 34 34 35 35 35 36 36 36 37 37 -3.4e+38 -3.4e+38 -3.4e+38 -3.4e+38 -3.4e+38
-3.4e+38 -3.4e+38 -3.4e+38 42 42 41 41 43 43 41 40 40 40 40 40 41 40 40 39 39 39 38 38 39 38 38 38 38 37 37 37 37 37 37 37 37 37 38 38 38 38 38 38 37 36 36 36 36 35 34 33 33 34 34 34 34 35 35 35 35 36 36 36 36 37 38 -3.4e+38 -3.4e+38 -3.4e+38 -3.4e+38
-3.4e+38 -3.4e+38 -3.4e+38 -3.4e+38 -3.4e+38 44 43 44 45 44 43 43 43 42 42 43 43 42 40 40 40 41 41 41 41 40 40 40 40 39 39 38 39 39 39 39 39 39 38 38 39 39 38 38 37 37 37 37 35 35 34 34 34 34 34 35 35 36 36 36 36 36 37 37 37 38 38 37 36 36
-3.4e+38 -3.4e+38 -3.4e+38 -3.4e+38 -3.4e+38 -3.4e+38 46 46 47 47 45 45 45 45 45 44 43 43 43 43 43 42 42 42 41 41 41 41 41 40 41 40 40 40 41 40 40 40 40 40 40 40 39 39 38 38 38 37 36 36 35 34 34 33 34 34 34 35 36 37 36 37 37 37 38 38 38 37 37 37
-3.4e+38 -3.4e+38 -3.4e+38 -3.4e+38 -3.4e+38 48 48 48 49 49 48 47 47 47 47 46 45 46 45 44 44 43 43 43 43 43 43 43 42 42 43 42 42 42 42 42 41 41 41 41 41 41 40 40 39 38 37 36 36 35 35 34 34 34 34 34 35 35 37 36 36 37 38 38 39 38 37 37 37 37
-3.4e+38 -3.4e+38 -3.4e+38 -3.4e+38 -3.4e+38 50 50 50 50 51 51 -3.4e+38 49 49 49 48 48 47 46 45 45 44 44 44 44 45 46 45 44 45 44 44 43 43 43 43 43 42 42 42 41 42 41 39 38 38 38 37 37 36 35 34 34 35 35 35 36 36 37 37 37 38 38 39 38 37 37 37 38 38
-3.4e+38 -3.4e+38 -3.4e+38 -3.4e+38 52 52 52 52 52 52 52 -3.4e+38 -3.4e+38 51 -3.4e+38 50 48 48 47 47 46 46 46 46 46 47 47 48 47 47 46 46 45 45 45 45 44 44 43 42 43 42 42 41 40 39 39 38 38 38 36 36 35 35 35 36 36 37 38 38 38 39 39 39 38 38 38 39 39 38
-3.4e+38 -3.4e+38 -3.4e+38 -3.4e+38 -3.4e+38 55 55 55 54 54 54 -3.4e+38 -3.4e+38 53 -3.4e+38 -3.4e+38 50 49 49 48 48 48 48 48 49 49 49 -3.4e+38 49 48 47 47 -3.4e+38 46 47 46 46 45 45 44 44 44 42 42 41 40 40 39 39 38 37 36 36 36 36 36 37 38 38 39 39 39 40 40 39 39 39 39 39 39
-3.4e+38 -3.4e+38 -3.4e+38 -3.4e+38 -3.4e+38 -3.4e+38 -3.4e+38 56 56 56 56 -3.4e+38 -3.4e+38 -3.4e+38 -3.4e+38 -3.4e+38 52 52 51 51 50 50 49 50 50 50 -3.4e+38 -3.4e+38 -3.4e+38 -3.4e+38 -3.4e+38 -3.4e+38 -3.4e+38 -3.4e+38 -3.4e+38 47 47 46 46 45 45 44 44 43 42 41 41 40 40 39 38 37 37 37 37 38 38 38 39 40 40 40 41 40 40 40 40 40 40 40
-3.4e+38 -3.4e+38 -3.4e+38 -3.4e+38 -3.4e+38 57 58 58 58 -3.4e+38 -3.4e+38 -3.4e+38 -3.4e+38 56 55 54 -3.4e+38 -3.4e+38 -3.4e+38 -3.4e+38 -3.4e+38 51 51 -3.4e+38 51 -3.4e+38 -3.4e+38 51 52 51 -3.4e+38 50 50 49 -3.4e+38 -3.4e+38 48 47 47 47 46 45 44 44 43 43 42 41 41 41 40 39 39 38 38 39 39 40 40 41 41 41 42 41 41 41 41 42 42 42
-3.4e+38 -3.4e+38 -3.4e+38 -3.4e+38 -3.4e+38 58 59 59 59 -3.4e+38 59 -3.4e+38 -3.4e+38 -3.4e+38 57 -3.4e+38 -3.4e+38 -3.4e+38 -3.4e+38 -3.4e+38 -3.4e+38 -3.4e+38 -3.4e+38 -3.4e+38 -3.4e+38 -3.4e+38 -3.4e+38 -3.4e+38 -3.4e+38 -3.4e+38 -3.4e+38 -3.4e+38 -3.4e+38 50 50 50 49 49 48 47 47 46 46 45 45 44 44 43 43 42 41 41 41 40 41 41 41 41 42 42 42 42 42 42 42 42 43 43 43 43
-3.4e+38 -3.4e+38 -3.4e+38 59 -3.4e+38 -3.4e+38 59 -3.4e+38 -3.4e+38 -3.4e+38 -3.4e+38 -3.4e+38 -3.4e+38 -3.4e+38 -3.4e+38 -3.4e+38 -3.4e+38 -3.4e+38 -3.4e+38 -3.4e+38 -3.4e+38 -3.4e+38 -3.4e+38 -3.4e+38 -3.4e+38 -3.4e+38 -3.4e+38 -3.4e+38 -3.4e+38 -3.4e+38 -3.4e+38 -3.4e+38 -3.4e+38 -3.4e+38 -3.4e+38 -3.4e+38 50 50 49 49 48 48 47 47 46 45 45 44 44 44 44 43 43 42 42 42 42 42 42 43 43 43 43 43 43 43 43 43 44 44
-3.4e+38 -3.4e+38 -3.4e+38 -3.4e+38 -3.4e+38 -3.4e+38 -3.4e+38 -3.4e+38 -3.4e+38 -3.4e+38 -3.4e+38 -3.4e+38 -3.4e+38 -3.4e+38 -3.4e+38 -3.4e+38 -3.4e+38 -3.4e+38 -3.4e+38 -3.4e+38 -3.4e+38 -3.4e+38 -3.4e+38 -3.4e+38 -3.4e+38 -3.4e+38 -3.4e+38 -3.4e+38 -3.4e+38 -3.4e+38 -3.4e+38 -3.4e+38 -3.4e+38 -3.4e+38 -3.4e+38 -3.4e+38 -3.4e+38 -3.4e+38 -3.4e+38 50 50 49 49 -3.4e+38 -3.4e+38 47 46 46 46 46 45 45 45 44 44 44 44 44 44 44 44 45 44 44 44 44 44 44 45 45
-3.4e+38 -3.4e+38 -3.4e+38 -3.4e+38 -3.4e+38 -3.4e+38 -3.4e+38 -3.4e+38 -3.4e+38 -3.4e+38 -3.4e+38 -3.4e+38 -3.4e+38 -3.4e+38 -3.4e+38 -3.4e+38 -3.4e+38 -3.4e+38 -3.4e+38 -3.4e+38 -3.4e+38 -3.4e+38 -3.4e+38 -3.4e+38 -3.4e+38 -3.4e+38 -3.4e+38 -3.4e+38 -3.4e+38 -3.4e+38 -3.4e+38 -3.4e+38 -3.4e+38 -3.4e+38 -3.4e+38 -3.4e+38 -3.4e+38 -3.4e+38 -3.4e+38 -3.4e+38 -3.4e+38 50 50 50 49 -3.4e+38 -3.4e+38 48 48 48 47 47 47 46 46 46 45 45 45 45 45 45 45 45 45 45 45 45 45 46
-3.4e+38 -3.4e+38 -3.4e+38 -3.4e+38 -3.4e+38 -3.4e+38 -3.4e+38 -3.4e+38 -3.4e+38 -3.4e+38 -3.4e+38 -3.4e+38 -3.4e+38 -3.4e+38 -3.4e+38 -3.4e+38 -3.4e+38 -3.4e+38 -3.4e+38 -3.4e+38 -3.4e+38 -3.4e+38 -3.4e+38 -3.4e+38 -3.4e+38 -3.4e+38 -3.4e+38 -3.4e+38 -3.4e+38 -3.4e+38 -3.4e+38 -3.4e+38 -3.4e+38 -3.4e+38 -3.4e+38 -3.4e+38 -3.4e+38 -3.4e+38 -3.4e+38 -3.4e+38 -3.4e+38 -3.4e+38 -3.4e+38 51 51 -3.4e+38 50 50 50 50 50 49 49 48 48 47 47 47 47 47 46 46 46 46 46 46 46 47 47 46
-3.4e+38 -3.4e+38 -3.4e+38 -3.4e+38 -3.4e+38 -3.4e+38 -3.4e+38 -3.4e+38 -3.4e+38 -3.4e+38 -3.4e+38 -3.4e+38 -3.4e+38 -3.4e+38 -3.4e+38 -3.4e+38 -3.4e+38 -3.4e+38 -3.4e+38 -3.4e+38 -3.4e+38 -3.4e+38 -3.4e+38 -3.4e+38 -3.4e+38 -3.4e+38 -3.4e+38 -3.4e+38 -3.4e+38 -3.4e+38 -3.4e+38 -3.4e+38 -3.4e+38 -3.4e+38 -3.4e+38 -3.4e+38 -3.4e+38 -3.4e+38 -3.4e+38 -3.4e+38 -3.4e+38 -3.4e+38 -3.4e+38 -3.4e+38 -3.4e+38 53 -3.4e+38 52 53 53 53 52 51 50 49 49 48 48 48 48 48 48 47 47 47 48 48 48 47 47
-3.4e+38 -3.4e+38 -3.4e+38 -3.4e+38 -3.4e+38 -3.4e+38 -3.4e+38 -3.4e+38 -3.4e+38 -3.4e+38 -3.4e+38 -3.4e+38 -3.4e+38 -3.4e+38 -3.4e+38 -3.4e+38 -3.4e+38 -3.4e+38 -3.4e+38 -3.4e+38 -3.4e+38 -3.4e+38 -3.4e+38 -3.4e+38 -3.4e+38 -3.4e+38 -3.4e+38 -3.4e+38 -3.4e+38 -3.4e+38 -3.4e+38 -3.4e+38 -3.4e+38 -3.4e+38 -3.4e+38 -3.4e+38 -3.4e+38 -3.4e+38 -3.4e+38 -3.4e+38 -3.4e+38 -3.4e+38 -3.4e+38 -3.4e+38 -3.4e+38 -3.4e+38 -3.4e+38 55 -3.4e+38 -3.4e+38 54 54 53 53 52 51 50 50 49 49 49 49 49 49 49 49 48 48 48 48
-3.4e+38 -3.4e+38 -3.4e+38 -3.4e+38 -3.4e+38 -3.4e+38 -3.4e+38 -3.4e+38 -3.4e+38 -3.4e+38 -3.4e+38 -3.4e+38 -3.4e+38 -3.4e+38 -3.4e+38 -3.4e+38 -3.4e+38 -3.4e+38 -3.4e+38 -3.4e+38 -3.4e+38 -3.4e+38 -3.4e+38 -3.4e+38 -3.4e+38 -3.4e+38 -3.4e+38 -3.4e+38 -3.4e+38 -3.4e+38 -3.4e+38 -3.4e+38 -3.4e+38 -3.4e+38 -3.4e+38 -3.4e+38 -3.4e+38 -3.4e+38 -3.4e+38 -3.4e+38 -3.4e+38 -3.4e+38 -3.4e+38 -3.4e+38 -3.4e+38 -3.4e+38 -3.4e+38 -3.4e+38 58 59 -3.4e+38 56 -3.4e+38 54 53 53 52 51 51 51 51 51 50 50 50 50 50 50 49 49
-3.4e+38 -3.4e+38 -3.4e+38 -3.4e+38 -3.4e+38 -3.4e+38 -3.4e+38 -3.4e+38 -3.4e+38 -3.4e+38 -3.4e+38 -3.4e+38 -3.4e+38 -3.4e+38 -3.4e+38 -3.4e+38 -3.4e+38 -3.4e+38 -3.4e+38 -3.4e+38 -3.4e+38 -3.4e+38 -3.4e+38 -3.4e+38 -3.4e+38 -3.4e+38 -3.4e+38 -3.4e+38 -3.4e+38 -3.4e+38 -3.4e+38 -3.4e+38 -3.4e+38 -3.4e+38 -3.4e+38 -3.4e+38 -3.4e+38 -3.4e+38 -3.4e+38 -3.4e+38 -3.4e+38 -3.4e+38 -3.4e+38 -3.4e+38 -3.4e+38 -3.4e+38 -3.4e+38 -3.4e+38 -3.4e+38 -3.4e+38 58 58 -3.4e+38 56 55 54 54 53 53 52 52 52 52 52 52 51 51 51 51 51
-3.4e+38 -3.4e+38 -3.4e+38 -3.4e+38 -3.4e+38 -3.4e+38 -3.4e+38 -3.4e+38 -3.4e+38 -3.4e+38 -3.4e+38 -3.4e+38 -3.4e+38 -3.4e+38 -3.4e+38 -3.4e+38 -3.4e+38 -3.4e+38 -3.4e+38 -3.4e+38 -3.4e+38 -3.4e+38 -3.4e+38 -3.4e+38 -3.4e+38 -3.4e+38 -3.4e+38 -3.4e+38 -3.4e+38 -3.4e+38 -3.4e+38 -3.4e+38 -3.4e+38 -3.4e+38 -3.4e+38 -3.4e+38 -3.4e+38 -3.4e+38 -3.4e+38 -3.4e+38 -3.4e+38 -3.4e+38 -3.4e+38 -3.4e+38 -3.4e+38 -3.4e+38 -3.4e+38 -3.4e+38 -3.4e+38 -3.4e+38 -3.4e+38 59 58 57 57 56 55 55 54 54 53 54 53 52 52 52 52 52 52 52
-3.4e+38 -3.4e+38 -3.4e+38 -3.4e+38 -3.4e+38 -3.4e+38 -3.4e+38 -3.4e+38 -3.4e+38 -3.4e+38 -3.4e+38 -3.4e+38 -3.4e+38 -3.4e+38 -3.4e+38 -3.4e+38 -3.4e+38 -3.4e+38 -3.4e+38 -3.4e+38 -3.4e+38 -3.4e+38 -3.4e+38 -3.4e+38 -3.4e+38 -3.4e+38 -3.4e+38 -3.4e+38 -3.4e+38 -3.4e+38 -3.4e+38 -3.4e+38 -3.4e+38 -3.4e+38 -3.4e+38 -3.4e+38 -3.4e+38 -3.4e+38 -3.4e+38 -3.4e+38 -3.4e+38 -3.4e+38 -3.4e+38 -3.4e+38 -3.4e+38 -3.4e+38 -3.4e+38 -3.4e+38 -3.4e+38 -3.4e+38 -3.4e+38 -3.4e+38 -3.4e+38 59 58 58 57 56 55 55 55 55 54 54 54 54 53 53 53 53
-3.4e+38 -3.4e+38 -3.4e+38 -3.4e+38 -3.4e+38 -3.4e+38 -3.4e+38 -3.4e+38 -3.4e+38 -3.4e+38 -3.4e+38 -3.4e+38 -3.4e+38 -3.4e+38 -3.4e+38 -3.4e+38 -3.4e+38 -3.4e+38 -3.4e+38 -3.4e+38 -3.4e+38 -3.4e+38 -3.4e+38 -3.4e+38 -3.4e+38 -3.4e+38 -3.4e+38 -3.4e+38 -3.4e+38 -3.4e+38 -3.4e+38 -3.4e+38 -3.4e+38 -3.4e+38 -3.4e+38 -3.4e+38 -3.4e+38 -3.4e+38 -3.4e+38 -3.4e+38 -3.4e+38 -3.4e+38 -3.4e+38 -3.4e+38 -3.4e+38 -3.4e+38 -3.4e+38 -3.4e+38 -3.4e+38 -3.4e+38 -3.4e+38 -3.4e+38 -3.4e+38 -3.4e+38 59 59 58 58 57 57 57 56 56 56 55 55 55 54 54 54
-3.4e+38 -3.4e+38 -3.4e+38 -3.4e+38 -3.4e+38 -3.4e+38 -3.4e+38 -3.4e+38 -3.4e+38 -3.4e+38 -3.4e+38 -3.4e+38 -3.4e+38 -3.4e+38 -3.4e+38 -3.4e+38 -3.4e+38 -3.4e+38 -3.4e+38 -3.4e+38 -3.4e+38 -3.4e+38 -3.4e+38 -3.4e+38 -3.4e+38 -3.4e+38 -3.4e+38 -3.4e+38 -3.4e+38 -3.4e+38 -3.4e+38 -3.4e+38 -3.4e+38 -3.4e+38 -3.4e+38 -3.4e+38 -3.4e+38 -3.4e+38 -3.4e+38 -3.4e+38 -3.4e+38 -3.4e+38 -3.4e+38 -3.4e+38 -3.4e+38 -3.4e+38 -3.4e+38 -3.4e+38 -3.4e+38 -3.4e+38 -3.4e+38 -3.4e+38 -3.4e+38 -3.4e+38 -3.4e+38 60 60 59 59 59 58 57 57 57 57 56 56 56 55 55
-3.4e+38 -3.4e+38 -3.4e+38 -3.4e+38 -3.4e+38 -3.4e+38 -3.4e+38 -3.4e+38 -3.4e+38 -3.4e+38 -3.4e+38 -3.4e+38 -3.4e+38 -3.4e+38 -3.4e+38 -3.4e+38 -3.4e+38 -3.4e+38 -3.4e+38 -3.4e+38 -3.4e+38 -3.4e+38 -3.4e+38 -3.4e+38 -3.4e+38 -3.4e+38 -3.4e+38 -3.4e+38 -3.4e+38 -3.4e+38 -3.4e+38 -3.4e+38 -3.4e+38 -3.4e+38 -3.4e+38 -3.4e+38 -3.4e+38 -3.4e+38 -3.4e+38 -3.4e+38 -3.4e+38 -3.4e+38 -3.4e+38 -3.4e+38 -3.4e+38 -3.4e+38 -3.4e+38 -3.4e+38 -3.4e+38 -3.4e+38 -3.4e+38 -3.4e+38 -3.4e+38 -3.4e+38 -3.4e+38 -3.4e+38 61 60 60 60 59 59 59 58 58 57 -3.4e+38 57 56 56
-3.4e+38 -3.4e+38 -3.4e+38 -3.4e+38 -3.4e+38 -3.4e+38 -3.4e+38 -3.4e+38 -3.4e+38 -3.4e+38 -3.4e+38 -3.4e+38 -3.4e+38 -3.4e+38 -3.4e+38 -3.4e+38 -3.4e+38 -3.4e+38 -3.4e+38 -3.4e+38 -3.4e+38 -3.4e+38 -3.4e+38 -3.4e+38 -3.4e+38 -3.4e+38 -3.4e+38 -3.4e+38 -3.4e+38 -3.4e+38 -3.4e+38 -3.4e+38 -3.4e+38 -3.4e+38 -3.4e+38 -3.4e+38 -3.4e+38 -3.4e+38 -3.4e+38 -3.4e+38 -3.4e+38 -3.4e+38 -3.4e+38 -3.4e+38 -3.4e+38 -3.4e+38 -3.4e+38 -3.4e+38 -3.4e+38 -3.4e+38 -3.4e+38 -3.4e+38 -3.4e+38 -3.4e+38 -3.4e+38 -3.4e+38 62 61 61 61 61 61 60 60 59 -3.4e+38 58 58 -3.4e+38 -3.4e+38
-3.4e+38 -3.4e+38 -3.4e+38 -3.4e+38 -3.4e+38 -3.4e+38 -3.4e+38 -3.4e+38 -3.4e+38 -3.4e+38 -3.4e+38 -3.4e+38 -3.4e+38 -3.4e+38 -3.4e+38 -3.4e+38 -3.4e+38 -3.4e+38 -3.4e+38 -3.4e+38 -3.4e+38 -3.4e+38 -3.4e+38 -3.4e+38 -3.4e+38 -3.4e+38 -3.4e+38 -3.4e+38 -3.4e+38 -3.4e+38 -3.4e+38 -3.4e+38 -3.4e+38 -3.4e+38 -3.4e+38 -3.4e+38 -3.4e+38 -3.4e+38 -3.4e+38 -3.4e+38 -3.4e+38 -3.4e+38 -3.4e+38 -3.4e+38 -3.4e+38 -3.4e+38 -3.4e+38 -3.4e+38 -3.4e+38 -3.4e+38 -3.4e+38 -3.4e+38 -3.4e+38 -3.4e+38 -3.4e+38 -3.4e+38 63 63 62 62 61 61 61 -3.4e+38 -3.4e+38 59 -3.4e+38 -3.4e+38 -3.4e+38 -3.4e+38
