Demos/Rbased/CrashCourse/data/climate_processing/PresentLayers/bio7.asc
NCOLS 182 
NROWS 155 
XLLCORNER -87.625 
YLLCORNER 24.5416666666667 
CELLSIZE 0.0416666666666666 
NODATA_value -3.4e+38 
[rows 0 to 29 of 155, columns 0 to 68 of 182]
-339999999999999996123846586046231871488.000000000000000 295 295 295 294 294 294 295 295 295 295 294 294 294 294 295 295 296 296 297 297 297 298 298 298 299 299 298 299 298 299 299 299 299 299 299 298 297 298 297 296 296 295 295 294 294 294 294 294 294 294 294 295 296 296 296 297 297 297 298 299 298 299 -3.4e+38 -3.4e+38 -3.4e+38 -3.4e+38 -3.4e+38 -3.4e+38
-3.4e+38 293 293 292 292 293 293 293 293 293 293 293 293 292 294 293 293 294 294 295 295 296 295 295 296 297 296 297 296 297 297 297 297 297 297 297 297 296 296 295 295 295 294 294 294 294 294 294 294 294 295 295 295 295 296 297 297 297 297 298 297 298 297 -3.4e+38 -3.4e+38 -3.4e+38 -3.4e+38 -3.4e+38 -3.4e+38
291 291 291 292 291 291 292 291 292 291 292 292 291 292 291 292 292 292 292 293 292 293 293 293 294 294 295 295 295 296 295 295 295 295 295 295 295 295 294 294 294 294 295 294 294 294 294 293 294 294 295 295 294 295 296 297 297 296 296 296 297 297 297 297 -3.4e+38 -3.4e+38 -3.4e+38 -3.4e+38 -3.4e+38
290 290 290 289 289 290 289 290 290 290 290 291 291 291 291 291 290 290 291 290 290 291 291 292 292 292 292 292 292 293 293 292 294 293 294 294 294 294 294 294 294 294 294 293 293 294 294 293 294 294 294 295 296 296 295 297 296 296 296 296 297 297 297 297 298 -3.4e+38 -3.4e+38 -3.4e+38 -3.4e+38
-3.4e+38 289 287 287 288 288 288 288 289 288 289 290 289 289 289 289 288 289 288 289 289 288 288 289 289 290 289 290 291 291 291 292 292 292 292 293 292 293 293 293 293 293 293 293 293 293 293 293 293 293 294 295 296 296 295 295 296 296 296 295 295 296 297 297 297 -3.4e+38 -3.4e+38 -3.4e+38 -3.4e+38
-3.4e+38 -3.4e+38 286 287 286 286 286 286 287 286 287 287 287 287 287 288 287 286 286 286 286 286 286 287 287 287 288 288 288 288 289 290 289 290 291 291 291 291 291 292 291 291 292 293 292 293 292 293 293 294 295 294 294 295 294 295 296 295 295 295 295 295 296 296 296 -3.4e+38 -3.4e+38 -3.4e+38 -3.4e+38
-3.4e+38 -3.4e+38 -3.4e+38 284 284 284 284 284 284 284 285 286 285 286 286 285 285 285 284 284 283 284 284 284 284 285 285 285 286 286 287 287 288 288 289 289 290 289 290 290 290 290 290 291 291 292 292 292 293 294 294 294 293 294 294 296 295 295 296 295 295 295 295 295 294 295 -3.4e+38 -3.4e+38 -3.4e+38
-3.4e+38 -3.4e+38 -3.4e+38 -3.4e+38 -3.4e+38 281 282 282 282 282 282 282 283 283 284 283 282 282 282 282 282 281 281 281 281 282 283 283 283 284 284 286 285 286 287 287 288 288 288 289 289 289 290 290 290 291 291 291 293 293 293 293 294 294 295 295 295 294 295 295 295 294 294 294 294 294 294 294 293
-3.4e+38 -3.4e+38 -3.4e+38 -3.4e+38 -3.4e+38 -3.4e+38 279 279 279 279 280 280 280 280 281 281 280 279 279 279 279 279 279 279 279 279 280 280 281 282 282 283 284 284 285 286 286 286 287 287 287 288 288 289 289 289 289 290 291 292 292 293 293 294 293 295 295 294 295 294 294 293 293 294 293 294 292 292 292
-3.4e+38 -3.4e+38 -3.4e+38 -3.4e+38 -3.4e+38 277 276 276 276 276 277 277 277 278 278 278 278 277 277 277 276 276 276 276 276 277 278 278 279 280 280 281 281 283 283 283 284 285 285 285 286 286 287 287 288 289 289 290 290 291 291 292 292 293 293 293 293 293 293 294 293 293 293 293 292 292 291 292 291
-3.4e+38 -3.4e+38 -3.4e+38 -3.4e+38 -3.4e+38 274 273 273 273 273 274 -3.4e+38 275 275 275 276 275 274 275 274 274 274 274 274 275 275 275 276 277 277 278 279 280 281 282 282 282 283 283 284 285 285 285 286 287 287 288 289 289 290 291 292 293 292 292 293 293 293 293 292 292 292 293 292 291 291 291 290 290
-3.4e+38 -3.4e+38 -3.4e+38 -3.4e+38 272 271 271 271 271 271 272 -3.4e+38 -3.4e+38 273 -3.4e+38 272 273 272 272 271 272 271 271 271 272 272 273 273 274 275 276 277 278 279 279 279 281 281 281 283 282 284 284 284 285 286 287 287 288 289 291 291 292 292 293 292 293 292 292 292 292 291 291 291 291 290 290 289 289
-3.4e+38 -3.4e+38 -3.4e+38 -3.4e+38 -3.4e+38 268 268 267 268 268 268 -3.4e+38 -3.4e+38 270 -3.4e+38 -3.4e+38 270 270 269 269 269 269 269 269 269 270 271 -3.4e+38 272 273 275 275 -3.4e+38 277 277 278 278 279 279 281 281 282 283 283 283 284 285 286 287 288 290 291 292 292 292 292 291 291 292 291 291 290 290 289 289 289 289 289 289
-3.4e+38 -3.4e+38 -3.4e+38 -3.4e+38 -3.4e+38 -3.4e+38 -3.4e+38 266 265 265 266 -3.4e+38 -3.4e+38 -3.4e+38 -3.4e+38 -3.4e+38 268 267 267 266 267 266 267 266 267 268 -3.4e+38 -3.4e+38 -3.4e+38 -3.4e+38 -3.4e+38 -3.4e+38 -3.4e+38 -3.4e+38 -3.4e+38 277 277 278 278 279 280 280 280 281 282 283 284 285 285 287 288 290 290 291 291 290 291 290 290 289 289 290 289 289 288 288 288 288 288
-3.4e+38 -3.4e+38 -3.4e+38 -3.4e+38 -3.4e+38 264 263 263 263 -3.4e+38 -3.4e+38 -3.4e+38 -3.4e+38 264 265 266 -3.4e+38 -3.4e+38 -3.4e+38 -3.4e+38 -3.4e+38 265 264 -3.4e+38 266 -3.4e+38 -3.4e+38 268 268 269 -3.4e+38 271 272 273 -3.4e+38 -3.4e+38 275 276 276 276 278 278 279 279 280 281 282 283 284 285 286 288 288 290 290 289 289 288 289 288 288 289 288 287 287 287 287 287 286
-3.4e+38 -3.4e+38 -3.4e+38 -3.4e+38 -3.4e+38 262 261 261 262 -3.4e+38 261 -3.4e+38 -3.4e+38 -3.4e+38 263 -3.4e+38 -3.4e+38 -3.4e+38 -3.4e+38 -3.4e+38 -3.4e+38 -3.4e+38 -3.4e+38 -3.4e+38 -3.4e+38 -3.4e+38 -3.4e+38 -3.4e+38 -3.4e+38 -3.4e+38 -3.4e+38 -3.4e+38 -3.4e+38 271 271 271 273 273 274 275 276 276 277 278 278 279 280 281 282 284 285 285 286 287 287 287 288 288 287 287 287 288 287 286 287 286 285 285 286
-3.4e+38 -3.4e+38 -3.4e+38 261 -3.4e+38 -3.4e+38 261 -3.4e+38 -3.4e+38 -3.4e+38 -3.4e+38 -3.4e+38 -3.4e+38 -3.4e+38 -3.4e+38 -3.4e+38 -3.4e+38 -3.4e+38 -3.4e+38 -3.4e+38 -3.4e+38 -3.4e+38 -3.4e+38 -3.4e+38 -3.4e+38 -3.4e+38 -3.4e+38 -3.4e+38 -3.4e+38 -3.4e+38 -3.4e+38 -3.4e+38 -3.4e+38 -3.4e+38 -3.4e+38 -3.4e+38 271 271 272 273 274 274 275 275 277 278 278 279 280 281 281 283 283 285 285 286 286 286 286 286 286 286 286 285 285 285 285 285 285
-3.4e+38 -3.4e+38 -3.4e+38 -3.4e+38 -3.4e+38 -3.4e+38 -3.4e+38 -3.4e+38 -3.4e+38 -3.4e+38 -3.4e+38 -3.4e+38 -3.4e+38 -3.4e+38 -3.4e+38 -3.4e+38 -3.4e+38 -3.4e+38 -3.4e+38 -3.4e+38 -3.4e+38 -3.4e+38 -3.4e+38 -3.4e+38 -3.4e+38 -3.4e+38 -3.4e+38 -3.4e+38 -3.4e+38 -3.4e+38 -3.4e+38 -3.4e+38 -3.4e+38 -3.4e+38 -3.4e+38 -3.4e+38 -3.4e+38 -3.4e+38 -3.4e+38 271 271 272 273 -3.4e+38 -3.4e+38 276 277 277 278 278 279 280 281 282 283 283 283 284 285 285 285 284 284 284 284 283 283 283 283
-3.4e+38 -3.4e+38 -3.4e+38 -3.4e+38 -3.4e+38 -3.4e+38 -3.4e+38 -3.4e+38 -3.4e+38 -3.4e+38 -3.4e+38 -3.4e+38 -3.4e+38 -3.4e+38 -3.4e+38 -3.4e+38 -3.4e+38 -3.4e+38 -3.4e+38 -3.4e+38 -3.4e+38 -3.4e+38 -3.4e+38 -3.4e+38 -3.4e+38 -3.4e+38 -3.4e+38 -3.4e+38 -3.4e+38 -3.4e+38 -3.4e+38 -3.4e+38 -3.4e+38 -3.4e+38 -3.4e+38 -3.4e+38 -3.4e+38 -3.4e+38 -3.4e+38 -3.4e+38 -3.4e+38 271 271 272 273 -3.4e+38 -3.4e+38 274 275 275 276 277 278 280 280 281 282 283 283 283 283 284 283 283 282 282 283 283 283
-3.4e+38 -3.4e+38 -3.4e+38 -3.4e+38 -3.4e+38 -3.4e+38 -3.4e+38 -3.4e+38 -3.4e+38 -3.4e+38 -3.4e+38 -3.4e+38 -3.4e+38 -3.4e+38 -3.4e+38 -3.4e+38 -3.4e+38 -3.4e+38 -3.4e+38 -3.4e+38 -3.4e+38 -3.4e+38 -3.4e+38 -3.4e+38 -3.4e+38 -3.4e+38 -3.4e+38 -3.4e+38 -3.4e+38 -3.4e+38 -3.4e+38 -3.4e+38 -3.4e+38 -3.4e+38 -3.4e+38 -3.4e+38 -3.4e+38 -3.4e+38 -3.4e+38 -3.4e+38 -3.4e+38 -3.4e+38 -3.4e+38 270 270 -3.4e+38 271 271 272 272 273 274 275 277 278 279 280 281 282 281 282 282 282 281 281 282 282 281 281
-3.4e+38 -3.4e+38 -3.4e+38 -3.4e+38 -3.4e+38 -3.4e+38 -3.4e+38 -3.4e+38 -3.4e+38 -3.4e+38 -3.4e+38 -3.4e+38 -3.4e+38 -3.4e+38 -3.4e+38 -3.4e+38 -3.4e+38 -3.4e+38 -3.4e+38 -3.4e+38 -3.4e+38 -3.4e+38 -3.4e+38 -3.4e+38 -3.4e+38 -3.4e+38 -3.4e+38 -3.4e+38 -3.4e+38 -3.4e+38 -3.4e+38 -3.4e+38 -3.4e+38 -3.4e+38 -3.4e+38 -3.4e+38 -3.4e+38 -3.4e+38 -3.4e+38 -3.4e+38 -3.4e+38 -3.4e+38 -3.4e+38 -3.4e+38 -3.4e+38 268 -3.4e+38 269 268 269 269 271 273 274 276 277 279 280 280 280 280 280 280 280 280 279 279 279 280
-3.4e+38 -3.4e+38 -3.4e+38 -3.4e+38 -3.4e+38 -3.4e+38 -3.4e+38 -3.4e+38 -3.4e+38 -3.4e+38 -3.4e+38 -3.4e+38 -3.4e+38 -3.4e+38 -3.4e+38 -3.4e+38 -3.4e+38 -3.4e+38 -3.4e+38 -3.4e+38 -3.4e+38 -3.4e+38 -3.4e+38 -3.4e+38 -3.4e+38 -3.4e+38 -3.4e+38 -3.4e+38 -3.4e+38 -3.4e+38 -3.4e+38 -3.4e+38 -3.4e+38 -3.4e+38 -3.4e+38 -3.4e+38 -3.4e+38 -3.4e+38 -3.4e+38 -3.4e+38 -3.4e+38 -3.4e+38 -3.4e+38 -3.4e+38 -3.4e+38 -3.4e+38 -3.4e+38 265 -3.4e+38 -3.4e+38 268 268 270 271 273 274 276 277 278 278 278 278 278 278 278 277 279 278 278
-3.4e+38 -3.4e+38 -3.4e+38 -3.4e+38 -3.4e+38 -3.4e+38 -3.4e+38 -3.4e+38 -3.4e+38 -3.4e+38 -3.4e+38 -3.4e+38 -3.4e+38 -3.4e+38 -3.4e+38 -3.4e+38 -3.4e+38 -3.4e+38 -3.4e+38 -3.4e+38 -3.4e+38 -3.4e+38 -3.4e+38 -3.4e+38 -3.4e+38 -3.4e+38 -3.4e+38 -3.4e+38 -3.4e+38 -3.4e+38 -3.4e+38 -3.4e+38 -3.4e+38 -3.4e+38 -3.4e+38 -3.4e+38 -3.4e+38 -3.4e+38 -3.4e+38 -3.4e+38 -3.4e+38 -3.4e+38 -3.4e+38 -3.4e+38 -3.4e+38 -3.4e+38 -3.4e+38 -3.4e+38 262 261 -3.4e+38 266 -3.4e+38 270 271 272 274 275 275 275 275 275 276 276 276 276 276 276 277
-3.4e+38 -3.4e+38 -3.4e+38 -3.4e+38 -3.4e+38 -3.4e+38 -3.4e+38 -3.4e+38 -3.4e+38 -3.4e+38 -3.4e+38 -3.4e+38 -3.4e+38 -3.4e+38 -3.4e+38 -3.4e+38 -3.4e+38 -3.4e+38 -3.4e+38 -3.4e+38 -3.4e+38 -3.4e+38 -3.4e+38 -3.4e+38 -3.4e+38 -3.4e+38 -3.4e+38 -3.4e+38 -3.4e+38 -3.4e+38 -3.4e+38 -3.4e+38 -3.4e+38 -3.4e+38 -3.4e+38 -3.4e+38 -3.4e+38 -3.4e+38 -3.4e+38 -3.4e+38 -3.4e+38 -3.4e+38 -3.4e+38 -3.4e+38 -3.4e+38 -3.4e+38 -3.4e+38 -3.4e+38 -3.4e+38 -3.4e+38 262 263 -3.4e+38 267 269 270 271 272 273 274 273 273 273 273 273 275 275 275 275
-3.4e+38 -3.4e+38 -3.4e+38 -3.4e+38 -3.4e+38 -3.4e+38 -3.4e+38 -3.4e+38 -3.4e+38 -3.4e+38 -3.4e+38 -3.4e+38 -3.4e+38 -3.4e+38 -3.4e+38 -3.4e+38 -3.4e+38 -3.4e+38 -3.4e+38 -3.4e+38 -3.4e+38 -3.4e+38 -3.4e+38 -3.4e+38 -3.4e+38 -3.4e+38 -3.4e+38 -3.4e+38 -3.4e+38 -3.4e+38 -3.4e+38 -3.4e+38 -3.4e+38 -3.4e+38 -3.4e+38 -3.4e+38 -3.4e+38 -3.4e+38 -3.4e+38 -3.4e+38 -3.4e+38 -3.4e+38 -3.4e+38 -3.4e+38 -3.4e+38 -3.4e+38 -3.4e+38 -3.4e+38 -3.4e+38 -3.4e+38 -3.4e+38 262 263 265 266 267 269 269 270 271 272 271 272 272 273 273 273 273 273
-3.4e+38 -3.4e+38 -3.4e+38 -3.4e+38 -3.4e+38 -3.4e+38 -3.4e+38 -3.4e+38 -3.4e+38 -3.4e+38 -3.4e+38 -3.4e+38 -3.4e+38 -3.4e+38 -3.4e+38 -3.4e+38 -3.4e+38 -3.4e+38 -3.4e+38 -3.4e+38 -3.4e+38 -3.4e+38 -3.4e+38 -3.4e+38 -3.4e+38 -3.4e+38 -3.4e+38 -3.4e+38 -3.4e+38 -3.4e+38 -3.4e+38 -3.4e+38 -3.4e+38 -3.4e+38 -3.4e+38 -3.4e+38 -3.4e+38 -3.4e+38 -3.4e+38 -3.4e+38 -3.4e+38 -3.4e+38 -3.4e+38 -3.4e+38 -3.4e+38 -3.4e+38 -3.4e+38 -3.4e+38 -3.4e+38 -3.4e+38 -3.4e+38 -3.4e+38 -3.4e+38 263 264 265 266 267 269 269 269 269 270 270 270 270 271 272 272
-3.4e+38 -3.4e+38 -3.4e+38 -3.4e+38 -3.4e+38 -3.4e+38 -3.4e+38 -3.4e+38 -3.4e+38 -3.4e+38 -3.4e+38 -3.4e+38 -3.4e+38 -3.4e+38 -3.4e+38 -3.4e+38 -3.4e+38 -3.4e+38 -3.4e+38 -3.4e+38 -3.4e+38 -3.4e+38 -3.4e+38 -3.4e+38 -3.4e+38 -3.4e+38 -3.4e+38 -3.4e+38 -3.4e+38 -3.4e+38 -3.4e+38 -3.4e+38 -3.4e+38 -3.4e+38 -3.4e+38 -3.4e+38 -3.4e+38 -3.4e+38 -3.4e+38 -3.4e+38 -3.4e+38 -3.4e+38 -3.4e+38 -3.4e+38 -3.4e+38 -3.4e+38 -3.4e+38 -3.4e+38 -3.4e+38 -3.4e+38 -3.4e+38 -3.4e+38 -3.4e+38 -3.4e+38 263 263 264 264 266 266 266 267 267 267 268 269 269 270 270
-3.4e+38 -3.4e+38 -3.4e+38 -3.4e+38 -3.4e+38 -3.4e+38 -3.4e+38 -3.4e+38 -3.4e+38 -3.4e+38 -3.4e+38 -3.4e+38 -3.4e+38 -3.4e+38 -3.4e+38 -3.4e+38 -3.4e+38 -3.4e+38 -3.4e+38 -3.4e+38 -3.4e+38 -3.4e+38 -3.4e+38 -3.4e+38 -3.4e+38 -3.4e+38 -3.4e+38 -3.4e+38 -3.4e+38 -3.4e+38 -3.4e+38 -3.4e+38 -3.4e+38 -3.4e+38 -3.4e+38 -3.4e+38 -3.4e+38 -3.4e+38 -3.4e+38 -3.4e+38 -3.4e+38 -3.4e+38 -3.4e+38 -3.4e+38 -3.4e+38 -3.4e+38 -3.4e+38 -3.4e+38 -3.4e+38 -3.4e+38 -3.4e+38 -3.4e+38 -3.4e+38 -3.4e+38 -3.4e+38 261 262 262 263 263 264 265 265 265 266 267 267 268 269
-3.4e+38 -3.4e+38 -3.4e+38 -3.4e+38 -3.4e+38 -3.4e+38 -3.4e+38 -3.4e+38 -3.4e+38 -3.4e+38 -3.4e+38 -3.4e+38 -3.4e+38 -3.4e+38 -3.4e+38 -3.4e+38 -3.4e+38 -3.4e+38 -3.4e+38 -3.4e+38 -3.4e+38 -3.4e+38 -3.4e+38 -3.4e+38 -3.4e+38 -3.4e+38 -3.4e+38 -3.4e+38 -3.4e+38 -3.4e+38 -3.4e+38 -3.4e+38 -3.4e+38 -3.4e+38 -3.4e+38 -3.4e+38 -3.4e+38 -3.4e+38 -3.4e+38 -3.4e+38 -3.4e+38 -3.4e+38 -3.4e+38 -3.4e+38 -3.4e+38 -3.4e+38 -3.4e+38 -3.4e+38 -3.4e+38 -3.4e+38 -3.4e+38 -3.4e+38 -3.4e+38 -3.4e+38 -3.4e+38 -3.4e+38 260 261 261 261 262 262 262 263 264 265 -3.4e+38 266 267
-3.4e+38 -3.4e+38 -3.4e+38 -3.4e+38 -3.4e+38 -3.4e+38 -3.4e+38 -3.4e+38 -3.4e+38 -3.4e+38 -3.4e+38 -3.4e+38 -3.4e+38 -3.4e+38 -3.4e+38 -3.4e+38 -3.4e+38 -3.4e+38 -3.4e+38 -3.4e+38 -3.4e+38 -3.4e+38 -3.4e+38 -3.4e+38 -3.4e+38 -3.4e+38 -3.4e+38 -3.4e+38 -3.4e+38 -3.4e+38 -3.4e+38 -3.4e+38 -3.4e+38 -3.4e+38 -3.4e+38 -3.4e+38 -3.4e+38 -3.4e+38 -3.4e+38 -3.4e+38 -3.4e+38 -3.4e+38 -3.4e+38 -3.4e+38 -3.4e+38 -3.4e+38 -3.4e+38 -3.4e+38 -3.4e+38 -3.4e+38 -3.4e+38 -3.4e+38 -3.4e+38 -3.4e+38 -3.4e+38 -3.4e+38 258 259 259 260 259 259 260 261 262 -3.4e+38 264 264 -3.4e+38
