Demos/Rbased/CrashCourse/data/climate_processing/PresentLayers/bio9.asc
NCOLS 182 
NROWS 155 
XLLCORNER -87.625 
YLLCORNER 24.5416666666667 
CELLSIZE 0.0416666666666666 
NODATA_value -3.4e+38 
[rows 0 to 29 of 155, columns 0 to 68 of 182]
-339999999999999996123846586046231871488.000000000000000 194 194 193 193 193 193 192 194 194 193 145 145 144 144 144 144 144 144 144 144 145 144 144 144 145 144 144 144 144 144 144 145 145 146 146 147 148 148 148 148 148 149 149 148 196 196 196 196 196 196 197 197 197 197 198 198 198 198 198 199 199 199 -3.4e+38 -3.4e+38 -3.4e+38 -3.4e+38 -3.4e+38 -3.4e+38
-3.4e+38 194 149 148 148 148 148 148 149 148 147 146 146 145 145 146 146 145 145 145 145 146 145 145 146 146 145 145 145 145 145 145 145 145 146 146 147 148 148 148 149 149 150 149 149 150 150 196 196 196 197 197 197 197 198 198 198 198 198 198 199 199 200 -3.4e+38 -3.4e+38 -3.4e+38 -3.4e+38 -3.4e+38 -3.4e+38
150 150 150 149 149 149 149 150 150 148 147 147 148 147 146 147 147 147 146 146 146 147 146 146 147 147 146 146 146 146 146 146 146 147 147 147 147 147 148 150 150 150 150 150 150 150 150 150 150 197 197 197 197 197 198 198 198 199 199 198 199 200 200 200 -3.4e+38 -3.4e+38 -3.4e+38 -3.4e+38 -3.4e+38
152 151 150 150 150 150 150 151 151 149 149 149 149 149 148 148 148 148 148 147 147 147 147 147 148 147 146 147 147 148 147 147 148 148 148 148 148 148 149 149 150 150 151 151 151 150 151 150 150 151 150 151 197 198 152 198 152 152 153 153 153 153 154 154 155 -3.4e+38 -3.4e+38 -3.4e+38 -3.4e+38
-3.4e+38 152 151 151 151 152 152 153 152 151 150 150 150 151 150 149 149 149 148 148 149 148 147 148 148 147 147 148 148 148 148 148 148 148 149 149 149 150 150 150 151 151 151 151 151 151 151 151 151 152 151 151 151 151 152 152 152 153 153 153 154 154 155 155 155 -3.4e+38 -3.4e+38 -3.4e+38 -3.4e+38
-3.4e+38 -3.4e+38 153 153 153 152 152 154 153 152 151 151 151 151 151 151 150 151 150 150 149 148 148 149 149 148 149 149 149 149 149 149 149 149 149 150 150 151 151 151 152 152 152 152 152 152 151 152 152 152 151 151 151 151 152 152 152 153 153 153 154 154 154 155 156 -3.4e+38 -3.4e+38 -3.4e+38 -3.4e+38
-3.4e+38 -3.4e+38 -3.4e+38 154 154 153 153 154 154 153 152 152 152 152 152 152 151 152 151 151 150 149 150 151 150 150 150 150 150 149 149 149 149 150 150 150 151 151 151 152 153 152 153 153 153 153 152 152 153 152 151 151 152 152 152 153 153 154 154 154 154 154 154 154 154 156 -3.4e+38 -3.4e+38 -3.4e+38
-3.4e+38 -3.4e+38 -3.4e+38 -3.4e+38 -3.4e+38 155 154 154 155 154 153 154 153 152 153 154 153 153 152 151 151 152 152 152 151 151 151 151 151 151 150 150 150 151 152 152 152 152 152 152 153 153 153 153 153 153 153 153 153 153 152 152 152 152 153 153 154 154 154 155 155 154 154 155 155 156 156 155 154
-3.4e+38 -3.4e+38 -3.4e+38 -3.4e+38 -3.4e+38 -3.4e+38 155 155 156 156 155 154 154 154 155 154 153 153 153 153 153 152 152 152 151 151 151 151 151 151 151 151 151 152 152 153 152 153 153 153 154 154 154 154 153 154 154 153 153 153 153 153 152 152 153 153 153 154 155 155 155 155 155 155 155 156 156 154 154
-3.4e+38 -3.4e+38 -3.4e+38 -3.4e+38 -3.4e+38 157 156 156 156 157 156 155 155 156 156 155 155 155 155 154 153 152 152 152 151 152 152 152 152 152 153 152 152 153 153 153 153 153 154 154 154 154 154 155 154 154 153 153 153 153 153 152 152 152 152 153 154 154 155 155 154 155 156 156 156 156 155 155 155
-3.4e+38 -3.4e+38 -3.4e+38 -3.4e+38 -3.4e+38 157 157 157 156 158 158 -3.4e+38 157 157 157 157 156 155 155 154 153 153 153 153 152 153 153 153 153 153 154 154 154 154 154 154 154 154 154 154 154 155 155 154 154 154 154 154 154 153 153 153 153 153 154 154 155 155 156 155 155 156 156 157 156 155 155 155 155
-3.4e+38 -3.4e+38 -3.4e+38 -3.4e+38 158 158 158 158 157 158 158 -3.4e+38 -3.4e+38 158 -3.4e+38 157 156 155 155 155 154 154 154 154 154 154 154 155 154 155 154 155 155 155 155 155 155 155 155 155 155 156 156 155 155 154 155 154 155 155 155 154 154 154 154 154 155 156 156 156 156 157 157 157 156 155 156 156 156
-3.4e+38 -3.4e+38 -3.4e+38 -3.4e+38 -3.4e+38 159 159 159 159 159 159 -3.4e+38 -3.4e+38 159 -3.4e+38 -3.4e+38 158 157 156 156 156 156 156 155 155 155 156 -3.4e+38 156 156 155 156 -3.4e+38 156 157 156 156 156 156 156 156 156 156 156 155 156 155 156 156 155 156 155 155 155 155 156 155 156 157 157 157 157 158 157 156 156 157 157 157
-3.4e+38 -3.4e+38 -3.4e+38 -3.4e+38 -3.4e+38 -3.4e+38 -3.4e+38 160 160 160 160 -3.4e+38 -3.4e+38 -3.4e+38 -3.4e+38 -3.4e+38 159 158 157 157 157 123 123 123 123 123 -3.4e+38 -3.4e+38 -3.4e+38 -3.4e+38 -3.4e+38 -3.4e+38 -3.4e+38 -3.4e+38 -3.4e+38 157 157 157 157 157 157 157 156 156 156 156 156 156 156 156 156 156 156 156 156 156 156 157 158 158 158 158 159 157 157 157 157 158 157
-3.4e+38 -3.4e+38 -3.4e+38 -3.4e+38 -3.4e+38 161 161 161 161 -3.4e+38 -3.4e+38 -3.4e+38 -3.4e+38 160 160 159 -3.4e+38 -3.4e+38 -3.4e+38 -3.4e+38 -3.4e+38 124 124 -3.4e+38 124 -3.4e+38 -3.4e+38 124 158 158 -3.4e+38 157 158 158 -3.4e+38 -3.4e+38 158 157 158 158 158 157 157 157 157 157 157 157 157 157 157 157 157 157 157 157 158 158 158 158 158 159 159 158 158 158 158 158 159
-3.4e+38 -3.4e+38 -3.4e+38 -3.4e+38 -3.4e+38 161 161 161 161 -3.4e+38 161 -3.4e+38 -3.4e+38 -3.4e+38 161 -3.4e+38 -3.4e+38 -3.4e+38 -3.4e+38 -3.4e+38 -3.4e+38 -3.4e+38 -3.4e+38 -3.4e+38 -3.4e+38 -3.4e+38 -3.4e+38 -3.4e+38 -3.4e+38 -3.4e+38 -3.4e+38 -3.4e+38 -3.4e+38 158 158 158 158 158 158 158 158 158 158 158 158 158 158 158 158 158 158 158 158 158 158 158 158 159 159 159 159 160 159 158 159 159 159 159 160
-3.4e+38 -3.4e+38 -3.4e+38 162 -3.4e+38 -3.4e+38 162 -3.4e+38 -3.4e+38 -3.4e+38 -3.4e+38 -3.4e+38 -3.4e+38 -3.4e+38 -3.4e+38 -3.4e+38 -3.4e+38 -3.4e+38 -3.4e+38 -3.4e+38 -3.4e+38 -3.4e+38 -3.4e+38 -3.4e+38 -3.4e+38 -3.4e+38 -3.4e+38 -3.4e+38 -3.4e+38 -3.4e+38 -3.4e+38 -3.4e+38 -3.4e+38 -3.4e+38 -3.4e+38 -3.4e+38 159 159 159 159 159 159 159 159 159 159 159 159 159 159 159 159 159 159 159 159 159 160 160 160 160 160 160 160 160 160 159 160 160
-3.4e+38 -3.4e+38 -3.4e+38 -3.4e+38 -3.4e+38 -3.4e+38 -3.4e+38 -3.4e+38 -3.4e+38 -3.4e+38 -3.4e+38 -3.4e+38 -3.4e+38 -3.4e+38 -3.4e+38 -3.4e+38 -3.4e+38 -3.4e+38 -3.4e+38 -3.4e+38 -3.4e+38 -3.4e+38 -3.4e+38 -3.4e+38 -3.4e+38 -3.4e+38 -3.4e+38 -3.4e+38 -3.4e+38 -3.4e+38 -3.4e+38 -3.4e+38 -3.4e+38 -3.4e+38 -3.4e+38 -3.4e+38 -3.4e+38 -3.4e+38 -3.4e+38 159 160 160 160 -3.4e+38 -3.4e+38 160 159 160 160 160 160 160 160 160 160 160 160 160 160 160 161 161 161 161 160 160 160 160 161
-3.4e+38 -3.4e+38 -3.4e+38 -3.4e+38 -3.4e+38 -3.4e+38 -3.4e+38 -3.4e+38 -3.4e+38 -3.4e+38 -3.4e+38 -3.4e+38 -3.4e+38 -3.4e+38 -3.4e+38 -3.4e+38 -3.4e+38 -3.4e+38 -3.4e+38 -3.4e+38 -3.4e+38 -3.4e+38 -3.4e+38 -3.4e+38 -3.4e+38 -3.4e+38 -3.4e+38 -3.4e+38 -3.4e+38 -3.4e+38 -3.4e+38 -3.4e+38 -3.4e+38 -3.4e+38 -3.4e+38 -3.4e+38 -3.4e+38 -3.4e+38 -3.4e+38 -3.4e+38 -3.4e+38 160 160 161 161 -3.4e+38 -3.4e+38 161 161 160 161 161 161 161 161 161 160 161 162 161 162 161 161 161 161 161 161 161 161
-3.4e+38 -3.4e+38 -3.4e+38 -3.4e+38 -3.4e+38 -3.4e+38 -3.4e+38 -3.4e+38 -3.4e+38 -3.4e+38 -3.4e+38 -3.4e+38 -3.4e+38 -3.4e+38 -3.4e+38 -3.4e+38 -3.4e+38 -3.4e+38 -3.4e+38 -3.4e+38 -3.4e+38 -3.4e+38 -3.4e+38 -3.4e+38 -3.4e+38 -3.4e+38 -3.4e+38 -3.4e+38 -3.4e+38 -3.4e+38 -3.4e+38 -3.4e+38 -3.4e+38 -3.4e+38 -3.4e+38 -3.4e+38 -3.4e+38 -3.4e+38 -3.4e+38 -3.4e+38 -3.4e+38 -3.4e+38 -3.4e+38 161 162 -3.4e+38 161 161 161 162 161 161 162 162 162 161 161 162 162 162 162 162 162 162 162 162 162 162 162
-3.4e+38 -3.4e+38 -3.4e+38 -3.4e+38 -3.4e+38 -3.4e+38 -3.4e+38 -3.4e+38 -3.4e+38 -3.4e+38 -3.4e+38 -3.4e+38 -3.4e+38 -3.4e+38 -3.4e+38 -3.4e+38 -3.4e+38 -3.4e+38 -3.4e+38 -3.4e+38 -3.4e+38 -3.4e+38 -3.4e+38 -3.4e+38 -3.4e+38 -3.4e+38 -3.4e+38 -3.4e+38 -3.4e+38 -3.4e+38 -3.4e+38 -3.4e+38 -3.4e+38 -3.4e+38 -3.4e+38 -3.4e+38 -3.4e+38 -3.4e+38 -3.4e+38 -3.4e+38 -3.4e+38 -3.4e+38 -3.4e+38 -3.4e+38 -3.4e+38 162 -3.4e+38 162 162 162 162 162 162 163 162 162 162 162 163 163 163 163 162 162 162 162 162 162 162
-3.4e+38 -3.4e+38 -3.4e+38 -3.4e+38 -3.4e+38 -3.4e+38 -3.4e+38 -3.4e+38 -3.4e+38 -3.4e+38 -3.4e+38 -3.4e+38 -3.4e+38 -3.4e+38 -3.4e+38 -3.4e+38 -3.4e+38 -3.4e+38 -3.4e+38 -3.4e+38 -3.4e+38 -3.4e+38 -3.4e+38 -3.4e+38 -3.4e+38 -3.4e+38 -3.4e+38 -3.4e+38 -3.4e+38 -3.4e+38 -3.4e+38 -3.4e+38 -3.4e+38 -3.4e+38 -3.4e+38 -3.4e+38 -3.4e+38 -3.4e+38 -3.4e+38 -3.4e+38 -3.4e+38 -3.4e+38 -3.4e+38 -3.4e+38 -3.4e+38 -3.4e+38 -3.4e+38 163 -3.4e+38 -3.4e+38 164 164 163 164 163 163 163 164 164 163 164 163 164 164 163 163 163 163 163
-3.4e+38 -3.4e+38 -3.4e+38 -3.4e+38 -3.4e+38 -3.4e+38 -3.4e+38 -3.4e+38 -3.4e+38 -3.4e+38 -3.4e+38 -3.4e+38 -3.4e+38 -3.4e+38 -3.4e+38 -3.4e+38 -3.4e+38 -3.4e+38 -3.4e+38 -3.4e+38 -3.4e+38 -3.4e+38 -3.4e+38 -3.4e+38 -3.4e+38 -3.4e+38 -3.4e+38 -3.4e+38 -3.4e+38 -3.4e+38 -3.4e+38 -3.4e+38 -3.4e+38 -3.4e+38 -3.4e+38 -3.4e+38 -3.4e+38 -3.4e+38 -3.4e+38 -3.4e+38 -3.4e+38 -3.4e+38 -3.4e+38 -3.4e+38 -3.4e+38 -3.4e+38 -3.4e+38 -3.4e+38 164 164 -3.4e+38 164 -3.4e+38 164 164 164 164 164 164 164 164 164 164 164 163 163 164 164 164
-3.4e+38 -3.4e+38 -3.4e+38 -3.4e+38 -3.4e+38 -3.4e+38 -3.4e+38 -3.4e+38 -3.4e+38 -3.4e+38 -3.4e+38 -3.4e+38 -3.4e+38 -3.4e+38 -3.4e+38 -3.4e+38 -3.4e+38 -3.4e+38 -3.4e+38 -3.4e+38 -3.4e+38 -3.4e+38 -3.4e+38 -3.4e+38 -3.4e+38 -3.4e+38 -3.4e+38 -3.4e+38 -3.4e+38 -3.4e+38 -3.4e+38 -3.4e+38 -3.4e+38 -3.4e+38 -3.4e+38 -3.4e+38 -3.4e+38 -3.4e+38 -3.4e+38 -3.4e+38 -3.4e+38 -3.4e+38 -3.4e+38 -3.4e+38 -3.4e+38 -3.4e+38 -3.4e+38 -3.4e+38 -3.4e+38 -3.4e+38 165 165 -3.4e+38 165 165 165 164 164 165 164 165 164 165 165 165 165 164 164 164
-3.4e+38 -3.4e+38 -3.4e+38 -3.4e+38 -3.4e+38 -3.4e+38 -3.4e+38 -3.4e+38 -3.4e+38 -3.4e+38 -3.4e+38 -3.4e+38 -3.4e+38 -3.4e+38 -3.4e+38 -3.4e+38 -3.4e+38 -3.4e+38 -3.4e+38 -3.4e+38 -3.4e+38 -3.4e+38 -3.4e+38 -3.4e+38 -3.4e+38 -3.4e+38 -3.4e+38 -3.4e+38 -3.4e+38 -3.4e+38 -3.4e+38 -3.4e+38 -3.4e+38 -3.4e+38 -3.4e+38 -3.4e+38 -3.4e+38 -3.4e+38 -3.4e+38 -3.4e+38 -3.4e+38 -3.4e+38 -3.4e+38 -3.4e+38 -3.4e+38 -3.4e+38 -3.4e+38 -3.4e+38 -3.4e+38 -3.4e+38 -3.4e+38 166 165 165 165 165 165 165 165 165 165 165 165 165 165 164 164 165 165
-3.4e+38 -3.4e+38 -3.4e+38 -3.4e+38 -3.4e+38 -3.4e+38 -3.4e+38 -3.4e+38 -3.4e+38 -3.4e+38 -3.4e+38 -3.4e+38 -3.4e+38 -3.4e+38 -3.4e+38 -3.4e+38 -3.4e+38 -3.4e+38 -3.4e+38 -3.4e+38 -3.4e+38 -3.4e+38 -3.4e+38 -3.4e+38 -3.4e+38 -3.4e+38 -3.4e+38 -3.4e+38 -3.4e+38 -3.4e+38 -3.4e+38 -3.4e+38 -3.4e+38 -3.4e+38 -3.4e+38 -3.4e+38 -3.4e+38 -3.4e+38 -3.4e+38 -3.4e+38 -3.4e+38 -3.4e+38 -3.4e+38 -3.4e+38 -3.4e+38 -3.4e+38 -3.4e+38 -3.4e+38 -3.4e+38 -3.4e+38 -3.4e+38 -3.4e+38 -3.4e+38 166 166 166 166 166 166 165 165 166 165 165 165 166 166 165 165
-3.4e+38 -3.4e+38 -3.4e+38 -3.4e+38 -3.4e+38 -3.4e+38 -3.4e+38 -3.4e+38 -3.4e+38 -3.4e+38 -3.4e+38 -3.4e+38 -3.4e+38 -3.4e+38 -3.4e+38 -3.4e+38 -3.4e+38 -3.4e+38 -3.4e+38 -3.4e+38 -3.4e+38 -3.4e+38 -3.4e+38 -3.4e+38 -3.4e+38 -3.4e+38 -3.4e+38 -3.4e+38 -3.4e+38 -3.4e+38 -3.4e+38 -3.4e+38 -3.4e+38 -3.4e+38 -3.4e+38 -3.4e+38 -3.4e+38 -3.4e+38 -3.4e+38 -3.4e+38 -3.4e+38 -3.4e+38 -3.4e+38 -3.4e+38 -3.4e+38 -3.4e+38 -3.4e+38 -3.4e+38 -3.4e+38 -3.4e+38 -3.4e+38 -3.4e+38 -3.4e+38 -3.4e+38 166 166 166 166 166 166 166 166 166 166 166 166 166 166 166
-3.4e+38 -3.4e+38 -3.4e+38 -3.4e+38 -3.4e+38 -3.4e+38 -3.4e+38 -3.4e+38 -3.4e+38 -3.4e+38 -3.4e+38 -3.4e+38 -3.4e+38 -3.4e+38 -3.4e+38 -3.4e+38 -3.4e+38 -3.4e+38 -3.4e+38 -3.4e+38 -3.4e+38 -3.4e+38 -3.4e+38 -3.4e+38 -3.4e+38 -3.4e+38 -3.4e+38 -3.4e+38 -3.4e+38 -3.4e+38 -3.4e+38 -3.4e+38 -3.4e+38 -3.4e+38 -3.4e+38 -3.4e+38 -3.4e+38 -3.4e+38 -3.4e+38 -3.4e+38 -3.4e+38 -3.4e+38 -3.4e+38 -3.4e+38 -3.4e+38 -3.4e+38 -3.4e+38 -3.4e+38 -3.4e+38 -3.4e+38 -3.4e+38 -3.4e+38 -3.4e+38 -3.4e+38 -3.4e+38 167 167 167 167 167 166 166 166 166 166 166 166 166 166
-3.4e+38 -3.4e+38 -3.4e+38 -3.4e+38 -3.4e+38 -3.4e+38 -3.4e+38 -3.4e+38 -3.4e+38 -3.4e+38 -3.4e+38 -3.4e+38 -3.4e+38 -3.4e+38 -3.4e+38 -3.4e+38 -3.4e+38 -3.4e+38 -3.4e+38 -3.4e+38 -3.4e+38 -3.4e+38 -3.4e+38 -3.4e+38 -3.4e+38 -3.4e+38 -3.4e+38 -3.4e+38 -3.4e+38 -3.4e+38 -3.4e+38 -3.4e+38 -3.4e+38 -3.4e+38 -3.4e+38 -3.4e+38 -3.4e+38 -3.4e+38 -3.4e+38 -3.4e+38 -3.4e+38 -3.4e+38 -3.4e+38 -3.4e+38 -3.4e+38 -3.4e+38 -3.4e+38 -3.4e+38 -3.4e+38 -3.4e+38 -3.4e+38 -3.4e+38 -3.4e+38 -3.4e+38 -3.4e+38 -3.4e+38 167 167 167 168 167 167 166 167 167 167 -3.4e+38 167 168
-3.4e+38 -3.4e+38 -3.4e+38 -3.4e+38 -3.4e+38 -3.4e+38 -3.4e+38 -3.4e+38 -3.4e+38 -3.4e+38 -3.4e+38 -3.4e+38 -3.4e+38 -3.4e+38 -3.4e+38 -3.4e+38 -3.4e+38 -3.4e+38 -3.4e+38 -3.4e+38 -3.4e+38 -3.4e+38 -3.4e+38 -3.4e+38 -3.4e+38 -3.4e+38 -3.4e+38 -3.4e+38 -3.4e+38 -3.4e+38 -3.4e+38 -3.4e+38 -3.4e+38 -3.4e+38 -3.4e+38 -3.4e+38 -3.4e+38 -3.4e+38 -3.4e+38 -3.4e+38 -3.4e+38 -3.4e+38 -3.4e+38 -3.4e+38 -3.4e+38 -3.4e+38 -3.4e+38 -3.4e+38 -3.4e+38 -3.4e+38 -3.4e+38 -3.4e+38 -3.4e+38 -3.4e+38 -3.4e+38 -3.4e+38 168 168 168 168 167 167 168 168 168 -3.4e+38 167 167 -3.4e+38
